Name	C0	C1	C2	C3	C4	C5	C6
TBK1	0.26662419266101955	0.4553175657796455	0.0023385917513425365	0.9066100842499563	0.21615139432968225	0.6458704919857339	0.27102688823223703
ATG10	0.06332816829646484	0.13043128210448054	0.03750167723397749	0.11759996247430594	0.08561994957954897	0.07957661595678325	0.09784017036812115
RNF31	0.6855896003920432	0.2869202145710051	0.9606470892244561	3.936690438969264e-08	0.45309185916515005	0.23714012177956167	0.4565663353373379
UBE2N	0.3489729021089926	0.943961696511361	0.3909382655728109	0.8721110898219242	0.5391082863290017	0.6359726923966191	0.778362506572421
CHMP3	0.5766193498287018	0.30627564427244197	0.7167955068563401	0.768424810831266	0.5358977433608875	0.9251136912588519	0.45941139262951575
TRAF2	0.3190193880549433	0.5259604579559358	0.7728426976943565	0.07462165502649325	1.6176963221776004e-05	0.27356855897034077	0.44175704649777797
SCAF4	0.46183895734745006	0.43898529188704155	0.6706904884342435	0.2266821919140861	0.5732035451295376	0.07755380825277738	0.736165769050336
STUB1	1.0034105936929132	0.9008499417638466	0.7880035079036769	0.5478476576887483	0.8050240410274111	0.7780267740279525	0.4677653375263163
BCL2L1	0.5485390321318998	0.5089918830733372	1.106767624220689	1.095416612399118	0.556130910033605	1.081824173337578	0.5426756875917319
PSMG1	0.1364504051214924	1.27411467807785	0.24034664514337917	0.7924915983014236	0.5083516611823484	0.4752817994038607	0.5005785822503773
EPG5	0.16036053916217857	9.054426576489849e-18	4.755944806500569e-21	0.12110086209546696	0.22528220679376204	0.6188823383306772	0.2025502447422164
ITGB5	0.8074390644087547	0.7034483583413103	1.0172563091604463	2.5014983482841677e-06	0.3428445636406613	1.5989555373906936	2.6839868866363423e-21
DICER1	0.21307316525052936	0.028207118162842278	0.4928495027746844	0.5525498338450981	0.39214268561714033	0.12257527086572267	0.5582800101062736
MCL1	0.784763090523705	0.8697757723779628	1.0204963895473116	0.8792403888219271	0.8302227684290772	1.0358095808798382	0.910070139316883
XYLT2	0.6677218931393061	0.14933146478761924	0.5454204745297315	0.00016032268239502353	0.5357235877404741	0.6260941765632109	1.4490267941088283e-07
IPPK	0.3369144360408161	0.2875685678831556	0.39158823491311495	0.15761078118618183	0.16864974421390697	0.18798161491288742	0.2313169320193425
PCBP2	0.8299795090767328	0.9939116355178976	1.0038388382503727	0.86825328165288	0.9015177440760366	0.8581706796502585	0.9571838932324175
PTPN2	6.132831408040134e-14	0.5821748130743977	0.6822501566882025	0.7051875259127152	0.2730118763791859	0.26561661235517425	0.3906003878279695
VPS13A	0.0397932539559531	2.460405115882033e-16	9.243529157047578e-07	0.5860517704826097	0.21889213209503808	0.21873795988432682	0.25858467929330387
FITM2	0.5540434585276951	0.14211285105394075	0.21330473063299285	0.001157527762224477	0.21045204691250224	0.32182686290052975	0.10153608714507799
IKBKG	0.20796080883751278	0.19291883724687056	0.2196359548867158	0.003866233732946573	0.046274656625347556	0.35003143055285135	0.12373269214890101
RBCK1	0.9680873635664341	0.21618912558274722	0.8768002530177588	0.8119083428270872	0.6106957864747681	0.971822502849863	0.29276415289785357
CFLAR	0.03064693402626577	0.030964375171294196	0.24482600066088833	0.46383160562155346	0.08140268299220177	0.6125454925681981	0.048666095831657104
SETD1A	0.4618813340715709	0.2858865261129196	0.44644726757372655	0.03467872020196709	0.33453421292459123	3.693815496917377e-07	0.48750387120560806
CHIC2	0.12131674045891801	8.016338011077336e-13	0.24858385413517725	0.41135025079455534	0.42194163294044224	0.835900700632771	0.3636845514834203
TCEB1	0.5247893665674329	0.9619155439754098	0.5861464245355722	0.8345272814930969	0.6011260784967215	0.9299530963107724	0.6575540814710549
RGP1	0.5864505427729162	2.7260723837460097e-10	0.7079878951410408	0.14650639990981498	0.4185112116010868	0.41602608139325487	0.5626704855283482
TAB2	0.25780223878082936	0.11390873163520045	0.546542399553267	0.6228658456094335	0.4860681224166017	0.9119429283792961	0.573022319076555
TMEM208	0.8483272284800112	0.8360467658819402	0.8304341118696474	0.6906925803521289	0.648890363712129	0.8189229403934678	0.49293743004007895
IST1	0.7447701598427134	0.49978288289963946	0.9833576079371014	0.7164827229797505	0.6998666305863155	0.7172741624308775	0.7946580841120086
BAP1	0.6265240528154795	0.8315193416314146	0.678733982854174	0.07511863939496383	0.7329971153862551	0.5180113514906458	0.6615177660382018
UGP2	0.5670246080295478	0.684533130975922	0.5449489930807593	0.9025434702466909	0.5141473084192977	1.1326951560417524	0.4821218482392804
NCSTN	1.087596693522787	0.38423575162021845	0.9551447699196661	0.3840590847010087	0.734464600409694	1.0829538437930892	0.5422669234089429
UBE2M	0.9529731177511044	1.0316740956064028	0.8473571838216851	0.6274399549341189	0.7802426998200716	0.7505395620883308	0.8567391587936775
KDSR	0.2676383286876666	0.03434948346384924	0.16417814746299494	0.4570042183984874	0.23271620656577166	0.8054111667121885	0.40480801802968575
BIRC5	0.5123639198191139	1.5857566485656311	0.8308142203090798	0.4976069312427446	0.4820501648044046	0.6985704372882006	1.1084414896684767
VPS4B	0.5689392914761052	0.140339013459707	0.6142437719399069	0.7990591588359833	0.31373676512188453	0.9402853047574367	0.7283040984938562
POLR1E	0.0009163203150179389	1.1761777914768419	0.410526075859863	0.2271128943758508	0.6096908210897464	0.32915098454260494	0.6227044451839986
NPM1	0.8812816021490417	1.0964412939215515	1.074975744808805	0.925230879952508	0.9051159049981689	1.012600297156914	0.9832898954540555
BARD1	0.024737777994707045	0.33065612554793117	0.09453086809614122	0.29543837458038086	0.044723655696307874	0.11021851713640396	0.30731524681382494
GPATCH1	0.18953132643163847	0.20943752402825427	0.33694194767954283	0.1944025885415492	0.19668633106814415	0.052945022330313216	0.2785733685246385
L3MBTL2	0.6308858751781005	0.5350243168418625	0.33488482731453345	0.020161924658394937	0.3577046002007805	0.1530317591214312	0.39395734456029524
TFB2M	0.4073078275501174	1.0220796469960098	0.2120697965521299	0.8534653466643011	0.46156472826292155	0.31284833813476454	0.3237547938548385
MRE11A	3.01027948784985e-11	0.5528953736376174	0.48726743429812147	0.5830507619261839	0.17066416120878017	0.2812340754786944	0.5675732322611691
CENPO	0.17784864344890225	1.189843299254808	0.4155911899194497	0.00035918572470572375	0.24867720274954935	0.3779237274725567	0.9036491586043895
CMAS	0.5977180368628886	0.8179118867255479	0.6442188865002604	1.0016711493163988	0.3713675546959146	0.8844024998070236	0.703540715803544
MAPKAPK2	0.9051606766313897	0.37401486735357004	0.7614901014069206	0.3822237613097372	0.5014338765238435	0.9839902579026576	0.47428612629285344
SART3	0.5122358636272413	0.6988825736383271	0.7267177585387096	0.36657578912299477	0.5360012850868632	0.21961012955563528	0.8422043236851002
KLF5	0.012980603547170618	7.310278630079899e-06	1.8207704069546702	1.0931708317924302	1.74012022823137e-10	0.11464743716323765	8.041065366875787e-10
MAP3K7	0.042494093645543664	0.21518404526908802	0.14189345669178363	0.4995404616108729	0.5012340081394656	0.5566283413149866	0.43791313154490796
UXS1	0.36131801514988804	0.5420368880721164	0.6327933441292071	0.298026031600694	0.2976233085108639	1.079314133908244	0.22157703727584793
NAA35	0.11297375602989397	0.39729224589429685	0.44760638703738304	0.5567887245371703	0.31128740827737766	0.333079933980503	0.37892941739274977
RAB5C	0.9242806994719835	0.9833820421670179	0.9968776004167128	0.7530003097426163	0.8213036798470272	1.022326354574582	0.797217101994246
MRPS15	0.41804496946605707	1.1596129693237862	0.545776695822552	0.8020888180835923	0.4723468551748695	0.517685299357555	0.44878448883377786
TSG101	0.6208621820015832	0.2667540458977543	0.5962210769116104	0.7780506625341556	0.5274467139111183	0.8591671414113213	0.5400463419286492
ATG12	0.06662421191903635	0.1659932327402905	0.04373981692137879	0.5328533463863019	0.2429450173240633	0.6681235037791001	0.20206078982550335
ATG3	0.3454091645596016	0.8574505617522706	0.39690727724862507	0.6727443226019714	0.2684226208806369	0.6996584451570341	0.3368877313555587
PSMB8	0.5538835282584104	0.1430201844686371	1.1383021765555827	0.4739959055589367	3.548512216118784e-21	1.7418041739015744	0.05465744993631898
SOCS1	0.061733796500051626	0.05116028607088014	0.1229596321135952	0.025278782630697803	0.1583453736748487	0.07066649800507323	0.0502954124971633
VDAC2	0.7384442186571096	1.0555839513739356	0.9303977714183334	0.9847392406544606	0.8920138424637933	0.9026266420113811	0.8301199542875846
JMJD6	0.28226663482236514	0.379023422728172	0.14681435613548555	0.06512569937056129	0.20506206818498446	0.35683647338443286	0.3291451627344382
EI24	0.6385442775349605	0.9992056546296127	0.8611420979427231	0.9745821216428588	0.7285119837225716	0.8180856766538269	0.8095300949489584
MED24	0.6788085557047411	0.6172626901593364	0.7843046995714145	0.2537955045308264	0.648550233208211	0.2519559246608926	0.7252228839227253
SAMD4A	0.020580256730138108	0.07959492467276652	0.0976252684856383	0.01637346623938165	0.08627846687226433	0.18732068110121708	0.011474609726314916
TMEM127	1.0008454163442118	0.05870577098686327	0.7979491647545204	0.2150242926432005	0.5250990913945848	0.95850594051554	0.19481879981461214
KDM5C	1.0920593062282844	0.23180055673101166	0.7516628190204798	0.19159049928027164	0.9579954115675384	0.32533449903896705	0.6947143284208414
GLRX3	0.43107605044216274	1.1786189614537412	0.752142195318736	0.9197922202270412	0.712729001501034	0.8343458475531255	0.6001362989297967
TNFAIP3	4.015916151598882e-21	2.0815642575388654e-12	0.6771801621104717	6.543351873460268e-21	1.633037608220123e-20	0.8086642306244106	0.07189363849735629
SRCAP	0.7192590506159764	0.26905184621729744	0.8857662599311439	0.32189163942141114	0.555918183343999	0.16312703701815545	0.7223328796751469
PCBP1	0.8938762011038989	1.0565102931037533	1.0731885364764242	0.8766225778591369	0.8916449506960921	0.9798043521912059	0.9793424799620153
MED16	0.6531317910098526	0.29188617911313663	0.7527618713240665	0.018468501442367544	0.7130940691498959	0.3502855023795803	0.583472354674218
SETDB1	0.5810127873441104	0.05370589812690227	0.34997735477705993	0.32965929089613066	0.37153852758444517	1.7554947149383932e-05	0.5471040934852133
RB1CC1	0.07726812612013999	8.135778141553098e-05	0.07382216393880621	1.045424399373527	0.4121648409922012	0.7668892732217598	0.45073880070838634
PSMB4	0.9038127930634716	1.0921369909176881	1.0577214668717976	0.9030710452951615	0.8915176973570063	1.0022627756525897	0.9779349130390704
DNTTIP1	0.3840342919359425	0.975207315286297	1.054861368453929	0.3165795864905668	0.3356813632029783	0.7527394559189656	0.6081980868556408
HUWE1	0.8572956634597307	0.516270343280968	0.972969898466962	0.38956211635015175	0.8479032175826942	0.507882813022313	0.8728602245063753
PRPF3	0.4586379722502284	0.5075655758194282	0.5590456334054147	0.40383492115706593	0.35397213604290745	0.2965099105482863	0.6929370650455814
BECN1	0.822893318296053	0.6335338679404839	0.8142276673902368	0.6169708158007111	0.6160663524462118	0.9567754331050087	0.5493164120252398
TNIP1	0.3171398333697652	0.3936920899713754	1.2552554841362156	0.40621717672017094	0.4420022100275987	1.2785324835361969	0.177187866548735
RPL28	0.8494476658291861	1.060178993693888	1.0804262125105342	0.8094584187129313	0.9579124774166728	0.8643713789571245	0.8194783816171872
TAB1	0.5257141258117901	0.2274584576150113	0.40185916294310425	0.02190604092822148	0.35554838687581475	0.10375511393501766	0.4059727460212981
PEX12	0.17659189530087518	0.05653323689444985	0.0868748564585042	0.15062871529820285	0.1682394546870992	0.19349122100972146	0.10563478034761055
ZC3H13	0.47070251689047937	0.37015306807446163	0.37835210864853197	0.23521077043401145	0.4619134874866758	0.35644857857039486	0.5970829370350922
ATP6V0A1	0.9788151913404016	0.019533907684250083	0.37148794554608805	0.43001865256350386	0.5181397523639769	0.3836785198827465	0.722517135847776
YEATS4	0.18463923609309055	0.8165882453718579	0.17413897466233313	1.0921869899547743	0.32544458824011574	0.20328676082192287	0.6536891414635134
GRB2	0.7999017940599835	0.8424251708091928	0.8149108329053466	0.6580393657026145	0.792650935008298	0.7347587295914201	0.7540094411374118
INTS3	1.026757022716295	0.34554553170898694	0.658837363974276	0.4244342225588649	0.7221520232600039	0.395394221703783	0.5783954819931759
MBTPS1	0.8076751223983082	0.3777477836972916	0.8583787302133945	0.44478150582778697	0.7629865867765588	0.924008123311977	0.5677308490775004
HAUS4	0.47341316302941555	0.7034715911370535	0.921878985755672	0.5908422440995634	0.3440499722761399	0.3560904635462517	0.5945535762787583
CSNK1A1	0.6381828150348353	0.7540794170131982	0.8771078710966353	0.9590207278576723	0.7564806651967534	0.990376775479932	0.602362624628391
IGBP1	0.6000307576384187	0.4422343584568455	0.8397267992022105	0.8205677981132832	0.7460933850537763	0.7474931868889855	0.4570464465635019
MED9	0.48723699423564615	0.2861451524945026	0.316858110778599	0.11456816998142073	0.2324251682803745	0.1726137476599696	0.3662577771538304
UBR4	0.5188294012399566	0.3076059459505849	0.6877609709978995	0.12491441280507365	0.5705288507830465	0.5536189496562202	0.6575806694263886
YBEY	0.3856116657142817	0.24778580971125067	6.869824655359788e-11	0.5841622239378215	0.5182714164886971	0.1215088909179924	0.13858802922426997
RFC2	0.5425672891549844	1.5496652905230899	0.622674573653088	0.37387360354461824	0.18655130001137005	0.42977076800937397	0.9115650341222372
DUSP11	0.06537201475219535	0.2506020346754223	0.3180316623015751	0.41764025222752227	0.2676829043204652	0.35507168840325454	0.13268522424289894
TADA1	0.2980767354861507	0.18015116974245357	0.09128595386562607	0.4352730015621276	0.18711584209387294	8.025178851356295e-10	0.4972307327489785
TRAPPC1	0.8814150074497552	1.0255271779571509	1.053243334069806	0.7475019078725375	0.8495415914692791	1.0678457468427522	0.9163831485593491
PTAR1	0.13487726359930402	1.077875517019802e-11	1.442276824777799e-17	0.47099060588460995	0.12088573323525664	0.5622836611320717	0.5482241665242411
CANX	0.884638034810008	1.052604078155188	1.068349360219178	0.9066371025082115	0.8792618121833513	1.0398521192008807	0.9478069448366562
PIGK	0.1875838578254773	0.31139475678647305	3.008936539487374e-08	0.35275134291316185	0.23114798483412394	1.062102310217773	0.17479182754087874
MAPK1	0.48298053852563333	0.5460832621437512	0.3875072973418732	0.4844097710492627	0.40258955901855914	0.6755053122979527	0.4671834352188228
SLC10A7	0.07630895299701487	0.07857340760395547	0.09143817692021962	0.12121308725960508	0.07759760703010296	0.05690806579310493	0.06784005916909608
TPR	0.5573109223932249	0.7723993265117183	0.744570363113904	0.8173435254871985	0.7514789063443926	0.6596654698510542	0.9315986124667462
PTPN1	0.7329386343484071	0.8085516103081268	1.0579935264879992	0.17307986210240076	0.38984521075950374	0.9884142341475122	0.8557365686260016
HNRNPF	0.8206939293957617	1.074840265475401	1.0306345280053852	0.9188223565190687	0.8075376839327415	0.8742526219289216	0.9205545782762843
SRGAP2	0.3888439706331715	0.3156044385175329	0.24175735220710506	1.2967825139149788e-10	0.11887221850027632	0.6820395407474431	0.5424848850063837
USP8	0.589065154392208	0.35789835268459846	0.4976390054558256	0.6061671339039305	0.5025176600441983	0.6403273664097854	0.3300984138074546
RANGAP1	0.6316526737821709	1.0249176830921658	1.0052747643171036	0.3943914844198402	0.588255065917141	0.8165235673352362	0.8247649492218924
GFPT1	0.7391268075890263	0.027046901117178748	0.1985342435893996	1.3308907597267576	0.6748118282864006	0.7273017798456398	0.13201306620744074
COPE	0.9287958579939539	1.0040720946108654	1.045108255948803	0.7951590770273411	0.903796951077644	0.9629742879549468	0.9052309607409601
ANAPC13	0.6049944338337037	0.6932596732297548	0.6626688345658657	0.914196087967928	0.7293688817304267	1.0266538033883232	0.7159990968924637
STK11	0.5538768475859861	0.2851055145514603	0.7572847963703656	0.32878488119394705	0.6994480732586157	0.4458398446800545	0.5443435635225168
SMARCA4	0.9823769553780345	0.5533581799167364	1.0678340267612285	0.325830673836773	0.7595193206759626	0.4393036728301244	1.0707361161590894
IPMK	0.06327691042743143	0.13296969228820582	0.05226715497940371	0.3452870256282188	0.08731855096397151	0.10051356733604308	0.11562837051429305
BIRC2	5.302292894530813e-06	0.4004627358116948	0.3779549525259547	0.7589056537094919	0.30923795766053863	1.4173740245032456	0.31990151086276325
RBM10	0.791522902642449	0.783726802403008	0.7908234367463399	0.24027540446638823	0.7420639705735506	0.2710464180136981	0.8900367866359924
ANKRD35	0.03529405263892399	1.9633495949432014e-21	0.04450433236214346	0.035549477591025495	0.041009941261761156	0.060215197593295654	0.05128779163665725
MTFP1	0.1671795354474388	0.689803372326568	0.1720641752724388	0.08718187500259672	0.06962685961521346	0.00011641741440231297	0.0845036420529873
DHX15	0.5584470639481925	0.8989758353372926	0.7556794810268297	0.7863445513562629	0.6040743856860272	0.6602328093161393	0.8669346406968527
SPTSSA	0.8097983791254262	0.6519456759865655	0.7789988473241021	0.7331189271016243	0.4728846170373833	0.5793736454974223	0.5757981740319628
UBE4B	0.38545079966434415	0.3348085744157155	0.3820266969810971	0.2110541201152744	0.5551604031647908	0.19539069028590839	0.39965462872991764
SMARCD3	0.3490692046428169	0.03959687431403658	5.962383458010028e-17	1.420721691031662e-17	0.6138915867388036	0.13787089378209885	0.10209381651879003
CCDC114	0.0708652277829764	0.03245826203779736	0.037181276414453714	0.07674020726559161	0.04884625526945321	0.029297548928616794	0.050922777271180934
SHOC2	0.3547002180745404	0.05887672906185142	9.570747880027113e-10	0.7975441695056135	0.5240672328519581	0.6732964304731073	0.11278742618708686
CUL2	0.11248440230934793	0.6820068817900976	0.12086761032044405	0.61705348131313	0.45049733842555223	0.5626049296293979	0.229549440943306
PGM3	0.29298119317383614	0.3219479314847226	0.24993325227394028	0.7505725298797313	0.7487065604324344	1.1445465868422469	0.2902617712137586
TAMM41	0.0777925109119503	0.22836714202499908	0.12538414167812278	0.134879655726802	0.17436932417186216	0.029318188659500737	0.09191023362939801
ACTR5	0.1528798185418426	0.518784791800596	0.42116096468211256	0.23130833966612857	0.15108617745442957	0.001734910320816807	0.37996518524741474
DNAJC9	0.4601946577134346	1.2067126849449956	0.901159784840385	0.7258790071388267	0.5574657468266605	0.8102544097053014	0.9840251298319461
GET4	0.17664897590897644	0.10232322296977245	0.1084459777117272	0.3053119670809768	0.15919574382003746	6.199926894592488e-06	8.709060397242286e-11
ROMO1	0.9068632311198259	1.08294879452186	1.0772750634251742	0.8387039678000799	0.873510081388252	0.9841290891659187	0.9187506455171456
SOHLH1	0.028361402655842995	0.01958581633017614	0.012010614648438733	0.02136939490921809	2.861300535042176e-08	0.005637453535331984	0.04444953678854566
RNASEH2C	0.4596727608382493	1.0792065444327545	0.6774135252389977	0.2840717841330135	0.5555949484350049	0.6450860883465829	0.6589833207142078
PHB	0.865582996763576	1.168164196078507	1.0245403145560383	0.8520778889689377	0.8733145537626482	0.9206588832385694	0.9280668667970183
CHTF8	0.6000421457601772	0.7583640171858811	0.9271958487669508	0.25286401675397846	0.682410377501722	0.6174712717554954	0.5670453444244036
SLC35A2	0.8856220139282017	0.1718494842686754	0.850652623722501	0.2976332293634601	0.4256520113005346	0.5865718960941965	0.0764027504732039
PPP4C	0.8853689315075085	0.9737378279154916	1.0494914274284413	0.7697643029315354	0.8607978252595505	0.8341622495462631	0.7881294699603696
RTTN	0.05941810776425759	0.22375104668791437	0.07505203514495201	0.06899757654615415	0.0767568554281386	0.14382397499560576	0.33610641918887835
IARS	0.5557629894380782	0.8924315094414697	0.7715514429673874	0.9464086447169254	0.8796617597546831	0.8679753313258312	0.7329886076280905
GNB1L	0.23039757586067924	0.5360103749467634	0.48036018799557795	1.0457012083610037e-06	0.15583987856553672	0.11681803183595103	0.2143850931598195
MRPS34	0.9302197967948372	1.1620986612886393	0.9335596171125661	0.7729925377718371	0.7865421491514095	0.6792076231700803	0.7650438043256069
CPSF1	0.7970877582678703	0.6913070793233348	1.1332989041741732	0.34890332371469407	0.8138861774658923	0.30293763161588655	0.8476630246977451
EXOSC2	0.1352982149828064	1.1506439318647212	0.621862583479969	0.29306488707740386	0.3706441442611407	0.03118649310203567	0.7974943463535948
TMEM165	0.5650909528216977	0.3782643835943219	0.5058996058942311	0.8650838105776664	0.4681387095782983	1.1035817585666903	0.2829080864428023
VPS25	0.8078121218354384	0.9230459569915213	0.8860144734852237	0.8250099401903774	0.7796405750634561	0.9063862990837953	0.7969940238700397
RBBP4	0.7834953924901663	1.0049672589718506	0.9016687078693476	0.7471348785963825	0.7760363859262382	0.6623164134809134	1.0613551234620495
MRPL38	0.643906417634481	1.098505371240025	0.7010178560662956	0.5099972698054003	0.5608737447139559	0.09084371462136939	0.46153346923682687
ETNK1	0.23914817921799453	0.35471248757162727	0.05521716315774709	0.9196110620880603	0.2773579350415192	0.16457368284197918	0.37235070039151014
CCZ1	0.6246692685904603	0.7320064035124324	0.6488736185606988	0.9013920455750258	0.5873578774346798	0.8223232283327683	0.7277015312653762
TIMM50	0.7132471847492522	1.279284990823823	0.650082261892963	0.4498226481548132	0.6870537917968369	0.526249700610901	0.7533413064299892
NMNAT1	0.13393595493193763	0.047350660442327865	0.09315276006975745	0.16381642735829602	0.17839223829251946	0.17730668789688037	0.04707879193636715
ADAR	0.9711357568173896	0.7878368901520288	1.0800861659836276	0.7059251731648181	0.8385453212091347	0.7724173619608394	0.9175357404026183
SMC6	2.9941374604174225e-05	0.5575823353999952	0.17570823032642102	0.5977538146946884	0.25983330038747326	0.3831095958231566	0.5364837091278658
PPCS	0.7631603149484443	0.37354496274617455	0.4813860631283502	1.215447725244719	0.36178608926616834	0.6813662971247061	0.05491992416800017
WNT3	0.03409294609197348	0.07442499116564545	0.17282327564242797	0.08700280330982808	0.10901189789856935	0.09788485297355974	0.12394199175620264
ACACA	0.459476272724241	0.570273705187188	0.6539205454726942	0.4488036827305204	0.6419893571403227	0.122645608701779	0.5982175403383444
SOD2	0.35763912442936036	0.3491258147653714	0.6174564862457058	0.7967311250528618	0.5843923786677857	1.0409640474906277	0.4825939054739012
NARS2	0.20592143612122002	0.5763993521598869	0.22265213040670956	0.6714748951124362	0.20950194505840447	0.12200250590361844	0.5815980297021472
COX7C	0.864002056371105	1.0880583736404486	0.9948661829121233	0.9333859114204072	0.8845429830348022	0.9136016972330562	0.8586913022317844
ATG5	6.013261130683663e-07	0.38968897300181304	0.12626996755276979	0.8308201639883955	0.27146694902921903	0.7028997379075217	0.22668954632820754
ATG9A	0.9381766008829864	0.248067066788164	0.7749819508567852	0.00147683746662588	0.7545292410802984	0.7137731338441623	0.4559808936801339
CD274	1.7953247890820755e-21	0.004322852029014707	0.22011902815890091	0.0758269370502566	2.534579451224206e-21	0.5311383292002217	0.0405376893951246
HIRA	0.36771160586478563	0.5075426207193839	0.3930337763100564	0.3011310685933958	0.3530146041846895	0.001580594258533454	0.42261142943059715
MRPS9	0.3234943541542458	1.223885286866257	0.7282096345288472	0.7582539550935932	0.5929380390723523	0.32581427527168	0.5059296006102031
MAP2K3	0.535160965825801	0.7828132360649136	0.7047271574147286	0.4919543552834702	0.45892706890076995	0.8290969558179463	0.03496007985851563
WIPI2	0.6594645199369086	0.1376605340043797	0.5168303110304368	0.4267741649246109	0.5640667609779977	0.6560725522260026	0.4477028225017022
VPS18	0.7562020614329484	0.25861488331703286	0.3750771802992918	8.794194133835589e-16	0.40546511133144886	0.4531005679125737	0.11827384167676451
HM13	0.8971020253777476	0.7600467387836816	1.0528140048893029	0.5550081608977736	0.728841693624278	1.0220862316737083	0.5190563180433544
PEX3	1.9995563524238996e-07	0.37557087403512224	0.16029985079569395	0.3672579186568025	0.22223221688974057	0.40153122117103446	0.14829874244319857
LRP10	0.9088213861950847	0.14591159586470037	1.270109054291313	0.22457832268725	0.6161275703235876	1.173516550187932	2.213188435876652e-21
USP9X	0.7394865030384009	0.25282032319032105	0.6124628098759649	0.5269807694789113	0.90429180761584	0.7345727463177019	0.6507937335440478
NDUFA11	0.4336830875469205	0.7135174949184292	0.008833881031701237	0.6765144723430855	0.6187592096661104	0.29695988366701626	0.1437613263911722
NDUFB8	0.6759936954591265	1.1539341422255405	0.49795521224529204	0.8507123502706059	0.8543693221770811	0.40467935262515076	0.33962786747697066
FURIN	1.0858020635421004	0.31014310126779876	1.1124068345065221	0.04171116398682295	0.47004255438885767	1.0412795324210153	0.19857602470074526
PRPF39	0.27227659246955005	0.25687312028254905	0.48201527881609196	0.6943714885448196	0.382674473599938	0.38188403976972474	0.7494491821266223
SHFM1	0.8319630564300942	1.0005647038764272	0.9746055916370902	0.7002842385888656	0.680033014227159	0.8971970762585231	0.8600251139335023
IRF1	0.03260631656303325	2.833260188910174e-20	0.9339699506140496	0.08044762610406124	0.07105301855409349	0.7247919234828397	0.10270602511669061
SMG7	0.759367117361029	0.45777858607742505	0.8245774152610655	0.5084983084043881	0.4941545923767181	0.26760185096200917	0.8014233550834337
PTPN11	0.6073956187813191	0.8943807698870115	0.6955140752762685	0.9321380020640775	0.7499316389970285	0.9057915344168305	0.8533375735796227
CCNE1	0.2035974647448543	0.6943599453154355	0.3772129588949244	0.08410554225966928	0.37432371208409254	3.55205285319621e-21	0.44714204966845417
MED14	0.37775966372348324	0.25406385728720016	0.25750094439273324	0.32879066123626527	0.35895460232449505	0.2854853749470567	0.48669805080982176
MTA2	0.6778395994249046	0.9157196270912198	1.0788607792691831	0.6484726823740493	0.7871385890282185	0.5750991439383732	0.9408185365404367
NDUFB11	0.915379097542262	1.0020747440552402	0.9593881173463406	0.8771360393802832	0.9050179856542243	0.8581029089470565	0.9387383419667057
ZNRD1	0.31576672798607364	1.0027482844679523	0.8237165860043243	0.5877213938202681	0.6587364431865562	0.08692793563038759	0.3748583161296743
UBE2G1	0.38064595039444366	0.6846303605497551	0.4196409191452165	0.6031995946482278	0.6492734268197415	0.5191293519597353	0.4409036921627005
INO80	0.21508704849872048	0.25537349232071155	0.3471703473393229	0.22273600715413228	0.2193594532675718	0.16192835270536937	0.16620373651730067
MED20	0.16937647587144977	0.342756549529496	0.4514655121091651	0.23232256691189865	0.2863512929493148	0.37810650784202265	0.4256266460332685
CCNC	9.7334792058698e-06	0.7319932413574997	0.24846229500022665	1.1750202233912943	0.3415478572799703	0.5008706518070857	0.3907060616929463
USP7	0.618881952731795	0.7434098055885704	0.7749150713485701	0.7337385403371258	0.7417562611915073	0.3778560620765876	0.7989144936105842
KCMF1	0.3125345413215071	0.790837074797327	0.4926332274469552	0.7995809962639377	0.4818452618199186	0.8289565591661187	0.35267747641744895
DSCC1	3.643474022949887e-11	1.1499629498848079	0.007674018732389112	0.6621391069335528	0.09319403381988857	4.122495174218487e-18	0.6760318578874767
CHAF1A	0.4434980811442211	1.338496405552679	0.7868048308055693	0.0048967383509293605	0.33738535837655337	0.1765924921756602	1.1156432186735903
LEMD2	0.8195627311457919	0.11631536705542958	0.8461140970069969	0.19817622481197622	0.48271218974740177	0.7835494005317428	0.5537232099278377
RPAP2	7.425757261543102e-07	0.2846603790427963	0.050982036652515356	0.4167615256917989	0.14622527706400332	0.1897239875448672	0.16148556147528098
HNRNPAB	0.8394235767220175	1.1375149585793602	1.036636032354235	0.8858409594036443	0.8649194980620376	0.9372334428260853	0.9708280440963438
CDK8	0.10735316563999261	0.27607782443087536	0.22587097069628767	0.5601113360257616	0.32374747354147876	0.06770154702981282	0.37164509498230025
FBXO28	0.34203535221694553	0.35137660826766104	0.11846816668978297	0.8188912519887585	0.2632796088480918	0.38554703399987295	0.22087508405934506
PARP9	0.2178153273114184	6.542483652761716e-11	0.6991024286482533	0.04581134462724329	7.610052272187031e-21	0.38268666763972436	0.08578055542209188
ZC3H3	0.4031509400852538	0.22812297551855515	0.5179401654183593	0.09915319814669539	0.26699967118470513	0.011736565197078786	0.22863981479897175
DPH5	0.03481909953728299	0.6141649355358144	0.04331406398800598	0.6411697409152504	0.49760895895805146	0.19019790825336888	0.2597886568411697
ORC5	0.23029578253745084	0.7288177984557341	0.06987054602808088	0.4789486449608838	0.14873874018192143	0.3440520854351314	0.23105448866393868
ELAVL1	0.37474161547231327	0.7938528841580133	0.48088741064442886	0.36895517882375434	0.5852562463052812	0.33877103138705805	0.8462213254485759
CCDC115	0.8444680875403632	0.23973012514583147	0.5558619159125058	0.6416244145792335	0.3397719740838467	0.5580263016100571	0.3236088120801017
SLTM	0.5541971276775145	0.7846403805460908	0.7971576229431806	0.7747690219975192	0.6011006187875724	0.6066962057442037	0.7408107346987146
DCP1A	0.16440580933552199	0.25866636150956757	0.16587165915053706	0.3928402569542241	0.3646679692787367	0.0983739098273532	0.2865354198666901
NSFL1C	0.48782627072335133	0.6419274589981638	0.7762417070502934	0.04911921682824358	0.3455260533327859	0.7709760824784307	0.5397486964225789
ZC3HC1	0.3505975060764969	0.7256796450536659	0.07553905494491331	0.006184394083091441	0.3060665764139453	0.3929511618860372	0.3958624918425472
NGLY1	0.19846543158667077	0.6522691118877767	0.07174880014236298	0.6250731826624074	0.44465586169237353	0.4387605934852805	0.09102938229347321
CHTF18	0.34844224121704787	0.7416310178806886	0.7935145169713279	0.07535352728126717	0.14305274680670146	4.418603816007379e-08	0.7364673573090298
PDCD10	0.30865404272666663	0.5995979892794054	0.5540437272964478	1.0836313748249795	0.1564170295021229	0.8724108816773828	0.4410639931036077
ETS1	2.009169327440909e-21	0.14129908539440622	0.26079799021933464	4.086595430138075e-21	2.1879442378758667e-21	2.143257018899606	0.420056824361311
VPS29	0.42710328824560934	0.6330585835903809	0.3868901188351192	1.1234688186031387	0.42440657611836174	0.8327904044079063	0.5742750891286091
AARS	0.915867204637147	0.8821042128076277	1.1389658969567824	0.7403524270093539	0.8554832746334663	0.9096909227761643	0.9247473718993345
RQCD1	0.38846207311921	0.8021027863505475	0.4050437196650419	0.4805735916095233	0.4694467533336589	0.2864142796803308	0.7660961917537163
ARID4A	0.13824711526268638	1.1922374145986377e-09	0.17982834270658013	0.3452101772658437	0.1757582901886845	0.09108740295168329	0.2058456565014196
INTS10	0.4079169339844178	0.7176772502354254	0.06545409031606193	0.8857774887102516	0.5856512485033473	0.38034402632196757	0.5107001799498913
UFL1	0.2521193512479288	0.026544488902839964	0.18058735902238898	0.9682748705478792	0.3593104864385753	0.6749277808044881	0.21131356638473298
XPO7	0.524067111948963	0.7184573463343068	0.470396538621377	0.5846274111422489	0.6859474314061208	0.49296173609639343	0.8767503882931481
PTK2	0.3087585482709733	0.2516085062250752	0.6474262498990351	0.5312923954176716	0.305124051237211	0.4700774099598033	0.5982763096964546
YIPF5	0.4609558781716055	0.2375233961732442	0.5124663844883985	0.4672944707450263	0.5649778774918756	1.4645921680566614	0.2543403912425803
NSD1	0.4221907905299913	0.13909198041338966	0.41534462098457653	0.37567292491435283	0.458161793586371	0.1638077325083845	0.3813529362606039
HNRNPR	0.49333889758678406	1.0737320741720573	0.7395719225696302	0.6200380275279807	0.6341175235361082	0.6162858017016919	1.0046138507214144
N6AMT1	0.1224423176599597	0.06741447789259598	0.03475742536100706	0.21117879324241964	0.1715817253794197	0.15181743582395515	0.1316614901450378
ISCA2	0.09925921286032613	0.3679326428356394	0.33372448444773195	0.32908536388900406	0.16595636126600402	0.1830424485486014	0.19824596420212034
BCOR	0.5720426870585984	0.00037659478861273854	0.19630149522782248	0.18409054467330765	0.3091144004746873	2.862348402231956e-18	0.7497275842811716
ATXN2L	0.8603896062832073	0.6940152039067967	1.0340131481804697	0.5706712737653103	0.7748196658636542	0.5674481564244122	0.9544075644750668
ASB3	0.05296903468391803	0.12130682033127835	0.10933595351475786	0.13571196268552502	0.14188509196389437	0.14068603129376792	0.17213008453644282
PIGU	0.6665680001017772	0.5941991490140626	0.9715096821082178	0.2063040335658137	0.34386815536529347	0.5207861583623817	0.6002779761421038
PARS2	0.14865400710463916	0.13898500425107108	0.1505524220233098	0.17184754272974745	0.15302871141494773	0.0013988324748974224	0.10511993900774008
HSPH1	0.5570326225196666	1.0783702839630924	0.9895326740004369	0.585555535679483	0.6542148975738796	0.7855980759362604	0.9857746327716849
SLC35A3	0.14109341106994042	0.053809524246585985	0.10790583007388811	1.0086305575407308	0.2653660934650422	0.25870205809497965	3.359067694807199e-06
TBC1D22A	0.29644759971436274	0.13132565906055213	0.27852724036099435	0.1511744184986816	0.14325831186563406	0.2887837374925398	0.09388789131762602
RNF4	0.5409322111757077	0.556029589833846	0.483053313008966	0.2628737997023365	0.4512748892300392	0.6593790996142272	0.45660291490222504
TDP1	0.03358552749707461	0.40060231530417834	0.2235201657745133	0.19509874595246565	0.202541410816423	0.007063275120434025	0.3058346665499671
CDIPT	1.134635874754853	0.13363853884663637	0.7286011128850737	0.35752644034348846	0.6833049483576882	0.8188376381635232	0.5371080627894861
PIGB	0.16450997034669526	0.12798078136283453	0.04989545883003975	0.2910020234585903	0.0841367006026433	0.370614806896194	0.016915875582788814
SHARPIN	0.9377375171312702	0.4012948773863809	0.9060161968192327	0.4415449608144056	0.5700975427906539	0.6001252059334714	0.350607873212021
PQBP1	0.7749977468349921	0.9889499603086078	0.9289488846224966	0.48744105644093266	0.749366147883014	0.504108650442636	0.803331864980484
PRPF6	0.8720507886010056	0.9361078913452705	1.2210919297905387	0.4872792619483794	0.7207341322448001	0.7266267308976716	0.9125975003836214
CAND1	0.2969303650532568	0.4633969299243487	0.18063848560791343	0.9152370561907602	0.41288340567544196	0.5221433578559217	0.7191920467395944
KHNYN	0.7555814316421643	0.008607061828646068	1.0715403884053403	0.2129491545799681	0.5568057326721046	0.2846854374479474	0.30384363339321324
MED19	0.352117994401745	0.35750948825321355	0.6375107852398061	0.26301492545805083	0.4925940000342151	0.5774014579558965	0.4070154609037705
UNC50	0.5196866627395655	0.2395689856071512	0.5114171541266365	0.6376619597037402	0.4655688033669392	0.8165442720088224	0.32206578833733546
ZC3HAV1	0.4477076102068319	0.32284164001064614	0.476993775375926	0.3274808354986685	0.23381145988592292	0.5308607377302605	0.1651723182837892
RAI14	3.747971024063592e-11	0.5173298210527677	0.41226997567057116	0.0005747328772502595	0.3130361146930746	1.7052177240033393	0.43624132589050213
PCGF1	0.3307805106701212	0.4307219197575878	0.3767757361748839	0.21422714872984733	0.369084726811632	0.209522313967683	0.31592607042322374
TMEM117	0.13098903417678398	0.03627683050121311	0.05599341740606765	0.14942853071452522	0.18860613316164163	0.08840652327060257	0.048837503589070186
PIGW	0.00027347507188305053	0.8289607315484703	0.3175013511525868	0.41411662391417225	0.07862355249328684	0.20920283148044772	0.6021877731952018
TCEB2	0.9118411739533445	1.059642982761258	1.0791246407386275	0.8950380970733196	0.9112312016568891	1.0024209395467119	0.9597279327366177
CHMP5	0.6786185453649685	0.5486461664336296	0.8357550665739536	0.8914919762084974	0.6607920027712005	1.0955316201229948	0.7777933966059745
TSR2	0.9103126197860407	0.8087641299298058	1.0007239221999988	0.3480439188327028	0.7108046434112527	0.6996562358615416	0.9049937627306547
URB2	0.14380791591077224	0.5126985521517012	0.1251415070747343	0.23256761240176776	0.1518781029349894	3.570299625880255e-21	0.5099861343308769
LMNA	0.9592953751597187	1.1585295495991723	1.2425669789848632	0.5042851243453139	0.6928772898327955	1.2671355956873123	0.08311046795955342
PAN2	0.5675733185362055	1.2271534981944637e-20	0.4057879010613904	0.3771917839966532	0.17640827994816485	0.10864243811809875	0.7475810931633977
DARS	0.40533463357710103	0.9519100850781225	0.7762812864325557	0.9047941785884569	0.6506060185312101	0.9152007293336964	0.7816191660227885
STARD7	0.8434506995112298	0.9998818824328175	0.9092099596486092	0.8545673807937162	0.8145244820509183	0.7748369796658479	0.9357222681106699
ZC3H18	0.6741293793982343	0.6655095400184992	1.0015755019793597	0.05290502015738457	0.5756266267249233	0.27082856362885477	0.8069108714933351
KLHDC7B	0.02041173448704296	2.111971287100194e-21	0.23054169707518968	0.001520202951482156	0.029183647272092245	0.045507613054899226	0.027278070329300137
TRNAU1AP	0.06535867885899921	0.2492463774710227	0.13573092568443612	0.19759733755975267	0.0913274513474291	0.23968169853617644	0.21354223732384978
EIF2B5	0.6924911801141487	0.6794893841896218	0.7590928973640273	0.47201170139082443	0.32613299381060185	0.36239046001708236	0.678829589361646
PRRC2C	0.8022147154100618	0.695482492903782	0.9592548776068536	0.5629984441941059	0.7969631187227414	0.5550525515987411	0.8893880127847226
MYL6	0.885493206487273	1.0425013674511754	1.0711437649011557	0.8741123706416233	0.9069349626776358	1.0445012723044949	0.9118654046085652
PDS5A	0.3888408270780362	0.7145777956317265	0.44715142115544004	0.9725766851802097	0.6078730657201644	0.5219268475822025	0.7041213069330274
TUBB2A	0.5693977834561647	0.45164679233638716	0.26143088124568176	2.868652167977263e-10	0.6683173615241901	1.2753366146099223	1.344850002704942
SMC5	7.380963413355018e-07	0.1708509617358264	0.31101735068328457	0.7277650210401543	0.20010448840584533	0.5887184540484443	0.6264949869145386
CEBPG	0.30476674599379816	0.09353910383878432	0.5053226525885874	1.3014458030996796	0.7002349754416519	0.3443025262499468	0.7157694251822974
GAS2L2	0.029761160667727667	0.00554784681277144	0.035640394727743725	0.0399038009460744	0.03231706187915418	7.446234608854681e-07	0.026571587653401438
LSM11	0.04663354305087976	0.1396789108009504	0.07288909277998357	0.1337467085787706	0.1270517923406858	0.05362915626500939	0.1543868214474009
ORC3	4.283909624073825e-17	0.4418492741348284	0.09842173578711422	0.6743978200529005	0.3684176328643794	0.5305020765293783	0.4702810906169742
SRP72	0.5097304355178758	0.9398707443208767	0.6110874002917672	0.9759590720085193	0.7775342190428487	0.824761601606434	0.6923110940500774
MRPL50	0.04359568096007256	0.6626095276542758	0.29450982931611297	0.627093292879174	0.3604152510975072	0.17864753768366687	0.39224163225077247
MINOS1	0.5362715512414438	0.9243447735129927	0.30024513012486775	0.4559040377853921	0.3473458212500454	0.58969956759599	0.2649090062543802
GLP1R	0.009649879708712733	3.2847685912009644e-21	0.020087841006550387	0.023846233377894658	0.010344466044113411	0.0021758965029225483	0.06603465066605343
TFRC	0.7728076462115187	1.1017331828408434	1.0217115656266473	0.8713606902816622	0.6867149625308445	0.9171888089567718	0.8599050650597957
INPP5K	0.4265323580110098	0.04463596560272458	0.25199134691504926	0.24169581586890512	0.2048442770205648	0.43604287570035705	0.23427600212848024
FAM50A	0.9168351151191968	0.7587303560312105	0.8794027787625317	0.5337353991034925	0.7349060901227622	1.0912673992750466	0.8511885476997179
FBXL18	0.2712580285095502	0.1681146675125652	0.30425988636300305	3.0970275525644134e-10	0.14498746661832157	0.13565741069774354	0.13813640448644376
PSENEN	0.8559481796430394	0.8187388483080678	0.8006284301368606	0.9491184269279109	0.7322128286242022	0.8904542842826071	0.5752960508757871
SMARCB1	0.7956233595747341	0.9378613500691344	1.034438743842108	0.35285277246708585	0.7240049134101548	0.5655474382421467	0.9816555492754372
USP18	0.42632669640533766	0.019261617948794864	0.3863037341820684	0.16386580966106123	5.103515175204797e-21	0.1186808173954945	0.3011196373918385
FECH	0.6879430824628558	0.37510406258215634	5.7646725088487164e-21	0.30930947469354286	0.42148022308180927	0.2204834060400918	0.4823406828879649
VTI1B	0.6518706107372289	0.9743480311338043	0.9608825219595444	0.7762213080958321	0.806716871536106	0.9133151787150684	0.6920545353066038
SDHA	0.9211125868930706	0.9786832037447218	1.1117049892410196	0.6847489179649748	0.7538213776485546	0.8435254341243299	0.8741357160326815
DDI2	0.3106343203168198	0.24721599508037503	0.3147274407339299	0.3055717836937483	0.26339924224317396	9.337405977596148e-12	0.28219619281665637
TUBGCP4	0.3145583785467759	0.44180094119731517	0.41697291652077006	0.25033883223346065	0.2851609576359476	0.026609324049267698	0.5408238461826103
EID2	0.2898053179695816	0.32612271189700726	0.26126257734257063	0.24353118121901096	0.5055941940566263	0.20006166358609423	0.4155632174075542
COX4I1	0.881670485927986	0.9996857427059214	0.9778444298821514	0.8430303835217889	0.8136311507057504	0.8083265487194204	0.7495752095398761
PRPF40A	0.18409009690129824	0.7711975791171553	0.47794225321789613	1.0126080259182881	0.5574333345346949	0.6116021295211025	0.6935661054899264
RPN2	0.9021529897015794	1.040628813075822	1.094702053672121	0.8541310747094989	0.8740099820736956	1.0295150341688328	0.9705080320101491
MDH2	0.934247318664444	1.0710067313581635	1.025031830415738	0.8082944844279089	0.8704337200022908	0.8291371156223312	0.8928634075914361
EWSR1	0.8712257056988254	1.0545160740277393	1.0820991753468947	0.8380368997785939	0.8800779621563469	0.9326467574169559	0.9940398235275507
KEAP1	0.7351429289032696	0.7329045215068082	0.8897700251478418	0.49784474150211316	0.7787740254975417	0.6373525000033802	0.7602384490482883
GPATCH8	0.5104351053531035	0.1604438934668778	0.6484117285164552	0.27551438997144684	0.5098064740610635	0.3772352612510109	0.7489306425419634
WDR7	0.14036427903254226	0.025203530448104337	1.00061394845788e-06	0.13068520337020995	0.11220044747774209	0.11417541892052512	0.22171927924804208
RPIA	0.12822037906599892	1.1628462305806435	0.6240081944968722	0.6584672170291559	0.5448998741358967	0.014871310379371923	0.6617260134941685
OCRL	0.5111441767915449	0.02716698549715838	0.36310860049516686	0.5287628530463344	0.5538739491622464	0.559132856415466	0.5252041395639884
SEH1L	4.720085748364484e-05	1.1048398889221642	0.40269916935338224	0.8866804214141116	0.5598122391819002	0.28094962496403253	0.7320605351765148
AZI2	0.19232184027851526	0.3822139121343721	0.09172335313257961	0.5053068586266972	0.5304718797726129	0.7169918950174977	0.32326786272198865
PIGS	1.002311836975421	0.45091201479065707	0.9573039137384817	0.35551983540763116	0.655255751897119	0.8150662930223088	0.7417801936768607
PGLYRP1	0.04704332348729869	0.04075688324314353	0.03400984040335393	0.05101420480017866	0.0526014756039868	0.012530846749239103	0.04986907208214336
PISD	0.4350771614229482	0.2006623197603574	0.5463781455149043	0.054421275215207995	0.19985054682612674	0.3626334939357938	0.16821657464013456
HDAC1	0.6850884632963761	1.0927888265388777	1.0489188696026759	0.7484224680378316	0.6180214451058916	0.7132350707393944	0.8296398626570148
NADK	0.7325875782206805	0.40670823582734267	0.5868895444147707	0.43889569396927597	0.5634892126674893	0.20783659361579815	0.3466023653802225
METTL3	0.41007774869456326	0.9475207419627529	0.8266603381702574	0.2603261707391475	0.6032367314349683	0.33112021285848187	0.8035172446620296
LSM10	0.6689994267829649	1.0738314565325977	0.19074866648778568	0.2694302281135754	0.5332505540901625	0.6161786251777639	0.24249179336732254
MTA1	0.5433579485890485	0.7288512485751416	0.9837528220858252	0.5637579564437155	0.862444393784105	0.018843579889957947	0.8111637068208827
METAP1	0.21956341422937453	0.8332856981501969	0.6134418429058095	0.8177004140128056	0.5730341801148244	0.5255125758712988	0.5146650372992149
GNL2	0.15789865393288688	0.8484333179481209	0.44522879246139374	0.5046689980449729	0.4262784529239595	0.5337456665135994	0.7046288026315574
COPA	0.9636368153983426	0.8116075233376373	1.0215083616939957	0.7299500393293269	0.859253042077286	1.0205541911013258	0.9066465839207545
PUM1	0.5661906840290192	0.28946257242203155	0.7947899607394857	0.5975585852588152	0.7160802967599236	0.450857724157892	0.7810665745448437
PDCD6IP	0.42856927617815394	0.6229616122223999	0.5460799664980973	0.719236715265219	0.7577478786520323	0.8501207288088072	0.31455818782452305
CALHM1	0.02691620823942801	0.016115273459811213	4.287067546719677e-07	0.04622481824376907	0.013918498674838376	0.03365883480323595	0.05753872978863892
RBMS1	0.0046074064994515145	0.5205564300843453	0.5211636806733085	3.3984479232430104e-07	0.3907221319412975	1.3656707026615889	0.2463060414089954
MRPL15	0.5730852502399217	1.142945461810846	0.7382090416511142	1.0062065049606328	0.6875133029127547	0.8368835936543566	0.7753690096578458
BRAT1	0.9354197317726582	0.7458140904812165	0.7934629881296837	0.14314314796739205	0.3957458452979477	0.2874920654731686	0.6832804735034649
SACM1L	0.3028120587864184	0.45955553424375906	0.03181486349551249	0.6363981772819444	0.500671293311201	0.5440745099562738	0.2915388515041503
SLC25A22	0.393327614763428	0.5189650771015776	0.5751118805645381	0.08871342460997166	0.44508922252623795	0.12063042628791949	0.45800656772062803
ATMIN	0.43610026005203734	0.16849897979068668	0.42011150977151057	0.5564371743436239	0.4003004152077279	0.36761951039631097	0.4467678008404566
TBX1	0.0922453092193761	7.643126982823953e-05	0.10049158779681985	0.04200744891939638	0.24619409909157808	1.2292191003011281e-21	0.13315736603998796
ILK	0.6328117571737375	0.6249015691382689	0.8708216796853808	0.1633970022117915	0.6536258342973714	1.291543173530718	0.564764256023533
LIPT1	0.05176887205869543	0.07301104948313338	0.05101767514178667	0.06599200381887173	0.051191413312181105	0.02313651857267264	0.059904598565102454
ATP1B3	0.6273963772923951	1.1250969254756507	1.0493878675874229	0.7237168080917695	0.7706686285077287	0.9811515063867954	0.7943991460766796
AHCY	0.8275591838625814	1.182166118048589	1.1150034168782819	0.7992691901386184	0.820320426973558	0.7422651957261179	0.9627402090422743
VMP1	0.746488850035316	0.9902957672138498	0.9136620338011083	0.915852975813829	0.7836781711959702	1.0630708051597675	0.6026799787108207
PPP2R4	0.9738601525008533	0.7657450831522109	0.8969587416579203	0.38369286258901597	0.7081341902256181	0.7131527466235008	0.5437773355387825
TSC1	0.19680983471402494	2.2678550679884227e-20	0.2531164290815244	0.2674412362131511	0.35104711934161087	0.20137230510125848	0.25015980199515736
COG4	0.797825872820179	0.5609724206135791	0.9305059303583972	0.36278349557251593	0.5669871880580417	0.6799455705326327	0.7244793377290255
URM1	0.6902819092112671	0.6871998986931941	0.6994561466856021	0.2589101695979277	0.5082888229653528	0.6589077857753951	0.5452104989082934
LIPT2	0.09818353099978841	0.077360263035052	0.09333199587180253	0.18009166336260427	0.09800482677153181	0.0063881905932256745	0.09493670935484023
NOA1	0.39752451919323817	0.4914923871686033	0.4377411083825939	1.0063454296913208	0.621656127788961	0.122646485509205	0.2449611615511047
POLD1	0.46010838424603745	1.370374709831609	0.9527452095602669	0.004308449251853516	0.37070170064325386	0.00012569679442376485	0.9720581854313968
MTX1	0.7939521062934949	0.7263580798720928	0.4765170549706986	0.3068652738204255	0.48785355145940656	0.2586263011636551	0.29914698506956044
ATPAF2	0.2536355992862149	0.2281034917961582	0.20653583240423062	0.16537154977184595	0.23898770366219302	0.023019809062875398	0.13544042133243028
DAP	0.7915657484580085	0.7405468611349314	0.9426869549780739	0.7556424753503268	0.6745521650526145	1.2024029147597415	0.6743622775316193
TERT	0.04096831069979455	0.15904839389883518	0.0368230611885232	0.06860833690044549	0.017549882708403252	5.29901022123881e-21	0.16061883306452246
PCNP	0.6760829988165349	0.8669196167880943	0.8106503129437732	0.9883909848567445	0.7701690387634686	0.9999123597406896	0.9430326732859661
YAP1	7.43202027981332e-13	1.1713546706163485	1.337665122034163	0.16746635840852503	0.6411198397512852	1.0785476952883593	1.4084175769739498e-21
CDC20	0.4885650376097363	1.5959227027281564	1.1645357017118563	0.4754001605630193	0.5187457690344247	0.7448485172226037	1.0369794543142388
RPS28	0.8936907911090591	1.0774729064851163	1.0705160386116512	0.8823841425195554	0.9157355181674056	0.9594914311480021	0.9454748475667508
DOLK	0.6474409214213765	0.43316973736167064	0.7701778026286068	0.0005436067569749143	0.6283688338736241	0.42145483024039726	0.21734922546917967
C1QL2	0.018944341031120967	7.930464191084663e-13	2.916845674848029e-10	0.02353847552345585	0.00510314993253813	0.013820127266402882	0.04732961844594329
B4GALT5	0.5982714080784183	0.6479819435527728	1.2213659331298758	0.346301463679035	0.4402690573184343	0.8523962840976481	0.9746704005109462
VRK1	1.1712576618251273e-18	1.1889042525023976	0.641578859139636	0.40617253477681825	0.28080782770839624	7.278295859434119e-10	0.8017705456828497
GFM1	0.3951789929467583	0.7333974752813762	0.43076375441374803	0.6268128768769041	0.20886833477145117	0.36407526029991527	0.3551517229035144
SIRT7	0.5823286141898049	0.49119432777150906	0.8176023073808297	0.5452711673512594	0.24577421126629168	0.3268728602651879	0.17206520499333888
IL18RAP	0.0005834235874792793	0.025233485526253333	0.02714033112445474	0.011720358772011517	0.003614241542507502	0.02793385885003401	0.009843414752442044
RAD51D	0.24029056886805408	0.31974793487903364	0.130405767536889	0.15204589094747106	0.11505275668314742	0.18521003728969304	0.27945626395193635
PPP2R1A	0.9113515550659957	0.8462510318346252	0.9863178279462026	0.6223305938285071	0.8837140577633579	0.8424575567624967	0.9070690996504878
PHF23	0.6582096902279647	0.7604719109675954	0.3792935469848696	0.1466286639095296	0.7205440154059052	0.5547463410055933	0.35771179442279466
TPSG1	0.07331023044430307	0.01548680400314571	7.532895678505197e-09	0.039527531221777226	0.033193826158737026	2.6381963266491745e-14	0.027170983813820652
BABAM1	0.8087466377913638	0.9830679464032778	0.8960671569130974	0.579995550828523	0.7741337934576511	0.9270458717280088	0.804003680706091
KLF3	0.29416077776747673	3.2618999292927774e-07	0.6750855174075178	0.889304674904626	0.3692610558029333	0.20118411659207583	0.11514971505940537
NIPA2	0.6890045795694328	0.9348233118798417	0.8107060072493465	0.508027280906553	0.5876559219350539	0.8144542397883291	0.630066112642702
AURKB	0.3617278959353989	1.6812083667199036	1.1273672939807209	0.24529620647333925	0.34366894323460645	0.5195247878460555	1.1530271656906048
PSEN1	0.222574660280905	2.5864367646911493e-14	0.6091945934463949	0.4717640507724266	0.3455393471404977	0.2934100533169551	0.17082571318793763
RMND5A	0.37081093913750796	0.09075086751493733	0.24042225831324399	1.004073408070579	0.2753689287174621	2.376857217206085e-21	0.6654444587447185
WWTR1	5.6048224707149395e-14	0.6953864580002552	0.1943947370937867	1.4696477619976595e-20	0.07391898721614253	1.547605663033349	0.027889438825685526
SPRR2F	0.018619679269238132	0.0005472813702687521	0.09135679936098533	0.015946553110403144	4.104116147645811e-21	0.01084907154491536	0.011732820486322987
NFRKB	0.21904010361328852	0.23068816904803863	0.5668691362921118	0.3812569177489961	0.33633386672119153	0.00028560375138578567	0.4638934773145514
CBR3	0.5841197392660775	0.3552670909667941	3.53761144204116e-21	3.933051161831012e-21	4.067153271624041e-18	0.7233821737362754	0.033840366744856694
EFNB1	0.10977547498225107	5.551710805992994e-17	1.4180770811104533	0.0507253556008823	0.535323320419665	0.0627821644785967	0.26902721419153336
RAB35	0.6171542369461861	0.7190358547825831	0.6490852123496046	0.4093144389494428	0.565819185354741	0.5764770477188548	0.4708237398179205
PIK3C3	0.1653348814428919	8.887227844303305e-14	6.926043350146886e-21	0.21142139958410544	0.18240146692245104	0.3195614368633095	0.31771131431448335
ASNA1	0.907784467135953	1.023178367996341	0.8886064809338249	0.6478325332754461	0.80992577950673	0.9392095977105385	0.804091668672153
WDR45	0.30409486432561833	0.014288747732075982	0.04532965271701436	0.3833886003968823	0.3637966679385448	0.2825679280514518	5.119864388628128e-06
PPP1R14A	3.74408813726028e-21	2.5090779755354676e-06	0.006926873465645067	0.15488693641241966	0.9067240045863527	2.167313204694079e-14	4.727112854304437e-21
PPP1R2	0.3101921366311978	0.3032325893191574	0.3577433158412576	1.065369931700905	0.3717633709176176	0.6941407320965507	0.4352085952005721
SERBP1	0.5963307364630976	1.1577406648852033	0.9042134873416163	0.8831274460061125	0.8415945804898606	0.8296396047350203	0.9576704456913283
SLC4A7	1.666217092075348e-13	0.3489378898048825	4.9968886011582596e-05	0.18937106036935983	0.45128452727108226	0.8428680975899556	0.24261388328851782
PAX3	0.1305247455777065	0.06797193285303099	7.603141861761549e-22	6.731766301832901e-22	2.3601219284615228e-21	0.07787014889771969	0.04862478278780217
DIS3	0.14974858997305499	0.5167734333336912	0.5819083443626915	0.8164469659317225	0.5168240253511839	0.6059946788534566	0.6460911405800591
PRRC2A	0.9108118056853093	0.8710589927745049	1.1595875511663085	0.44116844491967777	0.9184244206486012	0.678395811446083	1.040632841597843
ATP13A1	0.9718082042552495	0.5443016042428098	0.7018872197602425	0.23417898238972412	0.7998411015090232	0.2680019536896395	0.5241590449437599
PIGX	0.39723135212279514	0.20126504974027276	0.11659106324955404	0.5279022402418608	0.10009558496180775	0.29833246454953344	0.34808830973965776
COL6A6	0.01674992540953496	3.101856876513497e-17	5.764082212149218e-07	0.031209539168288388	0.050364335547324696	0.023776408724160925	0.0450502017327887
CDS2	0.37576077743979264	0.015025986489376347	0.2848116286027424	0.12124939802933661	0.19670903394575492	0.3435053343472101	0.38952732558559094
PRRC2B	0.7940218021307953	0.3151760924976255	1.0775467830581733	0.3765005874293637	0.8912810271079566	0.41547951965116625	1.0458572853018788
PIAS1	0.2581179079924335	0.10696282565162415	0.3801624477267731	0.22319637093786518	0.3184263781311564	0.12500779087973835	0.33887139564330593
EXOSC5	0.5116143926806143	1.2137447937699934	0.6828606144929855	0.6794408927385165	0.4372996737810857	0.17589891812041414	0.7699073250341428
SLC25A29	0.2798713686790734	0.000729939314836105	0.07730638281833918	0.14495699252347133	0.14666325513294468	2.376131212658805e-18	0.19508526573473775
RNF114	0.8647324738209087	0.7748332829086962	0.9945978701865831	0.6807479712366056	0.5913028788096173	0.8154878112690006	0.7730470609189026
RPE	0.44211104454629035	1.0060005736813888	0.7237236074370124	0.4987339514254785	0.4959464237467858	0.7491346221644422	0.5741829638613785
UXT	0.762363830333697	0.8102179237837446	0.6843082099878632	0.8288504965906863	0.798830228245047	0.7601507036374262	0.5756985048248559
SYNPO	0.13167549029282768	2.44996967471707e-21	0.15800332919287516	3.18196140431574e-15	0.2245412400272795	0.7916832975741788	5.155430589770222e-12
NUDC	0.6913659599991335	1.2362141025198414	0.9904523697888488	0.592240007386828	0.7391543458814984	0.8033796538364998	0.927599284518817
RNASEH2A	0.6136233996511091	1.3679507049578863	0.9180311743487295	0.41042768564218435	0.527747599066966	0.6258998605791815	1.1220856215205386
MRPL47	0.5969528512177378	1.1507184229738288	0.8383270348827444	0.9983229580645705	0.7074981673016889	0.884740420997002	0.8463200180170871
DUSP23	1.609187302608853	0.34647295739827244	0.10929189223723881	0.8579665309925176	3.435433531895601e-21	0.6292985195243782	6.524907311220886e-11
PLEKHA5	0.09544693189931212	0.19241663292845293	0.09251168727264446	0.26331434745633064	2.9364689971921866e-20	0.21925271186171563	0.22922886241443674
MESDC1	0.6059892134894721	0.5347466268441723	0.5175172063475515	0.08401942235619039	0.27669590670187877	0.03410830098378528	0.331381063064901
D2HGDH	0.45448681080809494	0.01188276075913985	0.3073151490897342	0.1990362502857459	0.2789004402822909	0.00689612068074368	0.06837930600301276
OGT	0.5300390738689428	0.43079192498734953	0.8758987070278125	1.0295763110402127	0.8421428695644959	0.743662350387449	0.8565527172504794
DIDO1	0.41624106297866414	0.20309352602476852	0.5946976889579889	0.24596182122917187	0.28162532060808715	0.18018073191069348	0.5727297356203268
SDHB	0.5998030147234427	1.2857093445538483	0.6416534034331031	0.8563307214764763	0.612251182648427	0.7282346084318503	0.4872818383190344
CHMP4C	3.5485486029415914e-06	3.838916251713798e-21	0.6246119685108265	1.819125027915872	1.8045750399060354e-21	2.047307418194407e-18	4.1643048005711534e-21
NT5C	0.5729974453401212	0.8356866323762713	0.7201303254064471	0.7408625029261972	0.6139457926118896	0.5376339396647114	0.5075914771299918
RASAL1	0.18555836522083355	1.6985307753103323e-10	0.00015861963153439705	0.3883317173997027	5.384028232182891e-21	1.9212092194040368e-16	0.04952674391423663
LRP12	0.22182872267173254	0.07765023046710057	4.6171905553785285e-21	4.8320321592905644e-09	0.09178881372617005	1.2080452687870258	0.5515401346082098
INTS8	0.22649353560340668	0.6222391557424805	0.2605394118390924	0.9416867392555563	0.3538457041022714	0.35535626752415894	0.5060704602330293
RNF168	0.2273641713026919	0.22210102962276715	0.4059975083960186	0.4490097789934173	0.2087999848481014	0.07728335048339056	0.5459777049067481
ATP2B1	0.34982186533716036	0.27318588133474964	0.19817522928757622	0.6483447946767952	0.741226384002835	0.7006575838515734	0.3536608200972769
ARIH1	0.5476894402377195	0.19649782663472695	0.5069413986959651	0.5949547134383681	0.5843847333007682	0.46745328905138483	0.38372293134675345
RRM2B	0.5067864598529167	0.01766384445054913	2.656042451023332e-21	0.5112280577812626	0.40261027007754924	0.6992074164160582	0.15377440131354644
TAF6L	0.41158998155903503	0.43959856758942845	0.4798918922222209	0.05105918070351398	0.3201297928240567	0.004347823270094901	0.4868387112833278
RPF2	3.4217695546721655e-13	1.2815712063238713	0.23801018894622736	0.9125639521062604	0.558626986869313	0.5606380215994274	0.42643342733570666
TFAP2A	0.7932403534728936	0.3247325715691842	0.4666042394630785	5.87304972382022e-18	4.589838043667661e-21	0.19570748552375933	7.733914596296074e-10
BDP1	0.08368491652508407	0.21940901534735238	0.0711627874373045	0.5470455642455506	0.26212847713930815	0.19247316320958535	0.4127524538579465
GNAL	0.07511838613110393	0.12918190435605656	0.027867101402239754	0.06188561380156787	0.05985651808660824	8.090846206014455e-05	0.05985531296850091
RAD51C	0.1741004760899792	0.8184029010614533	0.001192760208022965	0.3654088912493885	0.13460353285541748	0.24798006810442308	0.621423071059219
SIN3A	0.3528854500652944	0.2838791683103494	0.5401696312157613	0.04306615697870492	0.32500017775747414	0.02853060740033947	0.5393004221817814
COG2	0.20962407294407645	0.1561328058463653	0.06957379148461854	0.298123290768861	0.1355201801184737	0.004438878193496772	0.14139385284094017
TSPO	0.8440824708862447	1.076072494889674	0.8725094618551394	0.8453383153478027	0.7674534248549665	1.1798476111382679	0.20861234334117626
RNF32	0.06637866610358885	0.06864957288340082	0.04504999163242407	0.14351408949425593	0.061601517112257476	0.029608569740829132	0.07784547970880278
RPAP1	0.3888245025187893	0.3981441352495243	0.3760730874582706	1.700937083884724e-05	0.355249326620824	0.0004948268606063574	0.3026701202550592
TAF1C	0.6076986994045979	0.3788531193176961	0.5567732185042038	0.0019029858055426422	0.2497667452302413	0.2549950670496934	0.5104283496098151
KLF11	0.3269999124409858	0.020532423664132392	0.025440541641384186	0.3998701679304409	0.09597739420259607	0.2206651954690171	0.26840175288023355
RAF1	0.6783488665534037	0.8511437331493302	0.8169496787356123	0.41875858093404755	0.8810813671444028	0.7069383109621573	0.8310446982515473
EAPP	0.5791528598466812	0.1920391948174047	0.6558289249728273	0.8553895290618472	0.6229631883686206	0.44317956850090756	0.3791391769605607
NAA15	2.437287040691319e-09	0.8956539458012134	0.14983605308118556	0.5778818984301075	0.35789229703634134	0.27550072088957045	0.4034120874559557
ACTA2	0.032412886802637146	1.4950017336523075e-21	1.5495830612779718e-21	1.9455039868789733e-21	0.8289866776038007	0.5781358124400272	3.711914777690236e-21
METTL1	0.2279625889243313	1.0135093190907538	0.33332109189373776	0.3310022151656247	0.2961279317984194	0.23325284775135452	0.22435094462062216
BCL2	0.19676464527873616	2.664184837706344e-21	1.764885503734193e-21	0.06789816633249726	0.013209799398458401	5.681496657530032e-12	0.46410302994088776
DAXX	0.642686957998835	0.8097988268277362	0.8324116632135206	0.17364151446051884	0.5834625909853458	0.575097208647465	0.9310294409072374
LMF1	0.22033607706378547	3.4492948030621613e-06	0.06392503801326242	0.10214166264325208	0.1802763251978016	0.059412101613621045	2.3365632937273133e-17
TUBGCP2	0.5235194884180104	0.5527662632889133	0.5791406883506203	0.31564397956109974	0.6217735449430571	0.3796400597927658	0.2475658408216437
NCAPH2	0.5804103357621765	1.097271857871654	0.6890326070678398	0.10004206569611923	0.2220374545263781	0.4379172356272867	0.9568419223466016
PITPNB	0.35872652909515157	0.9051888191439051	0.6950225275354786	0.4398732668739353	0.5134018865784614	0.7376816537159137	0.7255648058496731
CKAP2	0.0896423495775791	1.0346497924953262	0.5035815193508164	0.7875237672191642	0.3655547836017252	0.7685156670430955	1.0167996960008934
DFFA	0.1293219179184946	0.984146923858856	0.3988549882176234	0.3531828356138007	0.6472584879033991	0.16150956959189855	0.4661014599567993
CSNK2B	0.7256355098932991	1.0089941528783815	0.936307339477352	0.7489792107018497	0.8541639227668277	0.7625120750579217	0.7605629327235446
VGF	0.4835281392693868	4.6818950087174666e-11	1.7779845743962037e-21	4.015950007563247e-21	3.779247928656728e-21	2.8572644672560443e-20	0.8283816887602379
FAM43B	1.2911017868253915e-08	0.03514829904492442	0.00734146892604695	5.829112518546897e-17	0.09274659760237121	0.02606305437988836	0.0661980829051068
RAC3	0.5200963310015962	0.6044574778624553	0.3800872690773999	0.48906803798822934	0.380622968508905	2.945459605338928e-21	0.8808571824512142
TFDP1	0.5924675306802835	1.0564406657426735	1.0191272075316182	0.6557384921819354	0.6566903401797152	0.7435695992798607	0.9932874547700096
NAA16	0.041450897979449244	0.16134344869207232	0.08831856759255284	0.3348172179744662	0.15791134494157028	1.2096935002268605e-10	0.3379440625846418
MIDN	0.911391885002607	0.11493124914347892	0.9284588259634727	0.36733102542470236	0.7271028538666384	0.4012740375394968	0.4783185306605886
PQLC3	0.4689042524294573	0.006678771098572276	0.0001479060491362412	0.5315164696413057	0.22450336422645098	0.6118345382177359	1.200881851873517e-21
MAD2L2	0.31480569860844704	0.8112235911913792	0.2931237232661364	2.866994059269983e-06	0.30948602138804016	0.38752477072579766	0.7540091505027894
CXXC1	0.7473289103593576	0.4231157334208543	0.3044866382706442	0.2839394081660645	0.48750696569441576	0.25644210604286066	0.8422709000462567
BYSL	0.3269277341037593	1.281646914140086	0.6390170109441095	0.2280960093601936	0.5707360925657649	0.28744357564750156	0.6209804591711501
NLN	1.0601315733405206e-05	0.5048759257051266	0.004244497397297335	0.48914342011497614	0.2952546642819088	0.21380374627110943	0.24063083225902915
ICA1L	0.06328160942033528	3.70571425264475e-08	1.4471373596870293e-13	0.10916815153213222	0.07261527065371572	0.07272440541205909	0.18034124761599588
CCDC47	0.8126943647485975	0.9431099323538259	0.9066056116832528	0.8392874082651713	0.7331135369924937	0.8665032841004938	0.769027236826955
CYBRD1	0.16632196821773648	9.884320357732618e-06	1.824561579135476e-07	5.358314691997818e-21	0.5754872837359792	1.509080909263332	2.4305692496061412e-21
PIGT	1.0214841215580994	0.8120510752053797	1.1346598035047817	0.551023991565725	0.722775829611938	1.0824700370928428	0.8301374580080798
SRM	0.6468336624955076	1.4807715678907771	0.6351495046188581	0.4000500345508613	0.9252675944723944	0.6715234009846446	0.7569384232512547
PAX5	0.024437329949449704	1.7827364052099628e-21	2.9343707096725987e-20	0.06634697432340336	0.01582866796810195	1.6632638979293905e-19	0.2711378578808025
KIF18B	0.12366986408856874	1.2787689131660225	0.6063243721275887	7.457439057847986e-11	0.127789998692949	0.18059194847186086	1.0897963031556743
HSPA4	0.6376116642922506	1.1676568549917548	0.8322863046886521	0.7871654598158553	0.8597012078223552	0.8614732105374057	0.7646779319761516
LELP1	0.006628876722115088	0.010564393312031631	0.007468491346653565	0.01144154799669135	0.0071164478974558255	0.011566039123081556	0.0038041073143929996
EIF5	0.4400313085749854	0.9491949998070178	0.9277890974616729	0.9087880863471327	0.685041038072698	0.8051796556827385	0.8433145855225189
GNE	0.24236514845808427	0.014090464069677	0.4545352168925427	0.13506914643228216	0.34711389197067616	0.4718087315645445	0.3944332221071146
CLTA	0.7185092548651513	0.952389060607825	0.9623624213443747	0.7982450693354685	0.8755328857908898	0.9862486377620434	0.8021505978457875
CACNG7	0.0028743980321084346	1.6526192568316394e-19	0.011617765980216377	1.52941721773782e-21	0.2772606823726661	0.020492968541725665	0.13060390718678902
RPS20	0.8589052727668742	1.0751099164846332	1.05320976744537	0.9438833495281871	0.9003774542315494	1.0005193203323588	0.9694616598298238
RAD9A	0.47927951785273537	0.26620337191220944	0.7555055557733575	0.041180357902861696	0.07696731589113294	0.009392870343975483	0.39536550654719677
WDR82	0.6461625709870861	0.9318009066262802	0.8138913558656695	0.5370388331755863	0.9479611740765232	0.6416535026757251	0.8563535716290634
CDK7	0.1753840243270398	0.6998130116471647	0.552569847178037	0.979362367878048	0.5849841238998853	0.9198969834892602	0.07804387085245924
SCO2	0.800953718216619	0.8152547377840399	0.5712047215256961	0.308882417097319	0.43894131074947207	0.49145343559715987	0.42650499266296515
GEMIN5	0.09779836322289774	1.0456670747790282	0.30352182279421136	0.14018008900901213	0.4569937379160619	0.0011259401475804112	0.39166972590107224
VMA21	0.12984748981518032	0.7218136984012947	0.137579297903889	0.5966702947501362	0.23544306274400345	0.581206600864492	0.48658141362022495
NUTF2	0.6697768655721829	1.097395439440193	0.9506550763411269	0.6968638869235362	0.8928313418643143	0.76635384046329	0.7963630225528626
