Name	C0	C1	C2	C3	C4	C5	C6	C7	C8
TBK1	0.33588523067862514	0.7072318212517895	0.3650200881033794	0.11881465083453324	0.41808784478548594	0.8886059549498108	0.2761290928686821	0.46887473976080113	0.17378793259465306
ATG10	0.07808281584410508	0.06173365595018551	0.0819229667239543	0.09265715948341666	0.06592586919805998	0.12899572538293014	0.06817656401509879	0.07094213021773839	0.15137037790194607
RNF31	0.38143561753878646	0.34008098638654155	0.9456035677092117	0.5402534674538708	0.47849496949960474	2.5916364067341874e-09	0.763218993085449	0.22565687228869094	0.2299581195004116
UBE2N	0.5952604534353153	0.7683668559857314	0.3610128855905731	0.6512089856391409	0.7212093495145696	0.8516905797479433	0.2839555706872079	0.6026896552266413	1.0301081748548613
CHMP3	0.8647065363544489	0.5772023475549689	0.5278420632246524	0.5188845970694735	0.9741044674016912	0.5562476299254223	0.8005527703799155	0.3594265624168232	0.2959501237888562
TRAF2	1.4064445308007926e-11	0.32547321816228475	0.5594952295354061	0.4050904047198956	0.3983564428898849	4.590456494170048e-08	0.9353859443545227	0.08596580227901592	0.43781790731248815
SCAF4	0.38137184643920424	0.4764550470640691	0.4766427109839842	0.8456662965960812	0.5591466739114572	0.09941890888199963	0.2013954884630099	0.30092351703528963	0.6039433346362181
STUB1	1.0360863032793919	0.4455523552783824	0.8397912660861293	0.4894052076751688	0.9667634682882038	0.5050871637568696	0.6896086714079036	0.8473655593444679	0.9637271709289109
BCL2L1	0.7816044750945688	0.7008813241653808	0.5929403288409661	0.6249908127698007	1.3472558926434763	0.8169249292599238	1.3403140888196843	0.1994711455951743	0.5587719023787938
PSMG1	0.5128975845953956	0.49316072914060405	0.15184059675886047	0.3105824111935792	0.6480147299089895	0.8428463231669818	0.06941951899934416	0.5928914565956255	1.5134867800759537
EPG5	0.6384345910833779	0.1989169838040686	6.084538927030534e-21	0.22896428645256234	0.08386663422733438	0.20402316342961638	0.24575153562421126	0.11871595852829535	2.326748923154869e-05
ITGB5	1.3438420719142445	0.743049039510747	0.7400188126293676	1.9216090117519354e-21	0.9099649836929263	1.0892509748336024e-10	1.5099201963712703	0.48965765035118436	0.1285354730090764
DICER1	0.15338261577578016	0.788107995112424	0.5525609490617179	0.55000179882904	0.43514565182088233	0.37975934641961945	0.058765465921520425	0.0506540767009926	1.0662983197759558e-07
MCL1	0.9291496222993916	1.1593811809740588	0.8900292618547001	0.8935885318391054	1.0804800020045895	0.7676769655552487	1.007158946845142	0.6550592413734196	0.7852344948630967
XYLT2	0.7355954467012029	0.32984953458258387	0.77087623463253	0.06719084015820354	0.29082842402727327	0.10038845841391622	0.6956435084226738	0.2633866218569129	5.520343693572188e-05
IPPK	0.2368173812010536	0.2037192003809718	0.3685759245966068	0.231230809637471	0.37032041329885296	0.06677720139231322	0.24411678316411037	0.2053577007172148	0.3088647416124062
PCBP2	0.9399151294945726	1.0028054639587134	0.8592928993708534	0.9868180573638335	1.1198380439296556	0.7225223070684879	0.8270267136815213	0.6879314803873593	1.0617123268672755
PTPN2	4.810106838236081e-14	0.7599523791189048	0.2745079731839671	0.29359072691760113	0.6609214704014371	0.6743537769698315	0.5037234482413533	1.4550131852982074e-09	0.6054242225467581
VPS13A	0.21848666191242605	0.32276080225786397	5.9307120712739575e-05	0.324037987293726	0.34586859676902343	0.38929481793521103	2.9875874036916836e-10	0.057683718382471265	6.235778072797288e-13
FITM2	0.4783228962613466	8.374553145606288e-05	0.2847089428765634	0.1201700553403394	0.2827383462128228	0.030414242856165317	0.19046367539435982	0.45989896776635714	0.13252140669642545
IKBKG	0.23487842708132448	0.021238955264097036	0.1626154902726473	0.1177288085791089	0.15282365508972362	0.0120307451582137	0.4705175258744035	0.11010905938718327	0.21622857952592395
RBCK1	0.9403550512393043	0.04802597862359345	0.38091011193955343	0.49578931925894704	1.35666684382512	0.5323665800176007	1.2474368036153967	0.7135686929439863	0.3165832539121163
CFLAR	0.1397611998305311	0.12446414515538802	4.835691084247471e-07	0.07176178729896351	0.34478938873437354	0.4248994334413269	0.9398887494823621	1.7968206616598662e-19	0.00031698625438720125
SETD1A	0.22739852938782892	0.20260756896007776	0.4552746750371444	0.5832442019054861	0.30340739332595434	5.05422138656004e-07	0.11919251396252703	0.22893060112094465	0.41584766756514824
CHIC2	0.7549811462144449	0.14114471705074985	8.605577537043054e-08	0.4659482038392333	0.36729003817171574	0.4615126610793499	0.7783390826085382	1.179402141919413e-09	0.10455474529991372
TCEB1	0.6731486099425296	0.721592533191092	0.6902774557519599	0.5227422857299955	0.6862000548648106	0.9346074674175026	0.9393977164905449	0.655369795042309	0.9083462013880771
RGP1	0.6064142678522096	0.3075162917206315	0.3835905693965657	0.7624317359754376	0.6469948506558562	2.2290839864201956e-05	0.5736600176568198	0.1818579991422638	0.026518617261069685
TAB2	0.6023834153834854	0.9145765011666768	0.47251903477583185	0.6200982331685891	0.4840769937665452	0.4954402975062542	0.887547725310127	0.01675120572818657	0.03734590419247668
TMEM208	0.8193447111283257	0.4997183832101328	0.7150428212474671	0.46375315849614507	1.0306668045277547	0.6715696061072124	0.8742669637146004	0.8079420805379177	0.8150190832517633
IST1	0.7561485827681614	0.9108992216112237	0.7505830277154075	0.8723445181635676	1.0633839199869868	0.4755349778494318	0.7562931850490169	0.5152135344223858	0.4527459093608972
BAP1	0.8111808771235984	0.7692769054184088	0.5357809129875268	0.6547881475982661	0.5420327995200221	0.11129404593308247	0.30383629746962015	0.5939787422785326	0.9129732469583017
UGP2	0.8509729254461345	0.8597001562122141	0.6881885453721918	0.3596329602485215	0.791474211544819	0.910105082038114	0.8595338925218857	0.5893507397296911	0.46284425630567116
NCSTN	1.07341559082318	0.6906941010454327	0.9217036982883289	0.6505583493276409	0.885919750866156	0.31826654447839847	1.1913368581441233	0.6821656091267625	0.2278165500031476
UBE2M	0.8733236587088001	0.5959986179142368	0.8243239210410344	0.8716432512861754	0.9270790869073112	0.6063106448040771	0.8231444220055064	0.8540667610884375	1.1488864121535363
KDSR	0.5908054502412733	0.2547978679394719	2.3627331135537862e-14	0.4025283429920173	0.442130396954227	0.35584780396636484	0.5547070645707909	0.39665629687795695	0.08461506257820432
BIRC5	0.48815200419345983	1.0999198179569234	0.9262160974198378	0.8912640890603175	0.5560285263124913	0.49527851431422376	0.7871752574649408	0.6025764409399073	1.6331687621032986
VPS4B	0.7043289871544073	0.5235533432505984	0.35935716415904223	0.760562349697651	0.919057745509385	0.5550154646110981	0.8420240658500491	0.44997303757478274	0.15726107880918122
POLR1E	0.49611491675077113	0.7682693502078947	0.1095727150421901	0.5049653473590637	0.37203128295032906	0.27960991186937967	0.003997802769734408	0.31344091072954994	1.460596239186965
NPM1	0.999152259132078	1.0495190371290246	0.9227059443152694	0.968866703548506	1.187833692580336	0.8153033576938136	1.0055942056639278	0.7874903653137225	1.1221707673509265
BARD1	0.007139594894357782	0.3559202578289721	0.26227294957767044	0.25205379331322725	0.09331853821674055	0.20929519494385534	0.0818870630193252	0.01987972120187993	0.3060880696383753
GPATCH1	0.06007750610254671	0.2234490537625396	0.391939362454272	0.29827720460938517	0.20200913559240818	0.1839153269766248	0.2662927649089489	0.05093789289384949	0.19621914683294478
L3MBTL2	0.46494664488184967	0.018026736377477304	0.4280641462129675	0.4375295721697029	0.3394124066309333	0.0007983483254516252	0.143398718798182	0.5155331172081558	0.7056233006178251
TFB2M	0.26935855915273144	0.5644146625825224	0.4936289931179038	0.16329128712691943	0.5726045907176759	0.9497113597558187	0.1685466970477911	0.7034273837399202	0.9065036504978761
MRE11A	2.1153954379671166e-12	1.010979474691328	0.3901012889016085	0.4260573622909529	0.39163432657798647	0.5544933743456286	0.29322633537464604	0.012897154705732506	0.3997362963803865
CENPO	0.3007816759397385	0.8605633125887536	0.5201100520313157	0.725024464083788	0.044793884760039177	3.081480967571855e-07	0.2926821080041843	0.27013326480900723	1.2984880685282216
CMAS	0.5633798473431688	0.7630440438777354	0.5105418589166457	0.5618342254575727	1.0276857179636942	0.9068831008292744	0.7823684540706737	0.7697798797954324	0.7095717251330907
MAPKAPK2	0.9501785278220247	0.18762692487710195	0.804387527351817	0.580543661726572	0.7200270384996856	0.2990981221798273	1.199399518434884	0.43704420195250776	0.4407851878767055
SART3	0.39888214000674255	0.8109046241530934	0.5247733436348175	0.8735211672136927	0.6817114836314075	0.19203437852510413	0.24617310872808398	0.43214093759225686	0.757989853640359
KLF5	0.04354706295766341	0.4482244772954987	0.0662891072758012	0.0006096277188246311	2.553369202333253	0.32102960548389914	0.13535224733222168	1.025838868701197e-20	0.024843836092122734
MAP3K7	0.4609959156167346	0.7703855842304094	0.18011279243863954	0.4029301544969865	0.20258076359283197	0.588661246623062	0.23990518251848827	0.10274540022526114	0.17310340417733774
UXS1	0.5094465289654214	0.6782609993116152	0.3287168513663512	0.08135533314074211	0.5252852905757135	0.4810422529686315	1.293797533862796	0.515399118277226	0.2384607019522939
NAA35	0.27149691601790743	0.6710273287161035	0.19863975316243335	0.35912756360860626	0.6127913253602426	0.3771871905647363	0.2164271336994307	0.1594553113179357	0.3710501838780959
RAB5C	1.0214480902155583	0.9331491953993011	0.8807141892871527	0.7837969062209331	1.0997385478384627	0.6682113044814086	0.9820378653503058	0.7949887453326125	0.954732599957017
MRPS15	0.412681471302773	0.3795841298181781	0.6166826874911177	0.3174594590269599	0.7007761152352698	0.8444490644576429	0.6570390823861344	0.544529005702642	1.2680828888201854
TSG101	0.731961962662555	0.4756836831144837	0.312921320040445	0.5882694256583397	0.9325632500542402	0.7011219928986088	0.8142705829921835	0.6015837603789838	0.2497390692899262
ATG12	0.42095148584471775	0.4802687503223054	0.06479349643133911	0.14342169786964498	0.2739590125997439	0.5514021942184828	0.38426464422289575	0.1665162408401699	0.08003443215375673
ATG3	0.4976973994530203	0.48410968781770414	0.3403507701669813	0.18293529196523198	0.6880305809727332	0.6393034549774794	0.5110618378562725	0.5601991119121251	0.8254238780242606
PSMB8	0.6115861690500832	3.918530357058518e-07	6.748982358072896e-18	0.09849917440111203	1.2915541347454504	0.0005949256401585022	2.838871391747982	0.4583417239818655	0.10751212875648547
SOCS1	0.1288115859354406	0.020448481200185845	0.07604799283265033	0.08140862127478006	0.07717943418293617	0.03396050421125921	0.13235871280798425	0.003510766678910701	0.11327444523885306
VDAC2	0.9056415000913826	0.9776503374303513	0.8100274019521861	0.8151081547695248	1.1205002908326305	0.8968953038868185	0.8539775952222158	0.6995008913295744	1.0859438616463928
JMJD6	0.29257694186956823	0.056500649483205774	0.1340294365681781	0.30008156277576387	0.11620335444450335	0.18562034595597166	0.41612257718434525	0.36419384418396233	0.46715432734505735
EI24	0.7733778293852779	0.9287625972524017	0.7297888364706632	0.7767601802858881	1.0845223546049343	0.8118840583596915	0.7594141452307621	0.6283367790118161	1.021350228808376
MED24	0.4990065457027093	0.6200259389471072	0.7629808594490961	0.8455674850182333	0.5892900528650082	0.14253985782736028	0.4693218146291272	0.3633156187567893	0.6882903810923318
SAMD4A	0.12805883837634305	0.13179432857649423	0.04044830109640787	3.8429687562060094e-14	0.055585005828011236	0.04386954738076534	0.18552937610996648	0.019691271635187958	0.05613431920505424
TMEM127	1.0430917653440215	0.16335745755835485	0.6495202771309353	0.3595099912888437	0.8409997249027201	0.09592392483540152	1.0782887904000404	0.5227481152923621	0.0013641337999543833
KDM5C	1.031675459524674	0.17032279488327395	0.5965889198679064	1.0206480796882307	0.8309187196028684	0.0460121748469677	0.2855090120914365	0.6074843005751587	0.5726935245672092
GLRX3	0.6889985801567025	0.916020191565126	0.5683769872137417	0.48488178657726483	0.9496628667563681	0.9107679909436246	0.7757044070180045	0.5966974068536415	1.188283898962262
TNFAIP3	0.018899136464160804	0.23445383709512901	5.517256470273091e-07	0.005452019937587262	0.22374216291561327	0.06965528904996961	1.6191909653950516	9.801288569806437e-15	0.0005661177113792491
SRCAP	0.4696718388009199	0.45575554123002626	0.6904154090326939	0.9103007051734969	0.7988305430194974	0.039498406139930956	0.4073256799852743	0.2906399682378892	0.4084678539578273
PCBP1	0.9901100838764535	1.0177264413637739	0.9107719240626697	0.976492445825928	1.1737197664114543	0.7595249476031194	0.9810805545832995	0.7824014437209423	1.088844257123009
MED16	0.7900862476491888	0.2838731721986347	0.37196125737170477	0.7861187855657219	0.6267787952953742	1.6812903363803727e-08	0.38491132445910636	0.23448525592440844	0.6125008298765767
SETDB1	0.17844770499186527	0.29854721783103755	0.728134290092022	0.7046560837016764	0.2835264138261821	0.21430670457508777	0.15949510658248314	0.23797815355844487	6.252931158338577e-10
RB1CC1	0.32769279830728143	0.7762224768108654	0.25406983933341765	0.3659430111246478	0.36620424082490466	1.03241181342588	0.45263977360167046	0.19083295759182575	3.468833827749791e-14
PSMB4	0.9879925746126118	1.0218672789526637	0.9379566332641109	0.9631608724861364	1.1598929514820802	0.8053070808261981	1.0094409176620507	0.802928871922127	1.111996849427148
DNTTIP1	0.346897392705655	0.7866494822316747	0.475629255240627	0.46203013880583005	0.813910769204724	0.3201728938132101	1.2078466028001253	0.4961287609008546	0.9017129728134187
HUWE1	0.844872778317262	0.6903845287014774	0.710604419869728	1.0683276173134588	0.9093679595841693	0.16415952719114177	0.6008438045487995	0.4868527129706561	0.708634717303487
PRPF3	0.2155255430094147	0.7900971661893247	0.8392203528517569	0.6728184645616008	0.34074451432146513	0.3366174917201729	0.4914090769213364	0.24301253585639426	0.3207667435111313
BECN1	0.9157108093750145	0.6819802059346857	0.557360081292461	0.5375434290946501	1.0367808386792288	0.5565656155597439	0.8389551072615039	0.7836140487935844	0.5599813740429246
TNIP1	0.6446024821389548	0.5398931165241153	0.3404338589827075	0.2720304390934661	1.0121371985277607	0.2415512375045598	2.08876926667985	2.1691496204757143e-05	0.38485177564301903
RPL28	0.9905999986887528	0.848546344011139	0.8482327089664694	0.8545983785243465	1.1810112845743164	0.7164722945770193	0.9212509182334575	0.7203046643134708	1.1642140195358865
TAB1	0.3593984763863686	0.07736314912081538	0.44393732777577044	0.4996543313607694	0.30112681433814714	0.0034507227233259003	0.21116298232397251	0.32684275367048454	0.3227176165057481
PEX12	0.24638936094686234	0.13265662086544225	0.06060736270314984	0.1299166043972104	0.1994727718339746	0.12826050935377278	0.06892025771260761	0.16281750240054518	0.05975504164897687
ZC3H13	0.5022375295116075	0.7772479673326941	0.16369331188442265	0.5114315702113897	0.5627594635554231	0.21507283601433913	0.0003557872894193341	0.8097414995042357	0.15935071599759149
ATP6V0A1	0.6533935121690803	0.25355893806995733	0.39021586087822535	0.8861651365631119	0.6794428748298943	0.33131085808023714	0.2787896099041391	0.8548995126471319	9.450631536213633e-07
YEATS4	0.09115759903198803	0.6720349373586847	0.4086045001022956	0.5319836147225756	0.5865220496842096	0.9870831880541411	0.022897469088588123	0.43625838049503	0.803182110044961
GRB2	0.8654333103825792	0.7825337791928264	0.7937033994540345	0.779836919327477	0.9031514863593162	0.5731560713506298	0.6757028225708838	0.6574898745446095	0.8815878498833716
INTS3	0.627317421376217	0.7327707248389868	1.222061967105321	0.7041116679457897	0.5203545019310615	0.3989895240530746	0.5429541264976557	0.5829026118530214	0.008410954573308782
MBTPS1	1.0067914386335544	0.8538767583235805	0.8688227011669185	0.670286865541434	0.7717729318385509	0.34532539965163594	0.8504904507816621	0.4060371880417139	0.2696833012525163
HAUS4	0.26087889308213896	0.6475367316209618	0.9979932611750496	0.5595765403670663	0.7347425280502199	0.38895311912666847	0.7241094655824586	0.19931663384838305	0.6222114730329977
CSNK1A1	0.8832695340725346	1.0234021763005632	0.7371257742676062	0.5858528742464573	1.0972081627508656	0.7995690833869157	0.8721283967241943	0.5484969342279973	0.651132040907413
IGBP1	0.802970998651182	0.45547142625638726	0.2941564485956088	0.5818970301106613	1.1979821299452977	0.678978088540109	0.8005846737942414	0.5422377425458578	0.5550940734220251
MED9	0.27993168858874856	0.040662512589897955	0.40349310640466524	0.3949180305265875	0.2694670816267433	0.13863199988323885	0.27844065344852426	0.3713362854783436	0.35791489266694515
UBR4	0.6374586701766142	0.5596797859891387	0.30294998327121636	0.7791300385184486	0.5606123564639042	0.019433863905846848	0.6408182743071463	0.33610216422796707	0.4480488468668773
YBEY	0.39193594208823096	0.0001917265901553679	0.010897665704361282	0.26836485741958166	0.44830355354751716	0.6107328955291976	3.1707938134587934e-06	0.4345220623111426	0.3672020524179633
RFC2	0.24285359287022976	0.6945589836662535	0.8031667941600525	0.6837865993881226	0.48263202816252637	0.31208762853262134	0.5817085929647796	0.7232448861506896	1.564294920880926
DUSP11	0.2643724336827496	0.3243479502538275	0.20123491653263795	0.0976280501155807	0.3901222473843648	0.43035192346173384	0.33460129696111873	0.09765886036885958	0.2221376692429365
TADA1	0.05069804625087209	0.1525374358861589	0.36303650482288696	0.561779287483528	0.19649022397582502	0.35450223244611756	0.03917399662102352	0.20824542428584955	0.23633999387561427
TRAPPC1	1.023915814272702	0.9719537362342999	0.8967563385604077	0.8928024143394239	1.069726108010427	0.6964204747312953	1.085164036631705	0.7594922116559866	1.042695430849111
PTAR1	0.29231468068916083	0.5133368473745031	0.0022839013923476262	0.47361558328357933	0.19024224659229103	0.4753892512724013	0.18379134276740755	0.31417895755199104	2.2121514621919495e-17
CANX	1.0033103409572102	1.0547919805217374	0.9012002829035939	0.9346806362157221	1.1884120634301885	0.7863812895375963	1.025823048283874	0.7857609417634314	1.05290315660057
PIGK	0.6650490259298257	0.4476420322227171	0.19585140751888877	0.010356135509065232	0.03750118237700952	0.6994458499259012	0.6847929996720844	0.28105556413203586	0.19425601378649182
MAPK1	0.6713655056836839	0.5335628240812447	0.37849849845798134	0.40773123695381497	0.5947877266093847	0.42547800209745645	0.36652363761396284	0.5415012867384537	0.5424694206704613
SLC10A7	0.0768400480900022	0.07097166616411166	0.0778896630483672	0.07422606747400419	0.14091366840476646	0.0845930278510754	0.04740620464378661	0.06051209328834182	0.08855512126582783
TPR	0.6310802114648455	1.3590740192222373	0.8528949782610951	0.895193726433928	0.7706997886289781	0.692736990979203	0.47424821401902356	0.48740880710465123	0.5843888008798502
PTPN1	0.6455183706910499	0.858418362277698	0.8100629246196082	0.7484565154167666	0.6643102174887137	0.20458111453931008	1.3209801354946875	0.6195136391579131	0.6795808394030979
HNRNPF	0.8627861005184051	1.0063232935659894	0.8698746117751467	0.9142740342716186	1.179108847250591	0.7373525533227593	0.9000233970045757	0.7289447305021126	1.0896070278071879
SRGAP2	0.3232775634885599	0.4443966475324608	0.43482284350990924	0.44718062331459657	8.99072483933495e-14	0.0016748255932333895	0.8032409818191738	0.5138654103951859	0.1391772622344294
USP8	0.7079835881918921	0.7782039080070945	0.45752380064476805	0.3417275511406829	0.8153277280491356	0.4388505223055296	0.27184071920810476	0.543386544364106	0.16005001081986386
RANGAP1	0.7211834161809121	0.8221117281396745	0.8011127295107726	0.7775956610094348	0.7713318017588897	0.32374228534080407	1.0185368042616338	0.4704838873537265	1.1026792254079711
GFPT1	0.9410652954393908	0.0719150632859042	0.0027890891988231444	0.35160955091388796	1.2965831638719056	1.1197728681255779	0.3565742165399834	0.6627989426763707	0.041225122484208745
COPE	1.0315095986100324	0.8865277613058233	0.8917387756797106	0.9243439787910098	1.1371944983896225	0.7032290049108657	0.9708119760441158	0.786360056004029	1.0702062175034355
ANAPC13	0.9098274658031397	0.9011454303464379	0.5747288206669101	0.6779113112735708	0.9207352393676442	0.8814227897486857	0.7916922915708596	0.6132329508123804	0.6614281217734039
STK11	0.7652784622653708	0.46406303373597024	0.3206453105648108	0.7351132526338411	0.833991008329876	0.09614943150769345	0.41063523170108185	0.2710230524556383	0.5294647322339169
SMARCA4	0.863114122284646	0.6532276629478395	0.612792445652854	1.2299382854362917	1.106986266933177	0.023452207603424032	0.4379528312940173	0.7376003407453272	0.7800460722287694
IPMK	0.048366855023382	0.09724639302923817	0.1062877155631164	0.11741469991600564	0.19547585016600855	0.2874388624904901	0.09983700493198454	0.062120842343330394	0.1554706501451
BIRC2	0.6249398444988986	1.1569028088279207	0.19113690083597165	0.17514390371447533	0.44548021351670924	0.8056820249952393	1.2205067752613223	0.08031890434494125	0.13784137889009407
RBM10	0.6819599229467175	0.4345938910891529	0.6088426307995671	1.0090762283109385	0.7299952833690548	0.1326507994951429	0.3618765580299903	0.620090290673545	1.0622390013044354
ANKRD35	0.10227510252069691	3.786697027518306e-07	0.03657835529604765	0.06930429186336619	0.06517361715652882	0.024688316899551248	0.02949583364577597	2.0027181462150274e-14	5.157181871198157e-21
MTFP1	7.511520919730466e-13	1.3301646251641648e-15	0.11644971449108617	3.1018819319272455e-11	0.2095451674713734	0.14319263510639138	0.16104201023503076	0.34475960353233887	0.7298361311799166
DHX15	0.5865676954211997	1.0601987722528536	0.7066443464448349	0.810334044107831	0.8507862473602527	0.6534893292811318	0.5736883990930428	0.5554218132402133	0.8298215473253051
SPTSSA	0.5130777963247349	0.6183470053831964	1.1379878189507586	0.5155582367394019	0.7709761453541863	0.665602870593272	0.7406259740787113	0.6083886205922469	0.44497949660442626
UBE4B	0.5101385181307366	0.22694967114211537	0.28721541972795545	0.48284759882130257	0.41498904936656494	0.20210777960528672	0.11705412959248747	0.2813198270306626	0.5344036380953178
SMARCD3	0.5943349918303951	3.746252050520839e-06	0.2879412598474949	0.2535642700495231	5.421579307984048e-21	0.06013710732810442	4.56319768961766e-21	0.2209533168351659	0.09228664493145973
CCDC114	0.03196916907720886	0.036444153082651476	0.09007518289050936	0.060338257544231305	0.04757714126367356	0.0677406135565856	0.05214541177364327	0.041294599345448255	0.021894670453236374
SHOC2	0.7703823117373929	0.2782108166861873	0.2608766014638584	0.16922640775540532	0.4538624768036171	0.8384893480022634	0.1817193943116139	0.23746426917652227	0.06671373904025225
CUL2	0.4270596779409492	0.7201148693520903	0.46362750586000645	0.11770575490942692	0.20774644300912085	0.7542373806605254	0.2956190376003014	0.1457156721994209	0.5686007099264087
PGM3	1.0255149056533719	0.6615881104933281	0.2777522754073354	0.3319507099657154	0.4912752896771349	0.8304370369750987	0.749834424833415	0.17807891867443315	0.3783099293857025
TAMM41	0.11200678167484089	0.13829028909649713	0.07097320123549133	0.09200922985468875	0.18628116168252323	0.11444931677730778	2.8688921488222807e-07	0.11174954343180288	0.262442394459799
ACTR5	6.3807019654411004e-12	0.25872442444695454	0.32224216240971026	0.3228944081928138	0.3424822838422357	0.2022657202965493	0.21346138949124413	0.1840956134479713	0.5530839044921785
DNAJC9	0.5980781247860097	1.143264320677831	0.8448547949254384	0.8754575895690065	0.780768740095206	0.6022770761258208	0.8631428792940803	0.38909718283694145	1.2194472100430171
GET4	0.0884814635197917	0.003808695710095182	0.08838149209608653	0.047066741476063975	0.348652846308345	0.17653781995753204	2.286101896361642e-06	0.180121429205343	0.12478593058900332
ROMO1	0.9809704159318272	0.9233897289342923	0.9365537009726431	0.9047320169781777	1.147851448224297	0.7620046027479475	1.0417955104332346	0.7901236210176836	1.1235124435009145
SOHLH1	0.006017413565855833	0.005471963640092999	0.008190967027772722	0.03495495341743474	0.02992771831593137	0.011041580571366873	1.3597867365051777e-08	0.05314871796020876	0.02286732667191848
RNASEH2C	0.599491324995541	0.7623371983020031	0.7609756132696388	0.48936842629263544	0.42548701296247066	0.4677888772157982	0.6459100013447119	0.5336008942722981	1.0403251606743278
PHB	0.9393728496913164	1.002576683113196	0.9041866757058376	0.8955204340432026	1.1260185539971157	0.770939664652358	0.9113857138664105	0.8036741599192476	1.1955055011583877
CHTF8	0.7908758156814614	0.7182645890212844	0.40224604865977365	0.6124019548867946	0.9212474605062356	0.12255938727548574	0.6004108699181552	0.5231863865133526	0.8629566399891527
SLC35A2	0.6852779610731654	1.2762335481259073e-09	0.5301889465447728	0.28090044179037565	0.9332444341037777	0.10410202042230808	0.9829618984793886	0.34264705442583987	0.2576043984811296
PPP4C	0.9273867927731045	0.8101606923549811	0.9189079792150351	0.8165582970287336	1.118764393156805	0.6570923090617992	0.9223531759481884	0.6897077823248442	1.0340624674978771
RTTN	0.08708945721348314	0.23679448477931928	0.08860900029185008	0.2898421082735127	0.020808432274692566	0.09167654303682918	0.10059835959516161	0.12652722749524706	0.24971485343138802
IARS	0.943195148145779	1.1172783163490851	0.5137892982042339	0.7353688883925574	1.1022431222715219	0.765073346545529	0.515789779909405	0.5925930724109345	0.9295881810907689
GNB1L	0.1752868379834748	8.212844842384082e-14	0.24382318569745598	0.1881374177036155	0.34281105623859	3.0455491139642226e-07	0.3420106424771784	0.18461001243356567	0.7266878347612162
MRPS34	0.8316183877573452	0.6546748459171892	0.9002928987276456	0.7430076612612186	1.103032570080075	0.676191719215064	0.7250584022533269	0.8728890612292913	1.248693792964336
CPSF1	0.6133770672645789	0.7139261928614449	1.1391574518628182	0.9555483617164268	0.7802841167425633	0.22285252162579874	0.6720041018493355	0.35600924638590536	0.7614177803255752
EXOSC2	0.0925206500935847	0.9375501440807396	0.4978090592153308	0.6488458255691812	0.42301536028549946	0.23636431707948827	0.07124934596141275	0.2888027667318909	1.1790878680909598
TMEM165	0.854800373664169	0.5366371241713328	0.5957821100813657	0.2724409224277503	0.7947483776213249	0.7577855690092045	0.968238244302799	0.4243842543193458	0.2510409162686358
VPS25	0.9064230625182852	0.7885814010873918	0.7544565285897514	0.7853505728970152	1.0499626653252607	0.7730121489851411	0.8764586280541579	0.7302370639325573	0.974188918135642
RBBP4	0.7392860639044806	0.9763286782850679	0.8850982841177579	1.0841262002871286	0.9162383074056721	0.5869364583028801	0.6921610384480114	0.6404148854439516	1.0791882290962822
MRPL38	0.3118392779155137	0.3659263460599052	0.7436575084013681	0.4369445899014744	0.7605817732029814	0.45658678874454295	0.35545870377965666	0.6468406576200023	1.1574340553192295
ETNK1	0.12412553403908107	0.4214722999011444	0.09373978339245605	0.3353473363307632	0.6135824473706251	0.7943821568057181	9.491211316720107e-08	0.4743088041992208	0.2622641859342975
CCZ1	0.7219427337973922	0.7055137733667082	0.6726665350672579	0.6872048316711946	0.8827999781310917	0.7872443013929513	0.738892799373005	0.6062010801855472	0.7365419866259422
TIMM50	0.6047619588389352	0.6470242646732829	0.7151728845794153	0.6372208278705567	0.6112931751722865	0.6412035147554728	0.5621092479580314	0.8452230501584759	1.3438666015226082
NMNAT1	0.25032965382378214	0.042430101459421325	0.045453604468070216	0.07044950706843989	0.2114922483997193	0.15349548014360156	0.07108317584127254	0.11860121431832885	0.09419779389568127
ADAR	0.8538008740920795	0.9477635612979658	1.0498728877752497	1.0003841777238518	1.0406290472296689	0.5302260556261136	0.936399788533808	0.6607233575689515	0.7440349546214912
SMC6	0.1274283053418338	0.8900769151349485	0.2929805386457025	0.3792584783848738	0.2386426695976219	0.6383052628247049	0.17713798834706074	0.20445003397273515	0.4073789965702284
PPCS	0.511787738816475	0.04569347615985567	0.8343642120948699	0.07474596983695637	0.9995257131260294	1.0633894159100141	0.8696711567816134	0.5717024743605467	0.2153016589930606
WNT3	0.07727027039730591	0.18168746315289044	0.1032165886225769	0.13357808809556798	0.12503640093124066	0.055596665376832353	0.12638305730314417	1.0092219526970017e-05	0.08251209605487059
ACACA	0.46342492148871095	0.7561607219787643	0.5364604211450489	0.738552735712818	0.7025505681192308	0.15193138637630121	0.05158240192344069	0.2198158375637052	0.6859900618532884
SOD2	0.7957905586588295	0.3396623373118725	0.050435868789677867	0.6187846462745189	0.9013683479696761	0.6729919219240272	1.1766723821672331	0.24342131970328804	0.6084974848589196
NARS2	7.044946944275262e-07	0.3870231326660546	0.14855267520426896	0.4930699060798263	0.4785120619910952	0.6827754798125889	0.14549595028838042	0.4789617704841698	0.6042982435893332
COX7C	0.9371963096774055	0.9545071551524488	0.8830617551516151	0.8440863828928862	1.1688909496612616	0.8344276163030973	0.8983457726392278	0.8017762817897246	1.1028928793956283
ATG5	0.38198757037394976	0.5992037026905931	0.15824602026127715	0.13351621540081893	0.4170772059467863	0.8293483429432358	0.44710185980787404	0.056460415376541104	0.36296499577314006
ATG9A	1.0736451041518713	0.33469555058037737	0.4645962807689568	0.6410580423539949	0.7193876155649472	8.591664805383091e-08	0.6613858791375462	0.5550297589277204	0.38825377801783717
CD274	3.362650659853671e-12	0.17429927268498735	6.251542555559402e-20	5.374411884533188e-21	0.04473297792204807	0.14529882457091503	0.8584782984590006	1.813730409132812e-21	0.020451814769190748
HIRA	0.2918452806748253	0.06554618661674999	0.12660140505781325	0.4742486031526905	0.6208236376005799	0.13645055223270564	6.981307784841387e-06	0.4123973501817534	0.765518636457824
MRPS9	0.324537042570188	0.9084342834264356	0.6490514383243482	0.3806599150714679	0.8165520058975488	0.6941370414001028	0.3689151710237101	0.4741560954751854	1.1773497974009717
MAP2K3	0.8916260930645113	0.32182552234663553	0.020684305726998867	0.0019569584983741353	1.1794840195783742	0.3743761267965058	0.5225851865990762	0.6728285931984597	0.9123679743092102
WIPI2	0.7729139845618468	0.2205508147375921	0.41794411153557587	0.5706392990346142	0.654585783650726	0.3601013754524661	0.6402286613120202	0.4304803428014887	0.24779478755461068
VPS18	0.7075869299771126	0.028931781833378172	0.3913794609760096	0.17866833574763794	0.42103315335271563	4.3852766073076585e-13	0.37637789529541965	0.6350940077901783	0.27679849901765635
HM13	0.9522416995260217	0.7332709257193721	0.8025524227492	0.5241670100461561	1.0633601475570391	0.5337682643445775	1.154434807844094	0.7218581707770501	0.6686151066043444
PEX3	0.24714997959254167	0.3803687095023499	0.08732237857982754	0.06747021257853936	0.2314190987392902	0.45033768909184996	0.28447940308513026	0.07098811370627212	0.4020361263436595
LRP10	1.3107380303104392	0.3339234871035026	0.7780382279857764	5.579791384894964e-08	1.2917425968368688	0.1329649679132829	1.2485816790132687	0.3646626795788952	0.005902754836268622
USP9X	1.1225169662758117	0.5598982112532406	0.35152470276886605	0.8665291250943464	0.8677824310041463	0.35419171617575984	0.4005114886890117	0.4658688551075595	0.4911579142436798
NDUFA11	0.600919335643963	0.0007665695630079242	0.10991327255419973	0.11820189097444592	0.5368546797648859	0.7873463951108637	3.382099710249184e-08	0.7010405856752921	0.8995588882785998
NDUFB8	0.7512531957872967	0.3727114300143474	0.5252047636219348	0.2779461715553561	0.9721490374775288	0.885203051159157	0.16310539811137592	0.9177517875391611	1.2988755588557583
FURIN	1.0599531515371108	0.30143540866067203	0.615190685024646	0.2598579838414354	1.0681392459591548	0.0005992706017847392	1.1659131957279503	0.7472435058730293	0.22378381897578248
PRPF39	0.23210212900133412	1.1056523578095392	0.7790389052392108	0.6868019631968019	0.39755877966372477	0.5530727119788775	0.28505235388108063	0.13379880674283265	0.006604120019782531
SHFM1	0.8356362167023884	0.7924489578857533	0.8396947047452353	0.8042537148276796	1.0255322526734465	0.6375859174611815	0.9706543950670978	0.7986352538724696	0.9909136999591734
IRF1	0.2731950670790779	0.032289459450917886	2.020507072804679e-05	0.14068403571565555	0.6303409208582436	3.033074094551237e-07	1.4710891994391617	2.1253062916377178e-21	2.7299947683338863e-15
SMG7	0.42608650112289215	0.593644897719873	0.8011192661994069	0.8752111743331471	0.8206730766538787	0.27586192174942253	0.44836286283221866	0.5142626887998334	0.4466019021402843
PTPN11	0.8403738166936132	1.0656834416688097	0.620254076644619	0.8020254177706911	0.9417826632814765	0.8483991997655366	0.6427713519391934	0.638898451039723	0.8844979402400899
CCNE1	0.0749481621394139	0.1021989543912114	0.6695312571836772	0.421238024035104	0.038959480579459436	0.27244053277244473	0.20825842993883015	0.130980754385338	0.9172797417818678
MED14	0.46915531500448304	0.1291032164493619	0.03135856476420813	0.5784254173278403	0.49734565360220107	0.21202743313560166	0.14774887574590018	0.3624570733930218	0.4910473550332425
MTA2	0.7394941337507731	0.9144255917019783	0.7769437988248369	0.9822099177159576	1.0596098089804453	0.4346609707889087	0.6483967204977952	0.5108968562965042	1.055326697033307
NDUFB11	0.9722719776028954	0.7867558238501275	0.872016507280811	0.9730071017794598	1.1175207189536958	0.7829756171239554	0.8656732120808969	0.7916007365376188	1.1187860381145767
ZNRD1	0.2875515083429813	0.41274979584300714	0.490724300073548	0.3911192268884525	0.876174321125331	0.5151431651832155	0.4006611972558088	0.3582180178290169	1.1670762797583345
UBE2G1	0.6095919184384928	0.6748334377087893	0.49760380471328575	0.41790037245634537	0.5478662971354487	0.6166978901526273	0.31371491276448144	0.36663138339956247	0.7191423984547137
INO80	0.2481496543303643	0.2688929691131462	0.14185589682786465	0.19590495842171166	0.46171741580785	0.08294242448948663	0.11598422895887156	0.1737577717856872	0.2871080330217878
MED20	0.301958357711249	0.32847144825589275	0.373360842498984	0.4391987956366301	0.2645792670558672	0.22141080413145842	0.5627857723403861	0.01149442675320449	0.43180469608443894
CCNC	0.15206129883892835	0.7929025163314206	0.25380550610589153	0.23825350080086802	0.6435986066079185	1.1458768342287022	0.3621176271741511	0.2524398633699099	0.6742015771244524
USP7	0.6838669853164208	0.8214435173151582	0.622621883798111	0.8397607665942888	1.006259788598775	0.49131229270752363	0.16349370219574139	0.5296883751561746	0.8637702181028339
KCMF1	0.529195347280161	0.6663767593228908	0.4817276234295274	0.24796642400288813	0.6484603234372766	0.8505598312186914	0.8379550957646976	0.3989739160567159	0.7110298946158307
DSCC1	2.0488923986167842e-21	0.44117395250684394	0.7198906670943219	0.40091982316752395	0.00028338692123576215	0.5794624558001841	4.2438960324521924e-21	0.3240687916332359	1.0491150885655123
CHAF1A	0.2647851022307314	0.9568635564256827	0.6651155819139412	0.9477038087764303	0.3918288885269118	1.4720822933250924e-11	0.19571064835709082	0.4872750122491094	1.4818291973539528
LEMD2	0.6744617599944779	0.29097928880703056	0.8330716152572467	0.6990290114672411	0.551138981408999	0.16332499244423185	1.2592704638346814	0.33020802751090506	0.07474857517383172
RPAP2	0.07848839711481852	0.30888829473490803	0.11379996277680039	0.09435565975072951	0.18156336903402379	0.4436979247827659	0.08862702229013804	0.10438684841805933	0.26079037774998964
HNRNPAB	0.9407438415674539	1.0464474621411355	0.8892248322373464	0.9434912681833877	1.1488359292644015	0.7647021702233718	0.9107574124852238	0.7702137313456059	1.173500183360608
CDK8	0.19275693979914635	0.17808985226778906	0.00020108538840628287	0.37778627576095036	0.575321425518342	0.4123871142026171	2.9513453289100354e-11	0.3106134346252029	0.38398141796734575
FBXO28	0.20932189997182962	0.35991590147959635	0.4243069876324513	0.17845909690316636	0.4525446909331547	0.7551338431406398	0.35753577163232064	0.39837509661352305	0.20317761877539375
PARP9	0.0737474706227535	0.03938639703294659	0.16836895760751525	0.11604965552246682	0.46717742933518547	1.0095420327241688e-13	0.9897557468338349	1.0079130258774056e-09	4.686222911334356e-21
ZC3H3	0.15327087099744757	0.05808603163165407	0.6009675717345426	0.3013090208101872	0.31390087120539073	0.024765613652033745	0.3767093895675369	0.11495811670912079	0.2592596430555404
DPH5	0.2371254108721498	0.25861086519066945	0.11820902061017831	0.2381854971590792	0.2830544736735754	0.791210255249757	0.0784033151886128	0.25580451324708303	0.7406963837982128
ORC5	0.2278779031890328	0.28256387926261395	0.18719329003205404	0.008655900284501824	0.35722558327662834	0.5552508792277726	0.10627583946627633	0.6114815389967742	0.6920109352966504
ELAVL1	0.5099306055921501	0.5942785120663651	0.3899197598157174	0.8579129495505199	0.4520605589550611	0.33558598118183086	0.25730727401845943	0.37700078394363606	1.033823599418494
CCDC115	0.5409322821340441	3.788449540445992e-06	0.6516009540099972	0.39053158490563783	0.812980257970921	0.5494787671947294	0.7808974078515418	0.6360825247246533	0.1810917743853074
SLTM	0.5588061797746902	1.165920699381377	0.7440110395527859	0.6801500388971815	0.9168644548123783	0.5980825669204018	0.47325993021366286	0.5444587635824283	0.5854713704344948
DCP1A	0.2180795933071024	0.41498095542546476	4.317427554315461e-05	0.3390781242382863	0.4334202575637426	0.24040863695226866	6.212166087506577e-16	0.2883910451317217	0.23610949725723296
NSFL1C	0.531617899235111	0.24188426997065393	0.5280522930821759	0.5248015339651632	0.4141149540569475	0.13378987731834105	1.2528766964768936	0.3111033008039251	0.766927605168904
ZC3HC1	0.34404086862308475	0.2764836188466221	0.19082181127895823	0.2911657983698961	0.015480188040615165	0.22670032693992812	0.3191446049362747	0.6241355711139079	0.7444756272188318
NGLY1	0.4652412563402138	0.5136148470790103	0.2633213473603337	0.00029968742483798145	0.3993276607433921	0.676177406137897	0.05017983682182689	0.3574196845332944	0.5984106165758238
CHTF18	8.41317486064022e-08	0.5846509273508829	0.9927010491659072	0.6298627170393971	0.27340627141077795	0.00013671213399264908	0.376405160251765	0.11329896389678588	0.6895156128040068
PDCD10	0.3391935450667808	0.7916817105974708	0.5649816361766412	0.2580853357798735	0.8666742591584297	0.9572307637404547	0.8474349063312501	0.4353846817386431	0.3108325486915354
ETS1	0.2777594940289392	1.0806444042504093	1.47609417402357e-21	0.1475586495433012	1.8310876358904096e-21	1.9408663383473097e-18	2.441506679821273	0.23595216088888032	0.0028789589829433717
VPS29	0.6060547504080698	0.6726886075717923	0.49190989484302994	0.4965013449032731	0.8263587899477884	1.014762302466854	0.5857112618537079	0.4852958463529355	0.5864702061303133
AARS	0.9645207476270835	1.0425942343111116	0.901074984114785	0.9805632514144393	1.1818586081234432	0.5246560399981121	0.9569318642838416	0.6962335653870338	0.8794299972840929
RQCD1	0.4212032534591131	0.5732219807318174	0.3028113798494391	0.7302655380492318	0.5602150749341811	0.40168955973744036	0.10841553070185948	0.5313843581486417	0.967135830158102
ARID4A	0.11186628000979816	0.25168848663119553	0.2542277427574062	0.22503268064748225	0.2511027943328755	0.23964759920297418	0.042377381814761805	0.05799481322207944	1.037742683899797e-18
INTS10	0.5627579697811309	0.38037360708324097	0.13644653869716372	0.4757603404676675	0.6664531862645829	0.8176810645958421	8.869957547798129e-08	0.7497745643428397	0.8096975652317089
UFL1	0.5231782743375571	0.5394396298165739	0.20749197468537908	0.21892003292820195	0.6869118892479108	0.7606103215191587	0.27643689522582693	0.23721509197897103	2.41464547718717e-06
XPO7	0.6849512989143888	0.8236553168867189	0.44491093062118575	0.8719251755855214	0.630606647372261	0.5346617273517708	0.1531606833640711	0.5959841511933273	0.816093190957501
PTK2	0.1905436158443319	0.7952098959545988	0.812262535189143	0.5750411743993195	0.39097284958004697	0.4520387600391446	0.771850782887803	0.06455494066925209	0.023962785370180015
YIPF5	1.0673492122370631	0.7308980391418447	0.4315573245575232	0.23670551351022892	0.49578006240187517	0.6104781023278179	1.2935196071509556	0.28084300240511434	0.08056888574270037
NSD1	0.3873918259882796	0.47568937314272386	0.4995134887882808	0.5015407315357273	0.46226466942195266	0.18622341532742803	0.10473811523165998	0.14612833560948937	0.14702919846956475
HNRNPR	0.6453886509166571	0.9756788901129595	0.6314157554285009	0.9393959677878362	0.7467303125521203	0.506377323335221	0.4833532821405635	0.5280541561947666	1.1927380203756313
N6AMT1	0.18085739597199807	0.14415469427437008	0.10390157259374028	0.14515027941592112	0.13253223671281514	0.22270678028245036	0.04706929915510895	0.1253492028114666	0.05107953818625384
ISCA2	0.07491698917386348	0.16656823592247352	0.39271067246260355	0.15860434161507553	0.22989953657072806	0.3466483394557277	0.43141723500902035	0.029233054569208505	0.3837559018095166
BCOR	0.27529331621834735	0.0013255449604837406	0.27980391692157175	0.9384742340737786	0.26674131361235587	0.030659031418575403	1.5359143368034983e-06	0.3545445550017786	0.2876539989167428
ATXN2L	0.6850211849927914	0.8650538271818775	0.8510854856118543	1.0537381093640814	0.9623462402794389	0.3919220299742222	0.7961992160481647	0.6124421272990983	0.7156293337211624
ASB3	0.11551157289802831	0.21388339621229624	0.11952971285039493	0.16008216476883225	0.089462352327414	0.15906769069809185	0.11095626709497007	0.05861324539183654	0.11104354238352662
PIGU	0.44573766711474794	0.4227915104227978	0.7385931472472387	0.610445359391448	0.7240937783225103	0.10139990491537146	0.9441806865769214	0.4202998332816845	0.6013652934790497
PARS2	0.08717972191402758	0.015417908944765501	0.12270974817897976	0.139399123144782	0.21927422944908773	0.13805175848714052	0.05141197020961098	0.11219449044903142	0.20258731911037464
HSPH1	0.6901437780494981	1.266064908262875	0.6695371966714316	0.8302625114653587	0.9451097549528719	0.5344031944953317	0.6644286592702666	0.7265967194707664	0.9718919514093568
SLC35A3	0.22125472171155902	0.24613043440717172	0.27088867749607803	0.053160951965717254	0.6296881018911555	0.7737439019778616	0.08538295194688844	0.08261487511608888	0.0010306227248800199
TBC1D22A	0.3007762474114719	1.599334041228196e-08	0.08283802846248897	0.12153647670341038	0.39584983525267037	0.11144731387190232	0.3238039620705056	0.24804085313317054	0.17612744218712803
RNF4	0.654224468267537	0.4120862619168548	0.44683889985572034	0.4974410612209062	0.45631655747558403	0.2225803453449375	0.6810320529166916	0.36784601748701135	0.6384857473352604
TDP1	0.07649202147554576	0.2473172238903557	0.25666799540094914	0.28308373375280554	0.13664285692173703	0.17581034745681154	0.06750917790558139	0.0016691585247502992	0.4951475631342023
CDIPT	1.0763873886462778	0.07818925423439742	0.8334591619588311	0.7286351317688601	0.7827387586813647	0.3229845441910204	0.8941764035069424	0.6547632947406085	0.19738795978892285
PIGB	0.24491471461875128	0.15089280279515221	0.08437647927295915	1.2871893458489631e-18	0.24194511199175822	0.28212584786550654	0.24650636117772828	0.23104784160953262	0.01140400524489384
SHARPIN	0.6693325163690621	0.08835107877644452	1.1458852493947398	0.48604658247282484	0.7324799673588043	0.3672616383376624	1.1504176880714658	0.3788721346682874	0.38049096447650144
PQBP1	0.6804241607359935	0.4273869968710813	0.713245714256026	0.8683163924304601	0.8850187190352168	0.447052053699472	0.7987859357184264	0.6495609909134036	1.2138864832206977
PRPF6	0.7400879503236077	0.9494867277745221	0.9729407313282094	0.9190379419600433	1.0347029470330285	0.357069595627199	0.9988172868611581	0.6571261843727751	0.900088531778652
CAND1	0.38098011356222694	0.8912176660871926	0.5233848149697673	0.6559396004092406	0.4262938370110194	0.8373098253594726	0.2103631759900221	0.3312284109374594	0.3399215815382054
KHNYN	0.6206641219616799	0.26377148023432323	0.6126969410605472	0.49617547872432366	1.0384085745470968	0.00015525586010633747	0.5376195037493084	0.29354167841418616	0.030785848714289018
MED19	0.5688211257904534	0.1989339808609377	0.4095549421711286	0.4775346385482837	0.48344509799033825	0.28025203423514705	0.8364494982072558	0.15341876249283382	0.529959768139787
UNC50	0.6375625409037664	0.596889936948409	0.4521178552029515	0.3186867689573545	0.7048420485091907	0.6264185020170027	0.7542344023482972	0.4833350254431187	0.025257456738241015
ZC3HAV1	0.41075946833835986	0.2572131744757127	0.29885595527984027	0.20733824923406732	0.5917810194673269	0.15302948522370743	0.7002003122115723	0.33303515645792725	0.274229774940984
RAI14	0.7478794560562131	1.2717125425383256	2.53029219451136e-07	0.21082977455889057	2.945517951730316e-15	0.5711662021835573	1.5884276517277105	3.486808366258749e-05	0.261588350567719
PCGF1	0.22557196483168349	0.27903603306265035	0.33961188200013026	0.3371959078464745	0.32936682692093483	0.27261756105415386	0.4019295735876733	0.37050254527831683	0.37405972803051907
TMEM117	0.20565201635147917	0.041422074738248264	0.01668688481320511	0.08037281621426316	0.2011953069702039	0.12348643529926405	6.273316524971975e-18	0.1578965376436458	0.04217096490603538
PIGW	0.017129879258226312	0.7220840351005396	0.18791066053205635	0.4233716686210906	0.37704844034087326	0.2969430127656259	0.08467165707926014	0.29633026211654384	0.816723140715188
TCEB2	1.0187386594408292	0.9918313967530624	0.9263779867963794	0.9600544995923664	1.1906666703003703	0.785323437845652	1.0077533560015433	0.792892463922674	1.096790316661117
CHMP5	0.8645315206378272	0.86611717485029	0.7090801080425287	0.772550818251243	0.9634856755946524	0.8274527345258499	1.098670904732203	0.5555011743017476	0.46533505361761707
TSR2	0.8838259207661643	0.4571235483894533	0.8230977776321503	0.9983779423827335	0.8532514470398378	0.27122935573603724	0.9060471769406545	0.5828049021609263	1.0527664960654715
URB2	0.034343237881793394	0.20849054894431776	0.20785144270851744	0.48885649524833474	0.17302972702103409	0.11032986677724395	8.946388792574225e-21	0.2553219559995407	0.6627188586095168
LMNA	1.156598771351484	0.9497780455810355	0.9872747565277095	1.4090466539801235e-08	1.30651822122291	0.3378032265738236	1.2565946137937567	0.8330222087106512	0.8493328201638244
PAN2	0.1921339353871091	0.3341084767498494	0.5080940925690155	0.8568400424004383	0.45160238102043687	0.15958333859624788	0.15790052375867197	0.3228453483459183	4.358772942962116e-21
DARS	0.656370265136413	1.09935624098645	0.49724014144793915	0.6747418189216008	0.942759004419222	0.8617850964131678	0.834460225677549	0.5860159869378473	0.8721643020328551
STARD7	0.8713696654689325	0.9177280191022749	0.8307832038907887	0.9235517773953583	1.0867212648531932	0.7333858707856666	0.6795622416348622	0.7909441256667807	1.0398072990158442
ZC3H18	0.5491944431185632	0.771079630593273	0.6099586132390529	0.8324180991963279	0.7684489180576562	1.3953636274504706e-09	0.33080643420505834	0.45696889989289063	0.7436731471784349
KLHDC7B	0.0025956026811052935	0.0007669636125763105	0.024014992233247212	0.04675254838927419	0.14439132450940506	9.295468891295956e-19	0.23410216602338837	2.962852484733434e-21	2.5602937116833375e-21
TRNAU1AP	0.10691329935823171	0.06153663150630923	0.18929571600964415	0.1941619674707628	0.0815023477865364	0.2322461532791409	0.38612592482551855	0.0365229219298442	0.29832702237264686
EIF2B5	0.3824510569777983	0.50304778456265	0.7379812349146831	0.6309970447134662	0.7943978576455498	0.2999550622156872	0.49978412042312426	0.6369154902174347	0.6279048052983782
PRRC2C	0.7347619043930864	1.0306668646632415	0.7603866718839069	0.968408776038631	0.9767789157783708	0.34575439493511606	0.5519322898190606	0.6238124344410253	0.6695088885965748
MYL6	1.0392550968894725	1.0029400054916886	0.9498591651086236	0.9166079355841964	1.145596252647784	0.7707631801704713	1.0523220664724742	0.7172692151748143	1.0722836767010364
PDS5A	0.5009662861065641	1.0235274817508742	0.5937165855716328	0.6994449993596252	0.7235992493930666	0.7721320669939651	0.27697281788864914	0.3555684253667404	0.6582536220185574
TUBB2A	1.1717706728355055	0.1646692827245141	0.00026964035185328487	1.4451718935257463	7.126413211389295e-08	0.05517980416401311	1.2446779151593146	0.7838984529587499	1.0315735440156277
SMC5	0.29951367708388194	1.026199505410639	0.0314390878266107	0.5388360334065321	0.5842736024174482	0.49591021339774216	0.17359925874068677	0.13021936676581408	0.09683983519440022
CEBPG	0.444291356095016	0.4719641364883166	0.26530469505134474	0.9462202303864813	1.033373797810485	0.9856894490530695	0.31269473523567026	0.13021870075193492	0.35417957024993807
GAS2L2	0.0162120013720724	0.02269878295350906	0.03304426608965892	0.04087436866545464	0.04933198111322383	0.023532318249609697	0.007582738087696504	0.014747727636338989	0.0015643083047648704
LSM11	0.07802162189358841	0.1560445326694113	0.06096407393799727	0.15846337974689312	0.1073064160607249	0.1216197694931654	0.015276726676992296	0.07015297851720573	0.16067774298449286
ORC3	0.21451690400720794	0.869064181097703	0.16446849137907602	0.3575469656723759	0.15969199994347488	0.883241039327499	0.30277446790169343	0.005844614191325305	0.4786628511298081
SRP72	0.7666463507677117	0.9872994388229818	0.6615173196411821	0.6435129018470679	0.8427802557610293	0.9296683971224668	0.6180088576452243	0.5369998924949746	0.9267099313497628
MRPL50	0.21846242336189128	0.5103993626356764	0.09727237422196272	0.31019355763596584	0.5918349466997992	0.5361812798228655	1.3387291921007025e-05	0.31226917313609426	0.7176709066162704
MINOS1	0.6365794794567713	1.0390336290649583e-09	0.3715465428371437	0.16687931290071162	0.5549478752641626	0.5422075733827447	0.45990220222054357	0.6372574849678219	1.1107701212586012
GLP1R	6.809345692370473e-06	0.015697955772034023	0.009605918934309279	0.08098969930847738	0.015271152144730158	0.014005517994457645	0.029895295208042363	2.879346934783887e-07	2.9179419706195387e-09
TFRC	0.8097367145466804	1.0569202614777078	0.8624344910602657	0.7766439063467341	1.1473805505969918	0.7139223201677901	0.902128611517523	0.7571355971917891	1.0350259406221891
INPP5K	0.40411621874672665	0.04206943378204086	0.24660793187370855	0.272884298495585	0.34351891659170736	0.2421576951242366	0.44944012444253156	0.3106493992552339	0.06658434020494412
FAM50A	0.9828090825356458	0.5550987693110712	0.8229760210844949	0.8947304410397932	0.7924470098947305	0.5668181121774584	1.309595763918454	0.6752025659068911	0.8573884164572743
FBXL18	0.18363078119451967	0.09123035786578655	0.2975981902099198	0.15554924542524795	0.1785559783789504	2.282259326612932e-19	0.26659593402977333	0.11580036851278533	0.18843353388190115
PSENEN	0.8360213156609551	0.5582298829408161	0.944209011128507	0.5769206221033872	0.9771337498728019	0.9301404446678685	1.01058421572029	0.6528302870444581	0.8160798953366634
SMARCB1	0.7541408516024217	0.7062855520564711	0.8617842701953313	1.0199751161975659	0.8318260291891107	0.2655643983793546	0.7390749449298043	0.5569976548915356	1.1108035145904371
USP18	6.565310882042124e-13	3.3146419597471605e-21	0.45085579964486633	0.45708752943985953	0.17440180134960984	0.011711406651202788	0.7024770804923361	1.429441851826675e-12	0.012287738890440887
FECH	0.5532800476753202	0.0005547661517774373	0.7724086571852755	0.5453521905940504	0.0001519487934597283	0.5518879847928526	9.52580536865565e-08	0.3273039709273205	0.4771747933220456
VTI1B	0.9060225346017516	0.9779098991914261	0.8963851253220404	0.6318193242347624	0.9780105090324961	0.7351642625549375	0.8369845621647649	0.539511212693293	0.952275676912092
SDHA	0.890625212947343	0.8300418243293198	0.8739087327571005	0.9085804242632212	1.159945200237486	0.48459598447896524	0.9710734867663953	0.7218512159928074	1.044162806601411
DDI2	0.17283911042390537	0.10069981477758282	0.22149189697531488	0.3568731595136567	0.4873806652257683	0.12307043594712731	6.643769924237908e-06	0.2604057752841885	0.39629636450298594
TUBGCP4	0.1989732189500339	0.44592724871887146	0.31033086807389054	0.5621587626661183	0.4513160368478896	0.0768884764577705	0.0005358866757270497	0.26719354413789326	0.5215176480160948
EID2	0.3518387158500497	0.1502406905835737	0.4444377720217624	0.46707019745729317	0.11482463764706026	0.4258026154744535	0.29357240160667725	0.14136555653695107	0.4890597957828496
COX4I1	0.9024165562987164	0.785938225100541	0.8310464520744201	0.7529348724879555	1.1802692997259647	0.7167629131319684	0.7993740334754116	0.7945431792414432	1.036075675718966
PRPF40A	0.42583278375466155	1.15781460539003	0.388077333519372	0.5825374227149114	0.7775598540900196	0.9014438244904264	0.32782608010318876	0.4106245700579098	0.6437559019425171
RPN2	1.012135356993165	1.041652290348737	0.9217795127957047	0.9570658745667823	1.1753706841169782	0.740467001352326	1.0241104102288636	0.7843399400229158	1.0507358455293074
MDH2	0.9563967076954345	0.8571260963826616	0.8568168988279813	0.9027011535148611	1.191068173808564	0.665295238005413	0.8200430913780656	0.8561309009234458	1.13602071516072
EWSR1	0.9546522721508686	1.037547309978903	0.9094175500560017	0.9923549799638587	1.149433677108335	0.7118028287693661	0.945551125969691	0.7537622285820724	1.0897483782883772
KEAP1	0.9393582113946655	0.5388540229860364	0.477656284723865	0.8777526730389954	1.0344317141770945	0.30637887721966395	0.5668950861668908	0.5485036735034415	1.012767665834274
GPATCH8	0.4720947921084683	0.7505104313926912	0.41906986064782603	0.8455723245965482	0.5755823519326005	0.1398939157696626	0.38564005778688587	0.34735455670514526	0.12039510703912086
WDR7	0.16755254923597576	0.060017356962728675	0.05524417996012101	0.2499721260276698	0.0753486357339281	0.11142970786969272	0.004645136882100803	0.11065433197874378	0.09886558870267272
RPIA	0.16340024834569733	0.7785992143650191	0.2625815526244503	0.5639456529207343	0.8068030791751953	0.5602059878608145	0.0027837445319809553	0.4393308951848853	1.2740277623372198
OCRL	0.6380684613070396	0.35354411829896043	0.3989912402144581	0.6819073351040275	0.48658535823773813	0.4553349116887996	0.5049686350099325	0.22365673722698498	0.1288601848645147
SEH1L	0.27042324234282994	0.9039288782893939	0.2477867834116684	0.592361826542245	0.6201466906552799	0.9127972998434971	0.010330588845521235	0.26479970740474285	1.307880523045293
AZI2	0.6490198085367989	0.7369484700446857	0.15897839007726008	0.2613256012535967	0.30149229180728304	0.6264760399378547	0.23626090319035134	0.34669255323443426	0.28814345738539154
PIGS	0.9152588753764891	0.6083188246878225	0.9528271226726264	0.8534638912106339	0.8121191496121277	0.24628152745999124	0.9635502576037066	0.5584084936107079	0.42984664614446827
PGLYRP1	0.042146621019547637	0.04378089846119045	0.032894335654374336	0.058586239617194676	0.061447254694739904	0.031001461046144263	1.705983767111866e-08	0.04346134219952862	0.046079840735093414
PISD	0.30597093104700307	0.0012061389667583076	0.40722452046606694	0.25014332706211756	0.38130518005914643	0.02636072541694349	0.7645828014004045	0.13200042984726207	0.24238400709571284
HDAC1	0.6591124763455474	0.8449613943977613	0.7929377292446828	0.7932312899659297	1.0914614900418467	0.5517619580079063	0.8735967169213794	0.60376225501619	1.1602952573576593
NADK	0.5675141575579276	0.0020293278540215276	0.6030611899222779	0.5086405082793392	0.7342648547743259	0.275399115238019	0.36111017260343137	0.38849715889069564	0.6391847414490207
METTL3	0.43357274232183307	0.8907166638628795	0.8199530652566924	0.7167883343047836	0.4795301704725362	0.31421731265627756	0.4390725882062138	0.3493765180833211	0.9404133333597278
LSM10	0.7198784944519727	8.39066281803627e-09	0.5159154749606484	0.13904697333950236	0.2551343742390123	0.5870978836196029	0.5420780445892969	0.7134803238767589	1.285040649829016
MTA1	0.40865197455801805	0.8984719246828881	1.0006102243085084	0.9129394482696296	0.7827455079777355	0.3869138704987664	0.2289959151912049	0.25482919748498023	0.7762254077408551
METAP1	0.5009966883396594	0.9677677806279487	0.43306699467289306	0.4590448037394051	0.8302928058522299	0.6450863893001836	0.3274081236245563	0.2849876554542735	0.8115442589423649
GNL2	0.35055449530452776	0.6830511509233249	0.3801907082509647	0.5871329461942644	0.37063640034317236	0.5915332731735821	0.5554729587516808	0.3110977887369376	0.9232030344269686
COPA	1.0504137862057212	0.9457557189504938	0.8684796096025901	0.9514411761218564	1.098565292213601	0.6093030554378557	0.9965628649037268	0.7687302846519002	0.8067515398087015
PUM1	0.629320681624672	0.7065229097277461	0.520481996190133	0.9465053569730011	0.8582750709048608	0.3632173011872813	0.504748608764128	0.3174415897548009	0.3947680830378618
PDCD6IP	0.9523576383873525	0.9733316296488193	0.32205859621765204	0.3103829218587025	0.9155964903769775	0.5785472594323731	0.31132251420765705	0.47448265974473286	0.5704343851024353
CALHM1	0.0267911934419913	0.019643822142535735	0.02079508038095882	0.056159593028986945	0.018176277799675733	0.041527789016631914	0.013660832607987219	0.028041987412964417	0.027845986747697088
RBMS1	0.6149530637384317	1.5160307686069594	0.4992104084112324	5.577026187316306e-15	5.7429388145277224e-08	0.19943859463639466	1.1957434430251987	0.17953521368157638	0.0014325776537503616
MRPL15	0.6733622106139823	0.947528839785091	0.6971758991532824	0.6570245575025728	0.9670482272750124	0.9720176538386922	0.7803876300964929	0.7365608190611244	1.0957919062306967
BRAT1	0.5031813880105062	0.34620934068378967	0.8385961974335546	0.6944909402429993	0.6865953356931761	0.0004244197458597654	0.4881893629448381	0.7185359930149252	0.7923562086352061
SACM1L	0.602617819197546	0.6592891205459918	0.1349244909184845	0.20974212092660166	0.47352087280368194	0.6611482456048697	2.700349761764323e-08	0.6121565846678882	0.2843265924094669
SLC25A22	0.31660903253597245	0.07452600316429538	0.20646886601783074	0.5563984477940377	0.4804420791373835	0.06647423162215696	0.4330857616398184	0.2901571822207906	0.8142528406932862
ATMIN	0.46543001622319213	0.48773111910673794	0.5757727464734758	0.5200336545847869	0.5251333025055419	0.37885212786672795	0.26044107826918644	0.16459659186851378	0.1524433283194023
TBX1	0.0835845414082224	1.1296374570119448e-09	0.35507539565085644	0.18727806120457857	3.710191378842165e-21	0.001018374495665571	4.821560095628804e-21	5.902402252076011e-20	0.1164773469952736
ILK	1.1385340652977376	0.6959394188292152	0.4663840910393845	0.5694646508704048	0.6690874004455454	0.23896776301152178	1.2907537730697232	0.4124394559005548	0.7031220936103819
LIPT1	0.035884784128699436	0.053221972840113	0.04828306556859412	0.06157595144052913	0.07348528006902615	0.05438825776081169	0.024729081571465424	0.05362398353619796	0.07635255207986687
ATP1B3	0.924323731885178	1.1309526317155871	0.6658026353792605	0.6906056630213125	1.1444606321308712	0.6294627796024482	0.8260779859345809	0.7343175678377468	1.0899078603305015
AHCY	0.7585456491578776	0.9772947929320999	0.9156106294277105	0.9351556880500308	1.1379781488860377	0.6910709259632196	0.9070334053177486	0.7723534039415157	1.2074419014864055
VMP1	0.8818599123489546	1.1032878244971447	0.8254341601908028	0.5189551851002046	1.0808719601330594	0.8767651217440307	1.007688147777848	0.7531540007853034	0.7978089457467871
PPP2R4	0.9798504105786427	0.5689571843991595	0.9117744193174344	0.608635871877402	0.9076566007643595	0.23637044292911413	0.6708617817771017	0.6396389164437232	0.8035329007132138
TSC1	0.3501570642438942	0.3810990897802522	0.1843545644188472	0.33643964812120647	0.33756230844640267	0.16040586579086497	0.03535954634406885	0.08114290071774805	6.5579154106811925e-21
COG4	0.7501531810983948	0.7674707883460605	0.8860067244298099	0.7651399725847464	0.7912270632283671	0.205775436383459	0.7473970711780972	0.4790708805106309	0.4984460601923996
URM1	0.781669097783093	0.5015258431104699	0.4353370801411055	0.5163314402608128	0.7737891426544873	0.21797429866353285	0.5136216533838485	0.7012644325749251	0.7404126181859331
LIPT2	0.05404727260762478	0.026104088719407715	0.10635319882203659	0.11218125380048904	0.16802585518115018	0.14410450168056718	0.02165798111537157	0.08763590324215934	0.1010664225102309
NOA1	0.3311122501057507	0.41229594908069606	0.5194639233810469	0.3554353306874319	0.8673686333460147	0.776358375553794	0.1333101410387812	0.3157335794125169	0.5016650738903461
POLD1	0.07335111937824633	0.8029313696068223	0.9525501363398955	0.851574924376269	0.36554133542987316	1.6907795650514035e-06	0.4754439673629599	0.3606734681015956	1.4384909226735207
MTX1	0.36081209287956545	0.1513083040368376	1.0101293984442354	0.31464887193333824	0.3122335782498482	0.4562586523642502	0.6308373764837933	0.5448797999836076	0.6284487236605673
ATPAF2	0.19830506850934523	0.05285901420546559	0.2814206406421255	0.15577329861333342	0.2461624870277925	0.1518639926481585	0.013728280889645282	0.1792465929558773	0.2925030174957714
DAP	1.094862448507652	0.7512307845606785	0.6729725037038128	0.7047419376752371	1.1120245404675602	0.5704605283148525	1.1369034406612126	0.5610285780979457	0.8113022657438043
TERT	5.683833757265773e-21	0.04404390193219031	0.04158009693084888	0.14795432542992867	0.05315279791443401	0.039632379142367544	3.6178590818985173e-07	0.08493313977359244	0.21173255373760883
PCNP	0.8806119857869172	1.094646832428592	0.6698178027823382	0.9035257201090764	1.0471281399432737	0.8799179190569487	0.8147843797108262	0.7070088045783938	0.8317351834153597
YAP1	1.0803788462158286	1.3102143767714813	0.46725407836616156	1.1707992994484835e-21	1.150081173520402	8.40560176845475e-05	0.9006472109222101	7.718470461848535e-21	0.7134304051226612
CDC20	0.49207505291243514	1.1495949818267772	0.9201537651929643	0.8616288141114831	0.8044392736596916	0.3804823808262346	1.0670350542075324	0.49750944699722655	1.656306051057568
RPS28	1.0031989415296318	0.9812332633609888	0.8887233790773035	0.9479925911754845	1.1972767579227201	0.7683961725407119	0.9545194943850152	0.7947268453585894	1.1289468066743922
DOLK	0.8277898413205753	0.292800419002517	0.5813555602159427	0.29250601148155353	0.6353453723682014	2.8578287964767612e-06	0.356162586366525	0.31030699563147385	0.5688705362675684
C1QL2	0.007632962676014626	0.009909454150049558	0.022210710312972084	0.05159963547352428	7.083876049599133e-06	0.019218089677916498	0.01690080311962874	0.010843942559835049	0.003055527836374334
B4GALT5	0.5592262386896001	1.0491151742216274	0.5034121229031023	0.9500281412300957	1.011745049099425	0.1805436784785968	1.1622843676552694	0.5734141749478011	0.5468943588099947
VRK1	6.339492048733022e-20	0.9787962711895687	0.5120423903219421	0.5549688903118094	0.3692447071752105	0.47254946202807213	0.009451805501637107	0.07109052742962337	1.3259089814817944
GFM1	0.2587545314983745	0.5872445190806066	0.4176083790918416	0.21172549600189858	0.7159828129936758	0.5239864594480379	0.21922344029379712	0.5993306244866246	0.5664873672377101
SIRT7	0.27349655376821924	0.08998975757655975	0.7029339359749003	0.23065921528767308	0.8921267941304559	0.2926520463655183	0.8369923965977705	0.2786710538471422	0.47225375903455397
IL18RAP	0.002973156529344458	0.03063563271432594	0.014855892978754053	0.004507559865345397	0.015537845089426296	0.01279111077908749	0.04503931819035552	0.000558623505782265	0.01654321015239813
RAD51D	0.21023913672734454	0.17017500238210811	0.1792763448303171	0.2708548357990816	0.19178261265479923	0.10134051378958867	0.11191664556200082	0.22772667059295942	0.3645504202123681
PPP2R1A	1.0322854222246678	0.8035280554466169	0.8443285028857948	0.9835095467270455	1.0146899853520868	0.5042596993854185	0.8174788530680145	0.6577725744723519	0.972993774469869
PHF23	0.8297560178180658	0.43993527600825927	0.4610118000229509	0.33048437990701035	0.4051581100355459	0.33089492859763187	0.30000014362317995	0.7019403829201815	0.8175772505371823
TPSG1	0.030329931478786883	6.365352670501834e-21	0.02393752625710913	0.04592931960540558	0.039578350661795485	0.018800434380933	2.848048826320604e-21	0.04871327091397668	0.024593176439826295
BABAM1	0.916044788139197	0.7817107788137353	0.860734343014304	0.7866119507873287	0.834567903470759	0.5974129236146356	0.9901420154811001	0.6693069341401612	1.0247010227315876
KLF3	0.3678700665648322	0.2625270245202938	8.724865132628207e-07	0.2996757878409365	1.3606756038364298	0.36697023176984855	0.18458612787095857	0.21974595129744454	1.5844560742726766e-06
NIPA2	0.8119807220416075	0.8401788333312554	0.546325707473556	0.5624497585289127	0.94097171463487	0.4020551959427516	0.6481557074776312	0.7437002820504844	0.9148557801185389
AURKB	0.20837686616058657	1.2297796571272974	0.8289854918986462	0.8989976567610279	0.6188761045798739	0.17992954491780563	0.9081373200188902	0.5349118041581739	1.6920278076745852
PSEN1	0.3637732463523816	0.23705432451629044	0.30160899984492595	0.29438538067297537	0.7089045036569196	0.2694207663609044	0.44129180520114963	2.0102317035553628e-07	2.34304801607119e-13
RMND5A	2.6191782576841888e-15	0.24401380882930687	0.4866039219581691	0.8179965880921601	0.7015335578791178	0.5399370167804436	1.3118466739202832e-17	0.3156640931591703	0.21247011351838352
WWTR1	0.5790661732884358	1.1856791669536315	5.454758302223358e-11	1.3849486369233215e-21	2.9810080001495812e-12	1.3166011168605734e-12	1.428222845340996	0.4401121892851301	0.009786550821031009
SPRR2F	2.3254180409590043e-14	6.352462115661026e-13	0.008083135165965328	0.013824625940042362	0.09233804641040466	3.4165437108598586e-10	0.05558919544409628	0.014362568842141233	6.583628483910775e-19
NFRKB	0.10694869053824034	0.46584070395585087	0.44574172753915464	0.5515033196881064	0.5004835366472463	0.18106158634592248	0.1827371977260995	0.04183707351572246	0.2526701181907699
CBR3	0.5669781376225694	1.6665660016867246e-20	0.44919215070211227	2.9216198390699375e-21	0.0004924848037208259	5.669690959168557e-13	0.5585729777582893	0.6368756165940935	0.1521115607924329
EFNB1	0.5870127323182137	0.009091763014343848	4.752883628308049e-09	0.382381332039594	1.3866241437084983	6.823810978350123e-21	0.03474546449181001	8.134933840127651e-11	0.4020105663559361
RAB35	0.7115594545422785	0.4319188544766929	0.41594770652650204	0.5084683163688057	0.7859115854946284	0.306034399698535	0.5459761364579994	0.5211813763722575	0.8658592928299742
PIK3C3	0.3121582344315995	0.15812396822955993	0.00029858966598168943	0.332069979578119	0.11176697216780444	0.31938979554557306	0.11537940874191475	0.21925586274086842	4.1641313462600945e-09
ASNA1	1.012867837991283	0.7307646373525998	0.8430016762106636	0.8110349314161853	0.9498515837500312	0.6061018642855623	0.9210004770488787	0.7581848916815173	1.1141669334388247
WDR45	0.41520721429314406	1.7797259315173798e-06	1.111159319064546e-06	0.12231913056219466	0.35419140772775926	0.3940850379817545	0.1317723967813575	0.2507223314227191	0.09130703955221699
PPP1R14A	0.20464551817335128	1.9065832834227469e-06	8.717059307368789e-21	3.813695189125377e-21	1.6167660839455649e-21	1.1191399480129567	5.333707096707648e-21	1.6396279473573181e-21	0.1052608558854248
PPP1R2	0.5123431144052164	0.5530009488812592	0.29033464650619023	0.37313360704671267	0.8674080412016715	0.9330405187411226	0.4129993704417284	0.45024373659587047	0.22665155631519293
SERBP1	0.8235498531452473	1.0751671162732492	0.6921163997158162	0.9024418882283831	1.0318625906080419	0.7987842660535635	0.7273430386269022	0.6517660908035582	1.241394441760364
SLC4A7	0.6277341412177408	1.159159288024036	2.1666462416430615e-05	0.08147290623490254	1.86867446909109e-05	0.45200918125653267	0.11050096031600885	0.23324516925116115	0.13537049464991344
PAX3	0.0423486465353562	2.0033185598588837e-17	3.366617980429481e-13	4.1498782914068236e-15	9.3654932666639e-21	3.731921700528879e-21	0.052266896531584825	0.3568299704691827	0.038625179447856234
DIS3	0.5370781181771842	1.1480641781538532	0.06239753357758782	0.5348165885976592	1.0094398575610575	0.642083172403727	0.10061252039198829	0.5184688863712038	0.3667972691137528
PRRC2A	0.90971756138831	0.9936056934650389	0.9304679740932711	1.1462669309598295	0.981542900637057	0.25095046602267157	0.8102464018826495	0.5958175035184997	0.9856958539138507
ATP13A1	0.7849720075476612	0.33479899366189836	0.6728351158644617	0.6886617522552844	0.7611239815131949	0.16179251952450543	0.27089282759087663	0.7055051705874945	0.6675587778264914
PIGX	0.2236865855659942	0.00430818728470522	0.4845335988510578	0.3131158751760834	0.30341415282563217	0.46908293526845624	0.3213013978651591	0.38021507199219295	0.14485218846597833
COL6A6	0.05082717627141014	0.024030029397973073	2.293260182303312e-12	0.05774058086389546	0.02570016855020636	0.020803059081085658	5.062162540434623e-19	0.026878485232554296	9.0267822405521e-11
CDS2	0.2668774552455943	0.09298814102331081	0.17751111942860792	0.4569392039965773	0.25841323367793495	0.13374085786485376	0.5062372114444008	0.32557196217210316	0.016447823433754304
PRRC2B	0.8032153054372442	0.9464363118761329	0.7692208244886817	1.2741162474342653	0.9167966753869325	0.06013863804635974	0.4771132023820323	0.3350795732161706	0.46909020000997315
PIAS1	0.2739073679562106	0.30144232150795924	0.3000909337986096	0.39201953958977326	0.3801637677864191	0.14454136419960775	0.09552603871250129	0.15342177429990903	0.1348077578978068
EXOSC5	0.11757008437943074	0.4891081579199549	0.5581084748582198	0.716758896695995	0.7626265462504119	0.6213537779507085	0.5845326923484935	0.6409747984479985	1.322065439751599
SLC25A29	0.10873940770794513	0.0164048202716932	0.3231323475481598	0.2785170398056755	0.0964134114760853	0.09305685241112803	0.014147915101999312	0.10880972924274979	0.01239458934877576
RNF114	0.7062613145961778	0.7579762520488671	0.8820743780144554	0.7628506832119251	1.0152219353988787	0.5649094470213454	1.0142081244406056	0.7154304051505789	0.6881263759247417
RPE	0.5677107340110216	0.979481007729325	0.620503792260609	0.44171100095317484	0.676371890459891	0.5179903917711571	0.7165596344589832	0.5107994078108516	0.8492845308161485
UXT	0.943641831078111	0.2640749308274325	0.46462926545812466	0.6398513607314799	1.0702192301750044	0.7951621565927558	0.6992806803568208	0.7482476939459374	1.0545100156716356
SYNPO	0.714934254816315	5.967158263187627e-07	0.0006012369452861261	0.08470079542303988	0.12901506040377217	0.021038770698693587	0.7391779811372838	3.0532060437493743e-21	3.500839361987105e-20
NUDC	0.8174440565905371	0.8370845994348229	0.6693663139005213	0.8784160117257976	0.9879567018249114	0.5129743121179001	0.8742683459894993	0.700168910434107	1.4055119476047206
RNASEH2A	0.5232272849836778	0.8631462509653977	0.9490479095115233	1.0065568332472066	0.5855222275710861	0.40178319261582396	0.8753682510864623	0.5390105364567815	1.5011855864306713
MRPL47	0.7405890295591678	1.0303345868833804	0.7770068291196257	0.7290302776341558	1.0140283621997168	0.9350431872618838	0.8027679690356382	0.6896934877946649	1.1203296444086135
DUSP23	0.0852228728795596	3.3179618412231707e-21	1.0399979093360836	0.0896239775519829	0.4929558469833684	0.9414378970364224	1.2999100429741886	0.9020290617397284	0.0006748687909395329
PLEKHA5	6.4917166590667266e-21	0.34003634696576923	0.02426025664844511	0.12543029978822945	0.20880129065326933	0.28747868891723366	0.19605986284906365	0.33954200485018715	1.3338585182936777e-07
MESDC1	0.25961589052663614	5.098091003833549e-06	0.1138512557030006	0.308543508298261	0.7049399109227704	0.011191655548655095	0.1446210248524282	0.8469373149108033	0.6379721492939274
D2HGDH	0.24252050495046756	0.1115513282974085	0.40912481973537	0.1597250111337215	0.40326564063943376	0.04972832190325422	0.0048840471674211185	0.23330162335301952	1.0652460933789552e-20
OGT	0.717169601942907	1.264946169486151	0.6659586013445359	0.93799138573614	1.07319419438263	0.801256099419695	0.6077121553681606	0.39031857022625793	0.3072545397153803
DIDO1	0.2177215055876352	0.6655174572430397	0.5290818077171818	0.5774936435533061	0.4928384107573555	0.12023553300173732	0.26894226707161806	0.2853589963532606	0.014238733001721569
SDHB	0.6940100604120095	0.4943502060328412	0.5739236430305638	0.35169169480787965	0.9501057272708066	0.8773806800934878	0.6707395497508315	0.7987067014742623	1.4000029215632719
CHMP4C	1.0785156257636371e-21	3.416518049887056e-21	1.2795399615938783e-08	0.10344188367383374	1.7884661285111163	0.9742402338184586	0.1140924504220572	7.388753775176431e-21	3.760450240868988e-21
NT5C	0.6266899774200879	0.4585113677556809	0.3990553981054173	0.5085286085155422	1.0423294124368925	0.6101660271768762	0.544529083105721	0.6500168798190363	0.9584546615035634
RASAL1	2.4327974549121527e-21	2.479593946342278e-21	0.14608187745901674	0.11761105386019893	0.23419365168603426	0.20664531473296593	1.788348619602051e-07	0.07992643349273493	2.3817578244516784e-21
LRP12	0.7690207642925236	0.44749514381513544	4.4521447085020865e-21	0.3258080007148677	1.957129407173063e-21	0.2975918296410359	0.6370072371332142	0.4792805194934575	1.1209450510078094e-05
INTS8	0.20085887182791098	0.7726426428634036	0.6535602528800628	0.38011240273807795	0.471390662669343	0.8655806427732403	0.20723928579004625	0.29010176458574793	0.47401867572779205
RNF168	0.10260298259689368	0.43817626159540396	0.46058702019258735	0.5656881822068796	0.4128779654466013	0.24891578514725224	0.14687321687206664	0.10479204966983695	0.2180074490294496
ATP2B1	0.9567720881661373	0.7675300060159872	0.1285748923093371	0.3969597549568714	0.6341877864114396	0.5678599547012585	1.2477187041373955e-06	0.3704226023815108	0.29003361665893085
ARIH1	0.6452949380200961	0.5898907777117292	0.3958055018088987	0.4694982167618574	0.7942318226684841	0.45276521716834556	0.24206126975135916	0.46312079023172503	0.09851352334969704
RRM2B	0.7302987786982724	0.12286917706581359	0.2421364878409789	0.03686155711564751	0.23062550700707926	1.0199714104552242	0.1579806967630872	0.576349515481136	3.3593168686007555e-06
TAF6L	0.23346278917653596	0.17672688618586888	0.47416599222212796	0.5300372970842162	0.3191303024837746	0.0012362590512517346	0.1696065708232731	0.26014582192916036	0.5763973573916553
RPF2	0.2882487234890661	1.052792513072704	0.08348855875821938	0.19528110959027598	0.5576925168345623	1.095754754086965	0.2512965522835055	0.45694624506268283	1.3130425493542257
TFAP2A	7.134118244671356e-11	6.084599254170613e-17	1.2030159840732375	4.633145641907788e-21	3.374892530152795e-12	9.471725888377867e-17	0.8532938658548906	0.4242195571599472	1.0054333924000048e-13
BDP1	0.15388441647838735	0.5662773334335885	0.17250927902825824	0.406706889708716	0.2645060551981797	0.4407437889984498	2.0393105969601803e-05	0.14042165694862385	0.16348628533283607
GNAL	0.0285087304206407	0.03001993777779713	0.07655817851805435	0.05413329790518564	0.042525674482235536	0.08696807326490849	0.0015011681621653994	0.08326403043135694	0.13951706115569598
RAD51C	0.04693548029752917	0.38911955037509643	0.40593745764744077	0.40923154366385994	2.5276020857890204e-16	0.5946826381681151	0.2002335537727334	0.45559750096492235	0.7421265423596111
SIN3A	0.21423278630533307	0.4406123411745533	0.3997970541217837	0.5988166596759943	0.351303382122531	3.986176418833503e-12	0.12087122797605397	0.1389912850134655	0.34596223027989226
COG2	0.07156726798711736	0.0635681499592393	0.22653770416968821	0.1539166326752526	0.20769158983666075	0.2447296876899627	0.00211978440728205	0.18190944471794662	0.15431777459061985
TSPO	1.1133941191562653	0.684916839192174	0.6533299198542769	0.15286216335155764	1.2844480222323833	0.7021266240418232	1.0439394408195148	0.9342911514581956	0.9621669442239832
RNF32	0.04086661463551843	0.057761857402529246	0.05056708025647114	0.08521722917332915	0.11907705790939	0.11164487292689804	0.01828347861886901	0.07124242243672328	0.07537091945609715
RPAP1	0.2356249395783036	0.2746215932448346	0.2669269244670554	0.3272397622518682	0.3326441964296784	1.0273523373214006e-06	0.007748699726352626	0.4089220439646513	0.43371359000205556
TAF1C	0.26769270571582154	0.6530355060942664	0.755554840997383	0.46587480391606734	0.276379009840216	0.0025077237205222585	0.35018667788729	0.46002848425836107	0.10564079057897593
KLF11	0.061660524800947185	3.239794096093908e-07	0.19661896428699166	0.38364889034003524	0.17369180449668578	0.35188382643767047	0.4298874088926779	0.13642407502904755	0.04216143364643138
RAF1	0.9532026872002315	1.0875357057566126	0.8331664915864713	0.8669659790428041	0.6948037667530443	0.34018408607035877	0.4663057339455864	0.448012832336408	0.8876067214624176
EAPP	0.5510696008270187	0.48073485278926587	0.786733426755964	0.48053091241886503	0.8334651173155927	0.7234100741422059	0.5066247658916446	0.2765173684770714	0.11476159705426425
NAA15	0.20249561204091746	0.8061467403915611	0.2206962513230209	0.2439702574220273	0.3048184315481606	0.5936016493033717	2.955717840754712e-07	0.23757379784084648	0.8907291796468791
ACTA2	1.4582717713396824	0.0016476426529834535	1.391884315664785e-20	0.057244020369107196	0.09731220749826451	0.06612241140852858	1.035099567471136e-14	3.479118501720203e-15	0.0021200179047107196
METTL1	0.20848878771566234	0.31814909728597224	0.40130970874193655	0.09893426908956321	0.3405909546765675	0.4298466768794445	0.3287134358196161	0.33419168557908874	1.0554505071119822
BCL2	0.031352932502798685	0.0002816725873070216	0.027030890971742466	0.5239684207952906	2.158763743449573e-18	0.18232616718513264	3.1076333358161095e-06	0.19198189662779697	0.012456796820717661
DAXX	0.6142017240770008	0.5480635593484102	0.7075812526907284	0.9700604472639336	0.5187131431780957	0.16550067406247904	0.875055471397837	0.4254654525335611	0.9857938547511276
LMF1	0.21231235478295304	2.4793670501187347e-17	0.13592026542873384	0.05195332513614621	0.1589531232340341	0.08134757758206494	8.935476918321139e-05	0.12542381425076618	9.058115830971928e-21
TUBGCP2	0.620654649355207	0.331231744572794	0.5839693497650639	0.3498899609058197	0.5611437489208159	0.24898011264114822	0.45147131059751117	0.2286830989906189	0.6753508917382403
NCAPH2	0.31620171909254896	0.47121279835626023	0.8295810939184876	0.8208762192717107	0.3118794444658664	0.12867091747906167	0.7491516919529854	0.5301928391943942	1.182361018370216
PITPNB	0.6213489939200948	0.8859918431790484	0.37686541433518694	0.6164699777265393	0.694915750063668	0.3923593201906159	0.6265917299148827	0.5198925654965961	0.9294631847221926
CKAP2	0.4423659236381828	1.2891455683993784	0.3957472341760427	0.7681450426412992	0.6045029548909805	0.6807819207332836	0.39762291594693844	0.4615199034956349	0.9560619432106668
DFFA	0.34689933322488536	0.6244026316155333	0.25463289407167794	0.3937095166781922	0.40160698623294305	0.47480787002442876	0.061615805088058515	0.3416237798272345	1.136977467277686
CSNK2B	0.8227391708622914	0.7681034777002553	0.7551513917646945	0.7699765530017473	1.0088204045640674	0.6942945794274918	0.8689354829064547	0.6702974393363607	1.0952035914975693
VGF	4.8584016058147116e-21	5.4103572664320634e-11	3.895856721729984e-21	0.3346020327194893	0.002009433669956744	0.07393241721981957	0.019548903290521023	1.4719660276347892	5.437646514479236e-21
FAM43B	0.07426940952376603	0.017880842202730885	0.0007898550389103627	0.07935607397588287	1.9995649696391376e-21	0.012104378670168846	3.6852855143818196e-18	8.323798077884916e-10	0.08770328888298597
RAC3	1.0766242198873278e-16	0.02427269843452757	1.3570802239800095	0.9739865787900819	2.060122870795739e-10	0.5391711632263276	0.41796115269029266	0.18413823806898705	0.7624083308724594
TFDP1	0.8099904303996928	0.956723034444464	0.6404731727447285	0.9445831145555909	1.0874264849845083	0.4339077533837773	0.6253777143869856	0.5786602633358051	1.2028000760147377
NAA16	0.02265170631660608	0.2958445532821943	0.1424997358806468	0.3337446902864144	0.19626650046173583	0.20029809201723026	4.239229151088417e-21	0.09756520903065466	0.13548474467968097
MIDN	0.7545619995294244	0.5274612952187148	0.729663120718597	0.6960188264364799	0.993133777993825	0.14370375957515702	0.5440969572679197	0.4830648346482175	0.0015700949396597215
PQLC3	0.5656816581032519	6.833633668892439e-21	0.4829805411580093	1.659304288274357e-21	0.3046631208152342	0.45874438542744295	0.4125290803330004	0.1752718703817882	9.547650859510273e-21
MAD2L2	0.3373838851241848	3.440245965609501e-05	0.40763783846719887	0.6969502668517198	9.49554419649191e-11	0.2132455336115636	0.6747870267741105	0.3071665860444442	1.1170555480720121
CXXC1	0.5638897652408723	0.034381037760787596	0.4856749292968931	0.9857216385870351	0.36698309339951274	0.25099507535963833	0.25278436046296643	0.5041977245772685	0.7511345226072609
BYSL	0.3667755038888416	0.5980777993217284	0.4505460216695803	0.5330082874640805	0.4708726136756105	0.3036071963889937	0.4687948519899454	0.48491629025678734	1.4401515497370216
NLN	0.2052042297075757	0.3997645536088992	0.12982554141421465	0.21171698688417462	0.17212330727631364	0.5091036540878271	0.0003414680143635276	0.05755826739048733	0.5908835788212133
ICA1L	0.07597148906575536	0.06583292591808193	0.02995953765099346	0.1994959160687646	0.03224395317122876	0.11958593915782037	0.02981270585082509	0.05868919562843925	0.027486765091117207
CCDC47	0.8331960259492954	1.0340411384435955	0.8467087688299063	0.736505984437643	1.078716111214541	0.680341556550854	0.7827157337931704	0.7441988461396978	0.837787040227245
CYBRD1	1.6871686903658012	0.5297388510157616	0.1078933478940217	3.2928101200893964e-15	0.008820482147764076	0.027283632303464114	0.5006811808629503	3.286185986353421e-20	0.0017233645738717238
PIGT	1.035292105435177	0.8219118570784203	0.916492702026303	0.8382022953804187	1.0958871487097837	0.4400678668126115	1.1867537064739622	0.7807543345517594	0.7971556436069869
SRM	0.9696571314964036	0.5698789488117878	0.5477346679488977	0.6731200451998524	0.6717574739290103	0.5646341327122466	0.49156762299664786	0.8007869028858173	1.8081165301200928
PAX5	1.8110857612270853e-11	0.044247579612514465	0.0028674602219790706	0.3201180412649781	0.00045346383202852375	0.06868141689437474	0.006444127312175345	0.03236119159464713	0.005437422183795635
KIF18B	0.0031862260336077306	1.1001016256261766	0.75169557748283	0.8328032884141191	3.549447337811603e-07	7.28928465931565e-21	0.3090343767852307	0.187597056656132	1.2859162733086584
HSPA4	0.857986545390323	1.1282308005034598	0.7506341608950908	0.676954271636317	0.9283480969469172	0.791596444155851	0.6900364048646785	0.701796418246637	1.1311171843674634
LELP1	0.010199656634955288	0.009448406320087603	0.0029380901296180745	0.0026029497307736215	0.014705918954338808	0.009981911781654994	0.0070718423370216155	0.010370435927054644	0.008996181722044442
EIF5	0.702805135134378	1.1815231649457036	0.691786124702173	0.7595542599179099	1.0283319012290297	0.7470312336772718	0.6657685574111974	0.4504803139575879	0.9315606511908757
GNE	0.5085995957433	0.542554900553719	1.7124393328300475e-06	0.4295399910506353	0.5228534886071384	0.04804054332385148	0.2334024395770794	0.2846197252453246	0.00020309903093086409
CLTA	1.0117188492974576	0.9227262612168011	0.6661203832380431	0.80357715231101	1.1136427124410202	0.7057676702864067	0.8915769853565494	0.680109223046148	1.0269152682430152
CACNG7	0.16441425752398842	0.07448470969574747	2.164632668067087e-21	0.25380425227070497	1.1104589472419377e-21	4.5487220824370456e-21	1.0555320123525225e-19	0.029679480956392078	8.525964741901054e-18
RPS20	0.980356205032131	1.0408567877393267	0.897569370888672	0.9555380292757796	1.1840571473219625	0.8327250482995413	0.9912847599926876	0.7818529249447665	1.0975092113424096
RAD9A	6.888450279388687e-10	0.23056677296689213	0.8962120138170929	0.4009262966779098	0.33258266475407494	3.4116883127665576e-12	0.5488393629692262	0.08190957231960039	0.11513186958923387
WDR82	0.9882085047313423	1.099656982757723	0.4991122148304274	0.8730782913396345	0.9618867720709763	0.4261788928831829	0.21362394497705306	0.67541105452773	1.0485878825165798
CDK7	0.6712094818919535	0.7888906114841111	0.311784966855743	3.046387758061277e-07	0.9051402599603323	0.9285046257885428	0.7416280906237581	0.260750770079242	0.6152179536818891
SCO2	0.6078212283164872	3.117932275357187e-08	0.5843595937458435	0.4223037498068979	0.6476952502388543	0.3436933379675863	0.6817722413383035	0.7412516854846227	0.9590210583790979
GEMIN5	0.18551073943442845	0.5741767542384455	0.2101566874619238	0.29745785389742546	0.23938128385304663	0.1602866210958261	1.0245513059383517e-09	0.3400252599634472	1.1296200672130747
VMA21	0.22679443734343482	0.6158783710359063	0.22060109301680944	0.3174792588594664	0.2797133520482235	0.6904487435544159	0.47546583499435613	0.4490682994708488	0.635423034165748
NUTF2	0.8869161848148815	0.911981769297673	0.7751004224697492	0.7829490379590139	0.9765315693405292	0.649664038513201	0.7333334295809294	0.605303598863406	1.2024944967080973
