Name	C0	C1	C2	C3	C4	C5	C6	C7	C8	C9
TBK1	0.2643072086637085	0.49821331421395276	0.8475349895437995	0.7602177726395563	0.2111321283000874	0.3810949401333547	0.47523992258396563	0.6158110297905505	0.11072175643278785	8.477552999810946e-05
ATG10	0.028357657724855122	0.0629949519292965	0.14553447157908928	0.18184877002208452	0.09032141646356465	0.0782885921390804	0.08052215265709772	0.07664715535910085	0.06563686230753593	0.07057186809605892
RNF31	0.45348556377197163	0.02460190745748097	0.00980147296668437	0.08783281270553395	0.4700919295493507	0.4915956160534577	0.4464578174957326	0.7982350857215565	0.6367807829443765	0.9443192568566877
UBE2N	0.6321948310472848	0.7357374664463111	0.526142380496559	1.3778316636407553	0.6629085496030533	0.5931029077045041	0.6628560389736428	0.6767246266052	0.41957326882583507	0.21961218554785494
CHMP3	0.8387907046775861	0.3850831089888367	0.6733048639007595	0.5201186958712628	0.5096471408847769	0.4827143320764852	0.9992859224232065	0.7903019914956344	0.5838456860494822	0.4728140228281952
TRAF2	0.3101953269711525	0.13306287652050686	0.242526392809307	0.2656478083887282	0.32510571696077684	0.3262861686410849	0.0009607273136789886	0.4577010330978025	0.9220810053594121	0.5338543851486415
SCAF4	0.5815929112498853	0.2868566557180785	0.05737713563864864	0.3901977964850232	0.8240228094667806	0.3433966362392047	0.34222301158431306	0.32456851682169385	0.417527254790496	0.8311739680630594
STUB1	0.670405936623643	0.3524022535304867	0.8296864908104346	0.9577010843052498	0.49082878496844207	1.062282039461502	0.9779912645801079	0.5569048422373408	0.6985597450496148	0.9914758690216506
BCL2L1	1.1355544716162915	0.6616059535445161	1.1502467527365008	0.43743553680855946	0.6493504174044079	0.3983413810963537	0.8391817892389623	0.8034105164962908	1.1390654507763658	0.7987965454656999
PSMG1	0.4854916654982777	0.8424935506812667	0.3747738847208454	1.661180006932786	0.2822457480188656	0.5669201562817234	0.4611454953759746	0.4686479197671611	0.3495867764192448	0.1835502469101124
EPG5	0.030047305682397007	0.12762826497909213	0.352972463331954	0.06128397579605299	0.3038027061994673	0.14121851559812099	0.7191236708297809	1.7211323953474714e-07	0.2155720317213888	0.00032212315998101943
ITGB5	0.6872329312509166	0.8066965655080914	0.4947560903627894	5.37773594636871e-15	2.255378898305641e-21	0.8727808881979657	1.2512744103412323	0.16985718870638838	1.2354117781957223	1.1722885564217669
DICER1	0.5577359424800628	0.4085720459763004	0.14800749946345176	0.2726746578050363	0.5916792284812615	2.228654658895889e-09	0.2751385293386206	0.7538009624937028	0.036435536485986735	0.32987690772333195
MCL1	0.941075229591128	0.8800426434957348	0.831461890984745	0.9346497386444016	0.9419881470542808	0.7386420209384206	1.0118024566729908	0.903742558179703	0.9900234295567032	0.9830289163279357
XYLT2	1.3338856257568483e-08	0.0707524348953144	0.5761061258483179	3.564013534903007e-07	0.10112333996254279	0.3877190783181955	0.6583161756411949	0.19956268458125054	0.645711785113202	0.9765450569577074
IPPK	0.2999084786198846	0.00019163775891086303	0.045509790153010335	0.45290620483882016	0.14676763450617963	0.3366163459085661	0.3023522169630422	0.5147741549000543	0.2202105819745117	0.20009075725889752
PCBP2	0.9473356765845318	0.7390846638245732	0.8579732316465019	1.0879240727988382	1.0047979901961537	0.8092556548542831	0.9497962147233175	0.7472611665984317	0.9427186182122078	1.100550278816272
PTPN2	0.6585116268273142	0.7022998736572194	0.40238636256528415	0.7167266600866872	0.2880206957339882	2.604469114636724e-19	0.05298682360445409	0.6067681752687025	0.5871719534047474	0.25277883668713386
VPS13A	0.3474128555948477	0.14601156428434564	0.48536885871927227	0.14015576889829068	0.39366432296959214	4.065409661127303e-09	0.2797648882200371	0.07301220307158117	8.2408596337587e-10	0.045136148371485316
FITM2	0.21956559497498082	0.06909579266707133	0.14804568553696623	0.0017439560744078573	0.18179575276607207	0.5565911709016781	0.403825320191767	0.06313856629891089	0.17631863334968356	0.38901629811043825
IKBKG	0.07747856384984027	0.014667428244119186	0.10992168058932562	0.20981090587604995	0.06498426979069169	0.2531035939958044	0.281128349041126	0.2046938431160335	0.3712135265763909	0.09220349391244505
RBCK1	0.9982600213241135	0.0029352150888371075	1.45571130922309	0.23249357057474962	0.5349074818301796	0.9503767078951222	0.9627240739018839	0.22283033042201986	0.8766644313117073	0.6770488605405705
CFLAR	0.13626365629834472	0.1458301773010797	0.9457965812317749	0.0002795375477154556	0.11902555285215903	0.048661626388717814	0.19711345570446676	0.05561632063538969	0.6457947463413417	0.06311853260362044
SETD1A	0.25985478552640795	0.00010721802156255005	0.10547573892725702	0.22661052028205056	0.5437830205840481	0.34327190080449965	0.1714422761560602	0.18373060966926918	0.2683059184305443	0.6979494126702824
CHIC2	0.27338088148357287	0.28757825930697295	0.5020937495628274	0.1982054033910181	0.4828135525463931	0.016951919120697004	0.9022895814872952	0.33119539340127074	0.524677965419531	8.073227268631714e-05
TCEB1	0.4828033569738691	0.8408069568675729	0.9049188118663121	1.0959449777331656	0.598211075342337	0.6597543843184807	0.7393671895202795	0.788990605688499	0.8204374471137631	0.5377992578816367
RGP1	0.5824079672289667	3.3181193903493555e-07	0.2052823973146304	3.423315730868393e-05	0.7071566660876362	0.32502175452487075	0.6504653777699848	0.39566948824313153	0.5141598005793845	0.6028986812832215
TAB2	0.46641607911521255	0.6730406942562094	0.5163680072412657	0.20086098456515916	0.666599336799447	1.9327838956325766e-05	0.7681812657323391	0.6596189085843392	0.717446182861601	0.4704025101561936
TMEM208	0.7970184751654038	0.49414963185520094	0.9172027120293214	0.8714767834683972	0.5098964934794119	0.9490946246487929	0.8284720383847394	0.6188326096264342	0.7584530981884879	0.7606587579730232
IST1	0.9859986796311119	0.4906038910742505	0.7438925643804368	0.484521208690299	0.9258318054563617	0.6010284216823032	0.8009060671440922	0.5837991956879308	0.7863389791409221	0.985883564099552
BAP1	0.5122172557701227	0.6057673620188887	0.042758517326414495	0.6911182835872828	0.6957225051888658	0.6638043141629155	0.7051019140408102	0.12989517954634533	0.6982522279254584	1.024765338524116
UGP2	0.6750155506184111	1.0169234391625246	0.6414676690000529	0.8172953991614251	0.40661099207847917	0.6075703523297523	0.9974836834741356	1.1409472683531494	0.5022374126643915	0.3895904873649506
NCSTN	0.7428133058140431	0.5873177148690755	0.6589092283714414	0.0706994272490242	0.7210447422241413	0.8722356738592869	1.0789322893104774	0.6372258601969105	0.9183133732966549	1.2033175509318303
UBE2M	0.7031286070113041	0.5835665989107517	0.7395954074697706	1.0507159710107477	0.8738772259815801	1.0255591664073571	0.8345413691781289	0.6864331543921572	0.848782445095349	1.0250789053662062
KDSR	0.44910023847745806	0.2847256517734242	0.5459822451600685	0.1717370828635319	0.5163829480154182	0.38772572095159985	0.6835555392771054	1.4445319214536542e-07	0.42449134291719426	4.214791979532612e-05
BIRC5	0.4438277269446904	0.809108735599816	0.242635658507631	1.7391832681864723	0.7799901649985861	0.8242045077764896	0.5275184618732099	0.9240548916085606	1.1181205126131288	0.7877638302887863
VPS4B	0.9119586071365121	0.43994364906752625	0.5284971678923828	0.4538462335054802	0.7670452978188995	0.5436484707733789	0.9106768325290309	0.8965097853908315	0.48992469257702775	0.08005437579783216
POLR1E	0.18921846342065024	0.46888311617323564	0.1595380751889246	1.49960204399586	0.42377585497435605	0.3328388406203677	0.41502143741102204	3.577756312590955e-09	0.7400821205373959	0.45348554595984236
NPM1	1.014387847322018	0.8854271282972428	0.8950728418491264	1.1661724629287857	1.0021900343951735	0.9108326322306257	1.0257469168814928	0.8642197498915477	1.0495124123231836	1.0965235580301078
BARD1	0.0761605483236889	0.14897599998795039	0.050426773614346804	0.5354490011250979	0.17641798179454465	0.06839922363921432	0.08771907660150775	0.4853494260370067	0.10467062269402708	0.02008228701921572
GPATCH1	0.2295182433568752	0.2626821565049034	0.11409626791213379	0.07779066487224943	0.30483440258956757	0.08136311321022557	0.06107015276755091	0.3513923390604976	0.20743357047756633	0.413696677503046
L3MBTL2	0.2240080061034097	0.022344382425513797	7.206924963281356e-09	0.6429532195622248	0.3414841998600362	0.6966365947601648	0.41261760232585004	0.34756163412235724	0.19888937299064968	0.47789511411281316
TFB2M	0.37652399450351537	0.6877966888791957	0.8894995727762403	1.1469349037814787	0.2582801400642145	0.653466199190805	0.22861007267628508	0.449657301957089	0.19478496608058793	0.3898176712349007
MRE11A	0.4899881122600473	0.7908933410011243	0.24191196422359293	0.5648503508989838	0.4778932290630404	4.2490654264053296e-20	0.022544856477720417	0.5319735497400204	0.4966400373796847	0.27189073427825666
CENPO	1.863042868307199e-07	0.42416596076534263	1.7978024035309908e-19	1.319478159890139	0.5719488003172093	0.4623394554631498	0.3182627980948434	0.4376700758895807	0.7175151128415251	0.43893105529502857
CMAS	0.946163174399718	0.8589183153218497	0.7799747925073588	0.9392431771110022	0.6547363277445272	0.8176748024251573	0.646764563659473	0.8359693896654133	0.6270904868518269	0.304175178273115
MAPKAPK2	0.496507533086403	0.19535161263802467	0.5511006848158783	0.4037786613263338	0.4782966478496367	0.7627090782268462	1.0452224575515294	0.930871012489497	0.7775789586432494	0.7303668575521978
SART3	0.655558919410869	0.30251882199592256	0.28651645054371944	0.7186614880831617	0.862555686781288	0.5251380684102349	0.36877562551769677	0.2561928090194206	0.6174118628333465	0.8493721262869995
KLF5	2.829047939765085	0.3762130591934113	2.3517833912315793e-06	1.6714053657005465e-19	5.332700980661329e-21	5.0151357406785954e-21	0.09886132996641603	0.9549555112073727	0.06430479269615932	0.27676756476172126
MAP3K7	0.2311650310140364	0.6715057143442584	0.39849705017406606	0.36908379366629224	0.512688303033619	5.932061988507508e-11	0.5298145172418972	0.22747348642142162	0.27615457600489096	0.25162762454115367
UXS1	0.44264375319724497	1.0457382179752572	0.662605637369986	0.001336907210237218	0.2865461885961696	0.4875071324660965	0.44974696529768826	0.06440614105889352	1.0853317534427276	0.6633417459852482
NAA35	0.575167949684334	0.38073700822114137	0.3340525287600735	0.5722452533115714	0.3499134331652599	0.14487388355321584	0.336581154035318	0.37204564040771143	0.3437714101570679	0.25763790975334283
RAB5C	0.9043949357911221	0.7842952129275799	0.7926108711655869	0.9811423211724777	0.8118260768212854	0.955844712895806	1.0328083248318372	0.7965545169291336	0.9822111846517	1.0529393368622821
MRPS15	0.4939410883668906	0.7489911527187431	0.7216714227153351	1.2095813955724983	0.3142712628251969	0.6196234424424816	0.3641113518668226	0.7114852899724947	0.6200162269912765	0.5881195200547888
TSG101	0.8057666631127692	0.577038314701986	0.9028147442663977	0.25694080455925444	0.7243272156327206	0.6059975942146758	0.7548757606843532	0.3974969895576723	0.6098098814142243	0.4928829440205875
ATG12	0.166818502344204	0.31766158157450775	0.6189970511792902	0.4105954653134928	0.20941955714284188	0.11251881919603628	0.5440659735045505	0.1697360153294747	0.3086179118075826	2.5860135486635685e-06
ATG3	0.5701294311503142	0.6843753027256447	0.40546470995633116	1.081276902048035	0.15782400558008203	0.6446338264694816	0.5612417808290102	0.7337147226708739	0.41528526605660887	0.05994606307105309
PSMB8	1.2008154057191405	0.09857079538498636	0.3095523341909523	6.0992436045665985e-18	1.0470799648471765e-20	1.124848634503001	0.9998884657620308	0.5055182768301888	1.9396096288964109	4.528309885507897e-21
SOCS1	0.046085220397612967	0.0749575971890877	0.052033097383542976	0.021641015275506784	0.0802754956703689	0.011119007191671575	0.10135090385803387	0.03571486668850668	0.13399715458844327	0.19633667867890459
VDAC2	0.9260442257502941	0.8494764683829226	0.9788610977771506	1.178383194739833	0.8577013107838157	0.773537899908028	0.9234939729594811	0.7660885936612724	0.9090467134441509	0.9753989756413117
JMJD6	0.0016819276025167305	0.13267902239406706	0.3065695409074063	0.3930298641285951	0.3199350902710621	0.42008693615556547	0.2710561090814923	0.0006254681874672565	0.4363923863099885	0.23315457974351442
EI24	0.9396957638490397	0.7976203354401793	0.8065486080802903	1.1551341755478548	0.7911607453245966	0.7060085176062155	0.8069746052343348	0.8019081390830822	0.8179476300399484	0.8007429330871073
MED24	0.4866631138952985	0.18365982044751863	0.4836312165704493	0.4750645793468259	0.8286886051284629	0.5444735520221354	0.4327128073527938	0.22166235561359476	0.703517211215321	1.1609478981654124
SAMD4A	0.029266899815542778	0.1485216732510941	0.06867977115341652	0.05402561951329429	0.005847101827288787	0.019265575213152038	0.13355757110143285	0.023331938267606968	0.17916247241991504	0.08199147170920981
TMEM127	0.583866209594123	0.08070205019473407	0.5605484097004098	1.0038404703878082e-06	0.3146519462943321	0.7922510135188356	1.0542908942660525	0.5787320096928165	0.6899156762725122	0.7876190850606376
KDM5C	0.7035073890868989	0.027568654736904535	0.3904271369074496	0.1701014544181895	1.000309406710521	0.7834855543336041	0.8924929593177923	0.14465188625606534	0.4090097224243989	1.2903061850494284
GLRX3	0.7312826743274015	0.8375418672349942	0.9412826773456364	1.3516545864133551	0.5191600667578856	0.643307637422603	0.7078534669327663	0.5796817391442776	0.9141924587356651	0.6624625400453692
TNFAIP3	0.26074447526648364	0.5333104874898772	0.004636475022031701	4.334830513693643e-21	0.0002807550376756421	7.196756587208473e-05	0.16794824108831316	0.15467901511379065	1.2437246923241263	4.4771266974479e-21
SRCAP	0.7277337103306649	0.003219436255797541	0.2887071552050561	0.27259709382405234	0.8361771510360669	0.4704650063880584	0.48250893546536855	0.5636053085140702	0.47985223229374485	0.9435250997250726
PCBP1	1.0107538388746908	0.8505828624761161	0.8419392127897415	1.107814169930086	1.0063244099780717	0.9138571388189382	1.0120358843176942	0.8433367302198727	1.0247614215778722	1.1028596222308285
MED16	0.44318279588593	5.363928368892909e-06	0.3391461552776586	0.18277574170292266	0.7647597916879976	0.3860274444031421	0.6570827895253142	2.5804858920795413e-09	0.728975284411898	1.1000720689833248
SETDB1	0.2545905915349818	2.9292839907587238e-12	0.4436459106139579	0.03412930148876181	0.7051173403308063	0.30299000550800215	0.18770659766236683	0.4402130207035386	0.03385366106063294	0.7173672240519077
RB1CC1	0.3596780828211603	0.793562941854871	1.085746413795477	0.1031746708193699	0.6471898043792431	1.5545231901988748e-08	0.47772623144799314	0.4303917454393218	0.265824943833801	0.11370809448715596
PSMB4	0.9828341272685508	0.8714061779562151	0.8872179833928471	1.1495543949105633	0.9955004598960173	0.9341846048884664	1.0136986294762176	0.8762430347188551	1.0331620726948259	1.0962951628438409
DNTTIP1	0.7898847875116511	0.8486765249034393	0.406777160232248	0.5465059213726963	0.5517417628669544	0.6217633933922387	0.30308692899276085	0.23482215066833956	1.3731973284689831	0.7899832160772705
HUWE1	0.8255479034480835	0.4607792063306785	0.31732008247059174	0.3617418156902797	1.0527920313587178	0.613739635392421	0.7774145433218578	0.4945021864666511	0.7586833607211051	1.3031748892203023
PRPF3	0.3169758915007553	0.3103735688070281	0.341337470326754	0.5328382087151521	0.651754679454205	0.37069514730114406	0.3235735643924221	0.7938024539118865	0.45268247887639046	0.6102752890147309
BECN1	0.8971695225721988	0.6291385787326691	0.7111120211721906	0.5881838233656981	0.621072146434945	0.9021164936880443	0.9308661334929387	0.5057590644810497	0.7660944475299901	0.7279654525254934
TNIP1	0.7278320892155492	0.36737978823339684	1.0758257779798979	0.088471031501031	0.25396008666448633	0.2520003720323125	0.7129151515284149	0.11888086073583312	1.9286427095257705	0.7816157615411037
RPL28	0.9714455368464923	0.7387045009732496	0.9180919380827692	1.0725971892215929	0.8821377567193971	0.8494927032145171	0.9545697783143903	0.6305532929137393	1.0295540976693816	1.1862612448328498
TAB1	0.2753979292133371	0.003692840601368086	0.12943071208432635	0.16443544500805696	0.4917679919689404	0.4322409221066803	0.3120121559145194	0.16058811242440627	0.24536422149226284	0.5991378599913553
PEX12	0.14658980450910633	0.056338460022193004	0.22815767106169116	0.09494477847156692	0.15782542120862325	0.16144306892425114	0.24263433165092227	0.004894929232548836	0.08444575335300372	0.15950263574415627
ZC3H13	0.731559646541113	0.7457871828230794	4.209236259747914e-05	0.24757900544813194	0.7096995193996072	0.5891730379461422	0.48579257242817836	0.04896821038883914	0.09714230272081222	0.42765943516024335
ATP6V0A1	0.5892054417907493	0.14578483663388625	0.6404763579919113	3.2911895279660654e-06	1.0175087677881536	0.8481952060701745	0.5858774017441923	0.14919500244295353	0.16798822441439576	0.6724727283154044
YEATS4	0.48849262665132936	0.5733799085941356	0.8259199341132272	1.219523444111177	0.5679238778105351	0.36142954475571254	0.1520407881877336	0.6506872673977551	0.08108538644777857	0.1115686567258977
GRB2	0.715336842415993	0.5522724956769837	0.7556824017941849	0.8902299717489771	0.8045054926539422	0.7765955059372982	0.8502163773097698	0.5978175576369802	0.7727207011076543	1.0051029004541352
INTS3	0.4131901236751052	0.3540320536211223	0.7491676841559989	0.08346116744638434	0.7885728699602993	0.6797467080774963	0.5936411699295643	0.6457043483880888	0.3549417418841999	1.2725115195607328
MBTPS1	0.662817481946857	0.5521465650906122	0.5474111242545849	0.27188207296261024	0.7019540238497164	0.5224325704420792	1.04084857052222	0.679872967633829	0.7614851634185485	1.0831636033536869
HAUS4	0.6248548279565543	0.16267430966100346	0.5932962297919417	0.9073046943903076	0.4407607923751188	0.4499467907907448	0.3875540712425813	1.0164144765152545	0.6440878918876624	0.5551192649115692
CSNK1A1	0.9100304219690065	0.7362658312503972	0.9390344097055802	0.952322639309501	0.621579920860968	0.6000252903248069	0.9877043169482532	0.8414741558476487	0.8168427523061187	0.713824689887339
IGBP1	1.0348637954768454	0.45587308884804495	1.1032060847789755	0.46119051802263616	0.6702212658126239	0.6029037534896821	0.7830579098519999	0.1630653079057812	0.7414824619620407	0.7044567908546774
MED9	0.21265456919343453	0.11453441652582338	0.20236261326637703	0.21084066208315874	0.4058279876256956	0.4505238875181132	0.24195357161456107	0.27306777228289547	0.22944042974695258	0.46398699116894565
UBR4	0.5552068010194566	0.44887752975477574	0.22233930563232418	0.032994493792789896	0.8359412403039496	0.39920465395378985	0.5734460767055323	0.00300203134487539	0.8044305755060349	0.9284415772727367
YBEY	0.15055818435527293	4.442073578447334e-05	0.9415167571835397	0.48325837412166534	0.3111230573111404	0.35952845111010556	0.3134527072552617	3.710709835601186e-15	1.342340129301512e-16	0.2658924905416485
RFC2	0.36794937195730154	0.520039622012203	0.03738608468795664	1.671908700018067	0.5302288234232515	0.9986571680343171	0.25368490674217403	0.8778482566800879	0.8394437729802792	0.5326444515006853
DUSP11	0.3731879781175497	0.39762718495324534	0.32161067475422256	0.33455829528571196	0.1343003983473629	0.056432485697337165	0.3236935271285044	0.34551640331095274	0.25019108419978087	0.14454532234984213
TADA1	0.1540437061645046	3.7118765392010747e-06	0.42894889834892447	0.3620443735882817	0.5513778192899285	0.2310352484916537	0.08168511711298639	0.32609095548156486	4.263542915236718e-05	0.23854591910289388
TRAPPC1	0.904695318549228	0.8437769572162317	0.803178593403549	1.0307215124854088	0.9311282362138384	0.902807881026048	1.0460921299996258	0.778330131395786	1.1055213050382882	1.0830692853963944
PTAR1	0.2702671299447292	0.41462618415015373	0.4624619607823206	0.04395271057017197	0.6618480492232485	0.17564225406164274	0.45585909165711713	0.14606047171897654	0.10100652827983833	8.515791132268064e-14
CANX	1.0149839399931522	0.871939088684127	0.8866081701855795	1.1075204189529204	0.9711275491898469	0.9118878971203199	1.0379722354878036	0.8533453664487526	1.0509821242224282	1.0719948643658954
PIGK	0.0019981975523691614	0.8214257951274165	0.39660832793945144	0.38089053978863596	0.12134622827035836	0.24293177724696344	0.7843794461722463	0.4486504930898977	0.36810401831812634	8.852203795312706e-07
MAPK1	0.5731343068640767	0.6969435539592904	0.05466616275969204	0.6752569368670648	0.41726857768980974	0.5772331232034824	0.7081124581022438	0.7029107062881842	0.3103103642867402	0.29942264394956036
SLC10A7	0.12179114965292244	0.03842428242308981	0.0949635412144027	0.12522543681621184	0.06857735027692123	0.07374728070143739	0.0873979047612079	0.10737525735437853	0.03945375187782284	0.06355517148806103
TPR	0.7358585256981799	0.8464811045033833	0.6662071331635803	0.8612713217276727	0.9698383802324891	0.4483660426253155	0.7043154615331527	0.7349325178340641	0.6388191555727277	0.9081431212693043
PTPN1	0.6643599647189679	0.8203675042647217	0.21980826655570365	0.44117719746690254	0.8015858877614133	0.7812101945574066	0.6766506183589517	0.6658277226068187	1.2839963810073187	0.9247229438710837
HNRNPF	0.9891375756473603	0.7264910771927607	0.8778828341001889	1.1911396465755146	0.9102782483345125	0.8805273063514206	0.893400443346841	0.829867906805995	0.9785655114212044	1.001823038905264
SRGAP2	6.14403083772328e-05	0.6067492645228085	0.0014587351905253594	2.4638164820970074e-05	0.5258768414344166	0.50589945223539	0.3285088688763578	0.2933638989139732	0.6324955396507281	0.4753339551392511
USP8	0.712732908406222	0.3632303193626549	0.5431553043302163	0.5751598224014826	0.37319926245363544	0.5680693824778781	0.8052759343486755	0.5326647840848352	0.2489978546677152	0.38652501463947214
RANGAP1	0.6466701789152688	0.5692132881030737	0.35347458320349995	1.1083216962909255	0.6863417239269809	0.7073937412955938	0.7810600722229937	0.7656876117004051	1.1320263883419206	0.8275834097735022
GFPT1	0.924699441789566	0.44855561990124565	1.3978316536306434	0.11533378176401922	0.5074403744847378	0.5793245333901127	0.8595340301208848	0.4094213694660062	5.568842550000732e-08	0.4155640562282359
COPE	0.9518949619994241	0.7674703425775539	0.819435315785869	1.052906646521274	0.9452899210428369	0.9293115112134882	1.0420228025299312	0.8092195076540519	0.9872219645340957	1.1017072582171679
ANAPC13	0.7837282630151939	0.8293597132577476	0.9195738816964952	0.881116622148458	0.7740589823125906	0.6172071553561391	0.9838191171960291	0.6364733972031124	0.7241898063592628	0.6224186992231219
STK11	0.7292034735996454	0.05490757768537183	0.4949833669187209	0.33715371902730207	0.7260760141096777	0.40963555611867475	0.7104382922873875	0.0007474080280507117	0.6900441845841496	0.8590141972056362
SMARCA4	1.0841329603530734	0.23963295924843317	0.19234062843133096	0.5184694548067893	1.2199604291244464	0.8869305464721712	0.834937404933193	0.3846011107356664	0.6991587654314679	1.1696569961191474
IPMK	0.13971882173021802	0.0944069928393496	0.32330781116009233	0.2422566297437736	0.11951876900416669	0.06416380900150903	0.07384494179823213	0.1904258522443273	0.04592350936977296	0.03280649470130866
BIRC2	0.3737279645378774	1.1012687115960245	0.7615154781352264	0.4599770776565427	0.29300983540358	6.020450545960725e-09	0.8212745482790809	0.4808951046362032	1.0523787484712759	0.10299193471344165
RBM10	0.6477777823433937	0.3064980508673222	0.2328054345205803	0.7218117696793765	0.9736848068491301	0.7743825682675032	0.5655936400256748	0.2742795970570634	0.6518010301419489	1.1069927913425197
ANKRD35	0.06637174784929183	0.026031707380974357	1.4692863670085331e-09	2.71038440233789e-10	0.06295941750003291	0.0006004399787566582	0.11977856707099382	0.11838735720019754	4.822170339907768e-16	0.0021766876732304103
MTFP1	0.10992538584605177	0.04706308628076973	0.19579621177310477	0.5996128544661442	6.987110045468739e-21	0.43079029692497134	3.173580895298673e-21	0.00020764483949833567	0.271709348418509	0.17500427428104823
DHX15	0.7687457664841741	0.7133450753360557	0.6059293950352256	1.0462783363177637	0.8260044299305574	0.6251557479707418	0.6433060842326993	0.7326844319220506	0.7202539798564038	0.704194807201203
SPTSSA	0.699221043591286	0.6151582853946013	0.39412283786340424	0.8154714480626883	0.47462276754048394	0.7238730535673019	0.6607227108406705	1.5239334629890375	0.3183529142256562	0.5415045285944275
UBE4B	0.4367634766327643	0.4705354148843272	0.07003657308489217	0.17698059104327638	0.5284484605001081	0.27122532718727826	0.3903947650795429	0.1220233814628923	0.23077910123802198	0.7400299520362588
SMARCD3	3.195963597403467e-21	0.0297516615602298	5.680328702339816e-09	0.07285989395736098	0.2926038426717439	0.18020537031619188	0.5199116127950193	5.593895117317924e-21	5.520835795342468e-21	0.5154983532769293
CCDC114	0.03293526828683625	0.030133268828390642	0.10362252827333861	0.019522285879591126	0.06947965111079106	0.050218755826388295	0.030633131458130253	0.06323360356916778	0.025422462142058372	0.07907389415041326
SHOC2	0.21161912451914255	0.1965590053935663	0.9262729542327226	0.5560832858431295	0.2087726967210474	0.21125459830893023	0.8673999348830248	0.5037545258110021	2.1047294132497079e-10	0.025117972156094993
CUL2	0.0024979527210516263	0.5914474406859088	0.7036014302734532	0.9160792019713857	0.14435649875563555	0.107654323533772	0.4762899750279404	0.5027118421053867	0.34057567379236553	0.3077433957155613
PGM3	0.3209536379000527	0.805304068243088	0.8597898515296661	0.5653928098806997	0.41488053251827967	0.11545403784431346	1.101530343644642	0.4012664215866944	0.5860678743110592	0.3968231864362501
TAMM41	0.15377402755522834	0.11805053430858356	0.1273454570713756	0.24329265705766046	0.09973938847671819	0.11239643369212345	0.07903170108299631	0.0006275865064945229	0.09481294109915016	0.1814219105794816
ACTR5	0.3643102574169612	0.19697859604336032	0.21367672635702892	0.4140780921350744	0.34408763673786513	0.2510513815571842	6.624677471397563e-21	0.14048472418974528	0.3606940536839422	0.3629650342426574
DNAJC9	0.6676032351722201	0.677184365976307	0.48197738887346386	1.5183624020704791	0.7553913452567695	0.6068430153928057	0.7396933732141745	1.0160216393832027	1.0299841559267906	0.638491971152928
GET4	0.243955489306154	0.017013220856943578	0.36202318476854634	0.06584595572431041	0.0827076542789176	0.16090321156166082	0.03585760077388973	0.0022272737662292034	8.467464123433193e-11	0.25481931585541673
ROMO1	0.9634239342084974	0.8440692652876339	0.8782391973103965	1.0735182872536255	0.9419404132103606	0.9354554311396313	0.9782196856609147	0.8147346319251214	1.0654159554444242	1.137252027076595
SOHLH1	0.036990676405300585	0.017594649942114904	1.9986098908049747e-11	0.028878438029791186	0.04165512675061971	0.047525264156481756	0.0034173229098880286	0.009114895195298166	0.000457506041618904	0.00010926114631310312
RNASEH2C	0.3624833201548667	0.8366708618664964	0.19541626992170993	1.0082086897746503	0.5117375282739169	0.5975361789908532	0.5876483893005743	0.6646223550709096	0.7895738705624341	0.7441226373727888
PHB	0.9355520613683546	0.8372672384357449	0.8699515454384844	1.213549000381668	0.9244128363090486	0.9407688961406683	0.9322442837089396	0.7630613604778516	1.0223849732573704	1.1012256615023563
CHTF8	0.7587475141247588	0.4035216672330299	0.3954733943289943	0.6195908022132702	0.6177919672170441	0.6546514240727552	0.709563322294551	0.09383567158348288	0.9545416088919205	1.018207161783504
SLC35A2	0.7380749936098187	0.041076234362461245	0.47914562143771566	5.013626019863841e-05	0.1910777387351542	0.7305881577540998	0.6764744955511218	0.59042967216428	0.5915604274418509	0.7545768894060734
PPP4C	0.9192943758831832	0.6678078892349228	0.8265095965660454	0.9901475555223059	0.8197804281328428	0.8619180095668214	0.916432970059977	0.7850977535333215	0.9491826048209457	1.1191476247184549
RTTN	0.04059882004868326	0.13923530896086858	0.007741756623790524	0.31934705060808005	0.29289426202169516	0.1282845675139379	0.11917970799959986	0.10707372168188162	0.18447576553198558	0.04313310005335345
IARS	0.915989547356762	0.7624372632133073	0.8638732385372598	1.1399263553938435	0.7748778544140937	0.6014234877580115	0.9630354379043418	0.48777866991190366	0.7618974288459197	0.8244885504779483
GNB1L	0.29373102735240286	0.08528696364399455	1.659310767820072e-10	0.5447107656209549	0.08496295660891139	0.3904396157720432	0.15881717215482244	0.28794860274217876	0.3901790960747157	0.24413789491793525
MRPS34	0.8570734012890663	0.5559143238382886	0.8690483303652325	1.2344240206632462	0.7385102412511018	1.0566103303414287	0.7814001018438856	0.7051376908097173	0.8108164321710428	1.0419220291304836
CPSF1	0.7421933333884081	0.4189332818759394	0.3781608368808052	0.49116739721584096	0.9408497284030048	0.5369666635339767	0.5591461513059189	0.7329230438022135	0.8061488681376655	1.354850365939017
EXOSC2	0.40049597355228733	0.4159372599623444	0.05104496252376109	1.3326754724712662	0.5602425168317156	0.3687967243244836	0.08451959587017648	0.3624695740998274	0.6252010071672739	0.548735179907876
TMEM165	0.5783030253798586	0.5613665719431297	0.764150884984594	0.6789452342104111	0.24921777987642227	0.5123248697864097	1.0428285638004786	1.0748555219304265	0.5111447305552089	0.23948443048456552
VPS25	0.8635211319352604	0.7463013937561475	0.9025349692599264	0.9641189500058627	0.8382263737978434	0.8429747801515928	0.8973164806103247	0.6479326374064623	0.8869603378863452	0.9583572652322709
RBBP4	0.7984039609620557	0.6831753468098937	0.6673507391205538	1.0496430716708713	1.0779775064212338	0.7702995955186255	0.7348239358845894	0.7355270940078288	0.8572627140803131	1.0915082585240188
MRPL38	0.5009489746446668	0.2404565527227929	0.7497126258750237	1.0043884645168286	0.4245032468442022	0.7830433913792328	0.17689455675121615	0.3223197009288095	0.5927421589661513	0.9863560152777007
ETNK1	0.6091257715742717	0.640105073223635	0.5777504628908524	0.38146726331605757	0.506113509449676	0.31204113001587214	0.08823201966149409	0.25436102278402783	1.1396723670865832e-14	0.13082506605291438
CCZ1	0.7178019362739794	0.6003391136085646	0.7624578219362048	1.005141178800401	0.6947662756448748	0.6769883077783759	0.8272909645528765	0.9212862689757014	0.6067841996435136	0.5173777682703086
TIMM50	0.47768607230700744	0.9406840000274085	0.48324047074377385	1.0788593842947876	0.7112873173328251	0.9176775892070596	0.458012218332299	0.4225868304895488	0.7528718592205824	1.0164856607191926
NMNAT1	0.1946635022702653	0.1612568902645123	0.12346919933695152	0.07488791364753823	0.09346188287803171	0.10071159562888857	0.23579294312271679	0.0817399054319399	0.028875580208170302	0.12211948388383555
ADAR	0.8911539862702249	0.5798684665772925	0.721022735398465	0.7769335668812247	0.9840656050843724	0.8371154395670739	0.9100335726431881	0.9417084544672164	0.8715427614194016	1.191514980670499
SMC6	0.262535725830126	0.6698210235640398	0.40545032782676993	0.8160960231847307	0.44192720593648593	0.08985189392750455	0.23181610477957798	0.44087355943623435	0.2799756266146903	0.042437161657082376
PPCS	0.7589380321449501	0.5398788423598094	1.2461222102543459	0.3728667941153996	0.15234464839405223	0.6402042749273652	0.5411259511962357	1.1041047185834936	0.18020093420494232	0.43453369971025246
WNT3	0.09237539308656366	0.019098976886978775	0.146309977499885	0.07712563171082787	0.13253996180395233	0.012012736970029919	0.09116080629060229	0.02765265964245406	0.18949689331687405	0.1988857691340075
ACACA	0.576730683824981	0.18201544974511238	0.4048941253411183	0.5307212464822005	0.7056439990181786	0.3012556685344561	0.3720368263494208	0.14804966424321714	0.49723109523823605	1.1072872021433446
SOD2	0.678502403291463	0.36571191379360074	1.1043280729039868	0.5498840568322703	0.6372794759478789	0.3479964474016877	0.85858169257491	0.10669379358492143	1.027054004702803	0.4462287070818266
NARS2	0.5161386085072421	0.6344314705727938	0.5230399802633856	0.4691651613625096	0.6417012050584266	0.36863427356008815	2.4686235039136307e-16	0.14119149662071448	0.2030857478344256	0.277227626859114
COX7C	0.9583263397799147	0.8073518486893176	0.9860548990993467	1.1546912483929002	0.8869141886661844	0.9095986786578882	0.9390403285899109	0.7712903905321029	0.9465488795876223	1.0646519199597975
ATG5	0.36270024015962526	0.6456218467328722	0.5422066260873373	0.6900784756726633	0.17661960841441998	1.6579559500510185e-09	0.5240703454540186	0.5647301884229806	0.3124965749908612	7.838475583581882e-07
ATG9A	0.5718264460918507	0.06724501724829378	0.332561783927086	0.03341177703910741	0.66966665024997	0.7739959557379001	0.9874656943491804	0.0012507920285781127	0.7872988267058608	1.1868025346980984
CD274	7.37225014659215e-21	0.06240001201357717	0.24711309645932664	3.848787750605354e-12	0.027661890020956564	3.0740871358422113e-21	0.11176754707724125	0.06484074834216416	0.8075788054540313	3.45596024838456e-21
HIRA	0.586131619455228	0.1300020990100872	0.03857206497961715	0.6740802967830029	0.416249077407674	0.4823985933366309	0.23625236564001412	0.18712120678088265	0.15255488030926376	0.3372904155510749
MRPS9	0.6700672638599825	0.7409185726258087	0.7392260554901059	1.1897539941622488	0.42061400675543237	0.49351172615450944	0.24547191240882452	0.37506311050122315	0.7044788482047496	0.8505285405419061
MAP2K3	0.9295099787894073	0.586370324284906	0.5116583715860525	0.7432430313736813	1.0062660589078292e-07	0.8288164864978272	0.741235289500186	0.042135053481836514	0.7251654866866606	0.49696378569009575
WIPI2	0.5052479455084166	0.25828312235744966	0.6522431063895515	0.0565847350769993	0.6466901451158521	0.4961860175596342	0.7488716213046848	0.282393797467882	0.4977272119869509	0.7442269371097334
VPS18	0.2964031888631755	0.08392865402620872	4.340367932817037e-09	0.10844560661718126	0.19066341966317316	0.8151606577227276	0.6464271235062583	0.20691968299403582	0.33017089171366254	0.6630048744344887
HM13	0.9054781297351691	0.7878933277386978	0.7774570617600848	0.4462586777238987	0.6258158829660091	0.8598300784122634	0.9085861451552427	0.5399558990807481	1.0612388854297958	1.1393460713526462
PEX3	0.22407680870105526	0.565771943588609	0.2052789068819452	0.47426453218450026	0.11163132425610599	6.260977189325092e-05	0.28444989370739976	0.27702065537412807	0.297518763682609	0.04961453213062384
LRP10	0.9021561391398292	0.03322122658439264	0.9477347387592928	1.7458961765889478e-12	5.2817378439516e-21	0.6762459594826599	1.304095555007184	0.513743215053371	0.9736178124682224	1.0221343313025948
USP9X	0.7524647588719113	0.47320798502361344	0.47067946510168	0.33915759059639283	0.8863793454986119	0.5009311830964446	1.0741270209156513	0.2920415778308262	0.48095109323918384	0.9463829097700909
NDUFA11	0.29612113997911366	0.4943043971978241	0.7962180077235304	0.8257089174947262	0.2364260746182834	0.593641699947628	0.44749402563572854	0.04204054754735518	2.8161709147901723e-07	0.4317645568931706
NDUFB8	0.6686528718927818	0.6045162392682057	1.0147781541852925	1.207945897900202	0.39309284592705607	0.8863569964046841	0.5692998033498132	0.22350604869828075	0.4025162558628852	0.8796530361981922
FURIN	0.8963406105598885	0.44289164748996007	0.2779329639144638	8.473826964894102e-07	0.25173752207727323	1.0500420255610847	0.9890124316513742	0.4964844530900316	0.8773027419608301	0.9396778438305746
PRPF39	0.5056815646619469	0.49692692436356406	0.42892092004839244	0.5234257034796669	0.754267570438401	0.08036049057160612	0.4288148604669387	0.8490686717476997	0.2674867735714555	0.3235301994081165
SHFM1	0.9122662169784342	0.7668535318349015	0.6748617334995449	0.9813728936631052	0.8379893340132657	0.9374702723740911	0.8582245918592816	0.7767693780176299	0.9339217647221355	0.9130619180923246
IRF1	0.4724724257477005	2.241730289017225e-20	0.2749463962507358	5.387481896763481e-17	0.04429020376770112	3.295472855454645e-20	0.4765077902575755	0.4376975741528436	1.1610019553833106	0.06355451856301275
SMG7	0.8082509826768792	0.27412292768871854	0.2502660716554432	0.49684586767047073	0.8388480928619364	0.6498766594762888	0.49098610621384203	0.8902076773920695	0.38119294559344263	0.7704462721511758
PTPN11	0.7861997937001198	0.8555962932528595	0.846214523433525	1.0759299149894894	0.8740653506146827	0.6481653082188091	0.8724491608934439	0.6528075016884364	0.7796707449433261	0.7467793396169317
CCNE1	0.06360060612312601	0.580213316527544	2.8072537393603893e-10	0.3233950687499266	0.3903553450646249	0.16543906102745423	5.3324537339299165e-21	0.437865246914993	0.19107580714516728	0.9668214234212025
MED14	0.43890324399260616	0.18596029960024338	0.23267570077342667	0.3905484921850588	0.5658140095146115	0.4101386974263459	0.4203874307948016	0.07335521603869757	0.23727315244844682	0.323256637229926
MTA2	0.9865984340872448	0.5856967665160823	0.46385099762838605	0.9798160984203315	0.9535197912075867	0.6409998786512536	0.7358505719036691	0.6639911552253082	0.9020566635523275	1.0651397854743294
NDUFB11	0.9233777232976376	0.7363468714174984	0.8878366146293732	1.0809240963921256	0.9959606433401174	0.9159072758297025	0.9624225544931818	0.7971055104137407	0.8745453409287436	1.0898098256606548
ZNRD1	0.716441960215456	0.3804703961338937	0.7128321746751355	1.0076554632219656	0.36781044545147523	0.43928531724285885	0.19100307646152406	0.16585196072420844	0.6762681728187926	0.8088149785862503
UBE2G1	0.3730519867915036	0.5371400631657617	0.6849257908847414	0.8178221667198402	0.47627230983813007	0.31253879005321933	0.5840426857365413	0.31773353555342676	0.48068955556331217	0.7053359655543446
INO80	0.3914110429490693	0.02111585731545709	0.19045485450719782	0.36950717069041894	0.15302925415381627	0.2554204224864635	0.2643695631641587	0.14346361809514677	0.22490475243535432	0.23189033606756862
MED20	0.2516332580511182	0.3482673350450424	0.18166160473468665	0.32082833492938145	0.4038489665112243	0.09231946323069551	0.33295302810973276	0.39217981170491695	0.5226129605489359	0.4443621915073757
CCNC	0.5809081908363137	0.9612823018732192	0.8417333646867626	1.041585163402202	0.33440694224825973	0.06167021941008709	0.24691957312870583	0.6632520828563088	0.3088333374748613	0.02421197813110648
USP7	0.9236790169835011	0.4218872317916018	0.49340575216529525	0.988306666229734	0.8342558222725611	0.5940637479729324	0.6780111771083943	0.5732048059215613	0.4511713271222023	0.8020908388067277
KCMF1	0.4661436363689664	0.7956859589570193	0.90797391617345	0.8152219825665675	0.32130317535448244	0.4066230739904441	0.5608348633422824	0.5315110304935826	0.7348282192077996	0.472953984290295
DSCC1	0.06509724060421007	0.5382901048698167	6.935807377912971e-10	1.562003295923654	0.33152062759625855	0.2929041558272872	3.722206425965984e-21	0.9589785114822762	1.1352069595175147e-05	0.0003143420257965679
CHAF1A	0.33484615624706054	0.28653715689848874	1.989237681116445e-15	1.4459106906291537	0.7971505426713228	0.745098931430788	0.2543940428162664	0.4573487078867786	0.7959347907231178	0.7540356428958648
LEMD2	0.42344206584150423	0.29067037340984525	0.5187729407362195	1.0261902277892497e-07	0.668634054184721	0.5096438445110711	0.7011591969379765	0.6328233944141947	0.8607920564865649	0.8758058118744193
RPAP2	0.16033765407090947	0.3470446618686283	0.27076062387058575	0.450724201813215	0.1289681686383477	0.015437847653842455	0.12994024312032076	0.27243479132623766	0.07692635398005045	2.3935167738554617e-05
HNRNPAB	0.9770251828025677	0.8566449458116836	0.8062906606404914	1.225697144235076	0.9580116047791393	0.9007162712167704	0.9616502919281305	0.8540473059572743	1.0081666499381112	1.051878222212298
CDK8	0.6736672452808958	0.36522183914602563	0.22110689158471833	0.45556063803797775	0.44087111853571687	0.19833355814049655	0.19141791264234465	0.06658601753182268	0.0031137841182326278	0.11033971426173003
FBXO28	0.26681081880190083	0.3520555635495085	0.8623230500724145	0.5992588761948616	0.21868549835615544	0.3819712569087106	0.3024840119970513	0.6811850607931302	0.053535403780151286	0.04370542087760233
PARP9	0.46025776022469134	0.06700786284633758	2.682154542665787e-05	3.964877594636449e-14	0.03053218143542899	0.20164955884138883	0.29658969775728683	0.7189248710566926	0.43068314395110396	8.84685295644624e-06
ZC3H3	0.24503866109576888	0.0003519299780496547	0.2093900878391237	0.02432889343354485	0.27783532673044853	0.23810732379362257	0.11829935193665674	0.390331621574268	0.31564412419467336	0.6724688347303949
DPH5	0.10290684844095363	0.36043105983865026	0.8564323000090985	0.88413950085359	0.2861168759263506	0.16696818393609106	0.1863889844180432	0.006767671657009116	0.22185584683056406	0.20198423760740078
ORC5	0.25041814057707273	0.334220237749364	0.31434762201334826	0.9526341723852105	0.077529045949975	0.6026503292540341	0.2626299352382811	0.32112809398459446	0.16217584196517995	1.2156948021800457e-09
ELAVL1	0.38723953389575755	0.5111657460215355	0.20581480521286025	0.8883055083258947	0.8335862279851879	0.41040953290777543	0.4498171392749124	0.2950056973267631	0.5820523726823591	0.7324458894389907
CCDC115	0.6971355528778073	0.24981856196428	0.7740804947107687	0.13680096887086482	0.4524599821040986	0.8054489600762085	0.5619258207503418	0.7072665843318112	0.2988844831555339	0.49314394461240874
SLTM	0.8637481786872988	0.6517989234584417	0.5892786807209227	0.9345658954711902	0.7145045765194273	0.5711742005328888	0.6528652315131005	0.7371268985234536	0.6028384330754705	0.687403895522908
DCP1A	0.43143461971482117	0.34832666023273084	0.27312463165808176	0.2830791089480145	0.3940891737742172	0.1855734190026239	0.19658528932575298	2.286204340304948e-13	0.05475401432961901	0.27651117090422717
NSFL1C	0.3241731376367879	0.483688871550418	0.26139982145247326	0.39913062586471315	0.4934688059421335	0.5101942110213119	0.5289688700490863	0.3897833076189806	1.1208657100979516	0.7180374582300099
ZC3HC1	4.326902933918312e-12	0.47771646372053395	0.16168867005354826	0.5767159852013436	0.35591890471975346	0.6168169498020944	0.2728076873479349	2.5786033194444068e-15	0.400285348126831	0.3685176487721041
NGLY1	0.24912518303268816	0.6116306179078348	0.5769523696952639	0.7860943962125689	0.07661636920821115	0.2823598191463914	0.4229774975792144	0.27900792173995675	0.14641378419107198	0.2780146989279126
CHTF18	0.323593336348557	0.13751228762250356	0.00027786049643822674	0.6774863607552641	0.5412076993042783	0.34470533326432223	1.8895547311522933e-09	0.7250422779833627	0.5956156915472605	0.6788112586687007
PDCD10	0.8328284311002693	0.8138045361531041	0.642921926857731	0.831207319976807	0.2932607781269456	0.45318416294853003	0.5614961160310045	1.2019909119116823	0.45237568791055205	1.3765737853472531e-05
ETS1	2.0836215591078338e-20	1.4194779475886643	2.433862953180716e-05	8.766218479773202e-21	0.34660530555409974	4.675177832303754e-12	0.49873117380806686	4.080271900703695e-21	2.238274478471813	2.5616514318439205e-21
VPS29	0.673372934635307	0.6230965981221099	0.922526502556124	1.0610819530773006	0.508622772484627	0.5330180168179178	0.7457582821769442	0.9425497620568105	0.37580814256612605	0.11514877263083223
AARS	1.028881077319148	0.6789645870988114	0.7572130307440892	0.8584882591847391	0.993988509353961	0.8545164579165317	0.9828688693333402	0.7372605859605017	1.04518586419907	1.1870455214281648
RQCD1	0.5011768568072392	0.3863240434082007	0.2548585880887431	1.0472009632263928	0.7065989332675652	0.5769660458976602	0.41587556419448357	0.31652575642463715	0.39544621497203214	0.45329887302731325
ARID4A	0.26842428873006946	0.13484592990401606	0.26697268731927243	0.04418060414128078	0.27868750353877475	0.021970849359289765	0.1654250636121878	0.3166559515433922	9.874908797144465e-11	0.16065381315056734
INTS10	0.5912272151796317	0.5688051256300944	0.7273918170331467	1.1033632152641204	0.5724633606600972	0.6124521658747262	0.5462035949463462	0.13913199319005112	0.004880115764156978	0.20608641686522206
UFL1	0.606869936453932	0.3946383578010008	0.9140895889314878	0.36369942088034957	0.31939342589208397	0.16235101700008492	0.6762210102608829	0.4969664168643429	0.058368088217536473	0.005054862702155566
XPO7	0.619736675519035	0.6441911917889154	0.4259325112816724	0.8699768296391256	0.9542873457134874	0.5375704832044087	0.6610687609363798	0.2902243740636943	0.4371812370466182	0.7001154984067857
PTK2	0.41712751453749	0.5831639241361632	0.5046398250528663	0.07566621325836767	0.6714448116952827	0.026935127661975186	0.26774947619385764	0.7203492482764832	0.6436506614290133	0.6618578438849576
YIPF5	0.32322030263174817	0.7517431607217568	0.7730154225735012	0.30386689197727385	0.31783483642715193	0.3208905403515513	1.2345800607796953	0.5494928386901222	0.9397500111685031	0.3880520397833884
NSD1	0.3832980935793517	0.034900991589699504	0.33643456013978024	0.29110599487040295	0.45952954577830785	0.21481082370722232	0.43937130119721385	0.4486184778071614	0.1260700919163672	0.5657523751199667
HNRNPR	0.6989889684834634	0.74503584087565	0.28372618773246455	1.269297528091188	0.8935804038334711	0.6224856261043101	0.6740651307733648	0.7021332743153104	0.7590369649425985	0.7299672032289964
N6AMT1	0.09971807861827066	0.09698746311038915	0.26374725343418315	0.13898405516710746	0.1807913822811197	0.09805496361076567	0.1907581736413763	0.061313861966804044	0.03562240019869509	0.11284992897267922
ISCA2	0.15863340332920373	0.2357538596577831	0.29475525898365534	0.42164383457059096	0.12460114767524431	0.08890185963043123	0.11005221999342948	0.49891644528215945	0.3315823028246265	0.2145915120396482
BCOR	0.3081348576389973	4.079127100677058e-06	9.857612693113865e-08	0.1526305635754832	0.8984481422602063	0.4140840717277832	0.23661475319047193	0.2089868555248907	0.009942104230990694	0.453310448090641
ATXN2L	0.8492978373912105	0.45495315062821967	0.7067123011725872	0.5941601534043919	1.0832028087744354	0.7492623219986636	0.676767071398607	0.5258828159191524	0.9138391325735954	1.1893794259946158
ASB3	0.09738117395439895	0.1934880635125805	0.11077026351060137	0.14359142303353947	0.1828066648824247	0.033393937874724174	0.13506343199273133	0.11160753416237411	0.11769651927855213	0.13346233439896918
PIGU	0.7210588035375605	0.4390732569366055	0.28342881654959995	0.18845625693242574	0.6338671169881409	0.6286943897517784	0.39120600019070106	0.41900498658737895	0.9279679950748472	0.9911399135612954
PARS2	0.18494207538232907	0.07471945729533007	0.16282771280462882	0.11500472205375949	0.1469234184754387	0.12302680299030526	0.051437036059896454	0.07430153579151373	0.06378029325966789	0.2319471082865034
HSPH1	0.9944405198037551	1.0522415315462657	0.13693771840200786	1.1036879326595455	0.8825376113238514	0.7355181242573653	0.7513531613072058	0.7870879346735371	0.9045579203676276	0.7579815610361094
SLC35A3	0.5454771453350891	0.2823036289080653	0.6262366379155124	0.2914618485050624	0.11573868094605957	0.001417671555392786	0.2740231122816945	0.6225076498489756	5.169046389213073e-21	0.0003762547452820695
TBC1D22A	0.32072371202193556	0.029618016481569646	0.2567179035247587	0.1313048797125913	0.12449932942010362	0.33592726318650556	0.3073800216256603	0.10150101830838125	0.23781475755726347	0.1663318409155383
RNF4	0.2546350144337617	0.23286414968956248	0.4529599948213181	0.6049464916607208	0.4362655590126044	0.5516677523959268	0.6622839724856907	0.3564157307725649	0.6958929504292132	0.6294182974949258
TDP1	0.11499395613956773	0.1454310323264703	0.04064501096706297	0.5718521084981485	0.2153530346464168	0.03484969368176861	0.09984801438317788	0.3344051004148765	0.19498813801787157	0.16392754507845694
CDIPT	0.6096085224991886	0.15695793650037632	0.6973835837950171	0.04521366230008143	0.7554706528994785	0.8706933005808807	1.0761642547196824	0.6616368873853763	0.48836056389444277	0.9504341702450637
PIGB	0.16421836270519913	0.18234443713746343	0.35655712936923295	0.20056346672562092	0.00010781873201993403	0.23884889399445863	0.29223767481509005	0.173518176497918	0.08118488568353169	1.266457187796527e-07
SHARPIN	0.49006926816103524	0.13527745851134526	0.8581333808828453	0.14816425122852708	0.460976604851349	0.6735611105240701	0.6586318917306908	0.8744462579996347	0.7368562113293656	1.0919333740041537
PQBP1	0.713296509052834	0.49868500126404586	0.5842586830885131	0.9332177990908631	0.8244237029064313	0.8496652188936389	0.6075997749502436	0.5266019269411168	0.8722264683239584	1.0391795447937298
PRPF6	0.9698960623147855	0.7114250720351116	0.5154812797993216	0.6694194463568682	0.9575289579704361	0.8361301315006444	0.7078294422087924	0.6622587978974327	1.1269557642993433	1.26385366175493
CAND1	0.3725961690645503	0.6282750033809753	0.6593264587469279	0.8301266358601681	0.7045832251619956	0.23533740355723762	0.5172976452235909	0.8117873133953208	0.14034189383108836	0.21871538522072395
KHNYN	0.9572653752899937	1.4484002950714057e-05	0.2091013241031865	1.0957595447115545e-07	0.43272791697665014	0.4796342551884202	0.6162814818787802	0.573779086359866	0.42961820705237647	0.8143126215600391
MED19	0.3964290463611887	0.3608308436130348	0.40289059471779215	0.2690097193267029	0.4774885457464532	0.25768650203586924	0.5613586948185508	0.3318285283767075	0.7536727473856599	0.6282167800427775
UNC50	0.6174904878331913	0.5755448814628676	0.8545076215037505	0.14040923218427367	0.4691135442982335	0.45801810495654577	0.6756670539980433	0.326431416804094	0.5266397564029149	0.5433229941814999
ZC3HAV1	0.4030157404570775	0.11446310415920105	0.35378039617557805	0.40620440190543616	0.1117178028616256	0.49869059512474084	0.505553347303332	0.5438445434448054	0.46567121496245933	0.27473775700676906
RAI14	3.41612892866588e-11	1.599363620497033	0.3261215722305556	0.001007725430927477	0.41962148657346654	4.1622282807666645e-14	0.7287719813661002	0.000731010554598604	1.5719823345729675	0.5024789142021084
PCGF1	0.22387052759751927	0.14086999680722362	0.4940611301018033	0.3942053812990018	0.3627152063166988	0.4025935945500181	0.23355969941535493	0.08053062216458486	0.40706453160895784	0.4619055148458589
TMEM117	0.23114721353566905	0.15605646193575334	0.001381065704351998	0.05253265178146456	0.12086303509128245	0.10872014545273584	0.18729898264282951	0.00037256940390611055	4.4174806058079715e-21	0.11227773738139013
PIGW	0.3412336048634137	0.3633661087686875	0.03516029654346163	1.079960459649089	0.35776787802347687	0.3535442790955278	0.07564043444716782	0.40868612770725055	0.43777034519972674	0.062498918870775466
TCEB2	1.009052265307731	0.8303383277809318	0.8993783059161075	1.1265257263779156	0.9896156111304594	0.9314420869247736	1.041079720413237	0.8481392857255151	1.0353518286982095	1.105655144155437
CHMP5	0.8358162284921178	0.7584005482409478	0.9091965410441493	0.6923872902358412	0.8395550378582384	0.6143509928885875	1.0064100686038076	0.9156876980357129	0.8456712312553113	0.6062774412250713
TSR2	0.743203640944398	0.43927763477862314	0.31301230832794613	0.81083021127316	0.9032133198282847	0.8662598563876566	0.8740915117860818	0.7716424975648416	0.8982409389691668	1.0269662000162099
URB2	0.16541477000980337	0.12012070199754116	4.5554002933673023e-10	0.7521515510228295	0.4049198091052851	0.2974042796311494	0.03139579112901391	0.2112076328454581	0.07944479269405366	0.23925158843387426
LMNA	1.057602603288592	0.7988296771176986	0.6339955540187877	0.838423218965967	1.96169657340385e-09	1.1364714308643908	1.1575596179498444	0.7796293581152731	1.1948180428821369	1.1022933825430548
PAN2	0.5744267456294858	3.4048177778980355e-11	0.5855521581490054	2.7915030647066627e-12	0.9595118067541716	0.34326148922552313	0.27495697867577157	0.28248627260844167	0.01680389819608718	0.35223303383325993
DARS	0.8419047707605334	0.9836493877919783	0.8943778697166155	0.9873032811860568	0.7927570370499883	0.5466027575862118	0.6856834303452306	0.45224628500196457	0.9723771536862474	0.6765199332770575
STARD7	0.962165340375224	0.7818221426933549	0.6863819502806322	1.1076989160851223	0.9472030976990772	0.8971728133973603	0.8862295535700113	0.8347453033059307	0.7425894005521044	0.9580615519161656
ZC3H18	0.7364319199709853	0.20016520993730755	0.005970542759248599	0.5350570818521595	0.8130530930444594	0.6380192664418557	0.5095361609864472	0.29936379935156554	0.7820875845156073	1.0929241891300587
KLHDC7B	0.13599521806717915	1.1017250631552918e-19	0.02249896042408846	3.1077420903948155e-21	0.03017536530635894	4.449628882494874e-12	0.05303612968810898	0.13829942288243904	0.15227477509015602	9.146169227853862e-18
TRNAU1AP	0.0399056722862054	0.17985095833863962	0.20376158696476696	0.29650060813852025	0.16835584595436817	0.09415664727862244	0.14098401758168247	0.27368121278719637	0.27562354349522394	0.08651190461624582
EIF2B5	0.7924690196160026	0.33951327110560403	0.2324384757393963	0.7425598864084153	0.6112478038377249	0.7791024098003073	0.4309405230752968	0.7846160770273543	0.453245758882264	0.5430187901518037
PRRC2C	0.9015912054951264	0.5610077153755337	0.5200269185237958	0.585535234174531	1.0170338660880132	0.694950421879087	0.7145424059244061	0.47640603407699955	0.7819855054842358	1.1963356997194057
MYL6	0.9519410342431567	0.8268332859493257	0.8849520053803224	1.1109304595549885	0.9293352247281754	0.8693756357499132	1.074562328469113	0.8954143112877795	1.059454979190693	1.1078524947914092
PDS5A	0.5450384681301533	0.534894564791884	0.8786516101713334	1.019270293669522	0.7118947355488092	0.3483424066590087	0.5571744135439641	0.6202885112289982	0.4467688026010046	0.6008525440389488
TUBB2A	0.024867046189792564	0.8308404286682247	1.9569813814844164e-14	0.42766139322460367	1.4577693334158095	0.8545446950990336	1.15169796645094	1.3982060162046949e-06	1.1229516290760257	0.5612798958191643
SMC5	0.6870175061933149	0.5763657509789336	0.213708361021362	0.5054285787264076	0.6016757823231546	2.86411203717609e-11	0.4904119291799646	0.4287818040986693	0.3086773625992119	2.3733603916802242e-06
CEBPG	0.9200610788245168	0.2852710026268636	1.1838450236263687	0.5412260618220819	0.9680460264925945	0.07178460224160108	0.5469754186552045	0.5418657765923773	0.1914641876825826	0.4206358321828745
GAS2L2	0.04526562135191105	1.2637020723362783e-20	0.04251965915181039	0.0201728977121685	0.038508617149156016	0.016077412793990883	0.016881301400277045	0.025526406445250418	0.002528472091695443	0.03148409068345748
LSM11	0.09455035663419435	0.08241062910815761	0.12781099270478943	0.21386828626565366	0.15845540578352293	0.06239085281432046	0.08438146588870289	0.029215086386968465	0.07545851097867552	0.09109757710242625
ORC3	0.17360846351955822	0.7423707686686608	0.49870828679279317	0.8382578276122857	0.4133945293771668	5.7244278582438175e-21	0.35314722366781226	0.4320409050467273	0.32892428913427335	8.518172997692062e-05
SRP72	0.6176194086482807	0.7578170267265668	0.9834776483941748	1.2270774587969995	0.6802926546956448	0.5412553013655106	0.8253790612196241	0.6911584685506195	0.7046982106664434	0.6807713886712822
MRPL50	0.5879361598473419	0.39096008307373925	0.3640710491084585	1.03845723567664	0.2986828237091811	0.27250447904184555	0.2795732690394249	0.24920439665906088	0.12146042721386975	0.0576422292234507
MINOS1	0.38949067081201694	0.4745346515572036	0.31045933809413206	1.0978135373704498	0.10302386889009221	0.8385350141984472	0.6034172040438227	0.5957520413171921	0.34872798664614324	0.2349234677906397
GLP1R	0.025164606558337903	0.0064535586388076395	0.016504030809486456	4.234018401391707e-07	0.08085852843036498	1.5442030706083402e-06	0.011666471264690068	0.031626556391638014	0.014166057314350545	0.0006163000409393888
TFRC	1.0263911302132966	0.8894975335646886	0.5915173399903872	1.177891606821625	0.7776022645455551	0.8819666924839369	0.8734015657343068	1.016834363409063	0.9311520871533022	0.8632405507500299
INPP5K	0.2648388078071488	0.162921145310132	0.3713555864110352	0.03309333989502649	0.317200926923822	0.3532291855584359	0.429163612010303	0.2864712128662676	0.2284746246373893	0.25071746657702304
FAM50A	0.5941591293564401	0.6636733303371781	0.7932717942437831	0.6326178476308195	0.9280528679403678	0.8910519382404415	0.980920438470289	0.6673460786081041	1.140455506944376	1.0334201303289334
FBXL18	0.1187503214123471	8.342601845542372e-05	0.00985887484868245	0.08264621755509383	0.13531562059145363	0.2178726035402802	0.17750086654183406	0.2104211422490615	0.2961686769710271	0.3884742539224676
PSENEN	0.7108082275751	0.7168688057784377	1.0885820771137216	0.7986938177688702	0.6301391188977493	0.7749098220870394	0.8410836816162198	0.9735352664371342	0.7457154103157877	0.9425521066278454
SMARCB1	0.7992487744209843	0.602181947638358	0.2264224787160396	0.8739504093083151	0.9729460356010424	0.7643202713110605	0.7223298306955316	0.690528655152966	0.8914523094611976	1.094736847788215
USP18	0.1147862802692102	2.637346192918203e-18	1.2602865967911638e-20	0.1716825721107468	0.1922323136296703	0.3025797130472561	0.12394355650812518	1.1821321439377306	0.0619237477115673	9.077889397206592e-12
FECH	3.566931325046464e-20	1.114254719193051e-05	0.46326008441693034	0.6397489621816099	0.5442240278375252	0.3788213442758821	0.5456791213145811	0.47925093367482885	1.6494776743034403e-15	0.4245670100658267
VTI1B	0.8400227308589254	0.8421286735569299	0.6688543101144133	1.1096279550906825	0.6404999479593004	0.6358540069677399	0.9590773774108766	0.9172351920784085	0.8729552098159709	0.8728820618536355
SDHA	0.992472368547671	0.6173942519451592	0.6935852090128833	0.9251509587125367	0.8921664134539273	0.9334816420025976	0.8797183438309113	0.7312019171338061	1.0354794695956653	1.1464579458544255
DDI2	0.471699555477446	0.18563158587473408	0.06514654877863903	0.22065481722297972	0.34463477172291573	0.2656697691545663	0.10222393717386619	0.21365935534762792	0.07154034392978688	0.46641969079843143
TUBGCP4	0.4328526323520226	0.04287747611271439	0.1223593508702794	0.6031139374101661	0.5120375499944844	0.3389395282893701	0.20457694768391288	0.21078321003414485	0.24463667155172605	0.42333494581929526
EID2	0.07928289038154562	0.4687928600120562	0.28059296121648913	0.21975085443287054	0.5196612976737714	0.11905400276060141	0.2663505343303794	0.29016978756547146	0.26266857503144925	0.6694313863045429
COX4I1	0.975400718735611	0.6340416100624416	0.9153970223339425	1.059605228777038	0.7820601739064948	0.9317587333767217	0.8846560663136278	0.68456859872038	0.8549387334431862	1.0171528149702391
PRPF40A	0.7119765117770006	0.8371009407548464	0.8281504475417413	1.0296592232070354	0.6824461510042473	0.285030934244724	0.5069507884065573	0.49017265333920235	0.506990128409326	0.3853968364124241
RPN2	1.025364284789219	0.8767848365854102	0.8073490211417329	1.0650515132415188	0.9945408388953783	0.9175794621889752	1.0396852886296715	0.859368631386915	1.0583544763639208	1.1040768406440684
MDH2	1.005069636339417	0.7039456548838208	0.8000126859758818	1.1089378158668353	0.9238051346232926	0.9988227787368565	0.9350246682789431	0.7263149667561543	0.9125470118800016	1.104468060891662
EWSR1	1.0042730444095291	0.8259709190788171	0.7837318314304756	1.1079515539682794	1.0160001833784607	0.8859321311745628	0.9770076948593798	0.8230362205873561	1.02872068758168	1.101927844510435
KEAP1	0.8635722625220572	0.3308776299056759	0.4343191275487983	0.8931801123376618	0.7974678231374235	0.7317443825407358	0.9152207805238063	0.4653298640691346	0.7408590203304862	0.92267620927109
GPATCH8	0.6159603757925649	0.3005693529521468	0.3040723017736317	0.04659339459595522	0.9273249721585335	0.34381199756509123	0.4844296062281446	0.13642270453047256	0.5487679676018792	0.8108226444102862
WDR7	0.061566576216456545	0.038289009604535816	0.07293440882444957	0.13536209570353516	0.2547250821682232	0.11044750471844106	0.18572612404554886	0.12355575993828669	0.006486306435987682	0.046861579729823855
RPIA	0.7931459277825347	0.7794928766292666	0.39364399446281617	1.0763857188105754	0.6300452395172651	0.37908990294677025	3.8782993130078984e-05	0.004818383243026145	0.558511092333627	0.7489850149625737
OCRL	0.3796421746671039	0.2361307993806909	0.6543847297733176	0.14890769044818275	0.7242088058733495	0.2624318877773565	0.6824320875799735	0.4003991013351548	0.362335796980453	0.5307688394913558
SEH1L	0.5664844972896305	0.9571282243997982	0.40919421818639834	1.4505262879478684	0.6002584523648979	0.1490026012178954	0.25549070967540316	0.5338494421195672	0.4291379739702217	0.3360755216258345
AZI2	0.243242462134622	0.7788322452491429	0.48013013239471336	0.5093277868219132	0.3970116340362272	0.18821726733217867	0.6810708981255589	0.21452319205862178	0.2849571132743054	0.23344540791482485
PIGS	0.697398568250329	0.3631280712125752	0.46868584022626286	0.3283806885689113	0.8375915818356788	0.7752954869132254	0.94927887788133	0.7671282722545797	0.809922149685982	1.1257213124684116
PGLYRP1	0.053448764038120024	0.014005210992533525	0.050869602834982756	0.0549209768960128	0.061734063124161694	0.0430827108495179	0.03822951233681274	0.007830130315482454	0.01493335482349036	0.060733035152219256
PISD	0.2565784448171713	9.134452590233097e-17	0.4638159885004804	0.08107253034251301	0.21699476114961574	0.30825403610337	0.29186710878262473	0.12366113073843346	0.6292284706504665	0.4692041897966346
HDAC1	1.0198676880922963	0.7843961905031361	0.5193849754772766	1.0314864137642008	0.770797058251735	0.788702573301005	0.6407121324025312	0.7750409697674584	0.9870244174283952	0.9522326077292261
NADK	0.5616500450895009	0.06540734883942184	0.4642088708178045	0.42614976223423096	0.42942494472705056	0.6107468564078492	0.5035667631775812	0.5502118357931692	0.24673514738803548	0.7927677535134056
METTL3	0.520711212978694	0.5917800718133285	0.08767077768750003	1.0366413503445304	0.6791851957566161	0.4523667755660128	0.4546542860519568	0.6272178694363421	0.7168316245385243	0.7489503175321234
LSM10	0.0005602808372132172	0.4210426954411284	0.5667132162429159	1.1216186325762498	0.12963166625396932	0.9291656452585992	0.6293241109187836	0.3644353322361691	0.4911651604557502	0.5461400036456306
MTA1	0.751461247366837	0.4522735423232784	0.5021065652377735	0.6790073238183889	0.919143184523223	0.2822745842516772	0.3436443579802909	0.5455246155132502	0.544124628801392	1.2888239293012764
METAP1	0.7268485347995467	0.6059102891493764	0.6558011665231587	1.0774552556240455	0.4593527444215518	0.29679967732196144	0.5380906196252541	0.4203443292692454	0.5828577037079876	0.5335655067936173
GNL2	0.36828648221605265	0.8149120692800919	0.28722435621016734	0.969441831376348	0.5991607881161369	0.30064764355538154	0.3885045932844647	0.5163675204411072	0.6437139322162675	0.3501784565872352
COPA	0.9683781849984835	0.8013005071036499	0.7105824341962246	0.7781189998797288	0.9946289674331349	0.9076125589878815	1.0779676770299182	0.805118033531776	0.9485983577560229	1.0942919351007354
PUM1	0.8697574546643075	0.5503255657386382	0.4473164002885382	0.18593354994294306	1.0037692522929544	0.30896151950326	0.6119799964652485	0.41569368697124776	0.5701586386870261	0.974263618871614
PDCD6IP	0.7850569640622065	0.7630662823610659	0.6061796619379396	0.7315701914556171	0.3999861942605395	0.43988750126769505	0.9388301408107175	0.29405273763522644	0.5413364014274205	0.6250717535439279
CALHM1	0.017094338276673556	0.01257402512919762	0.0285617065597764	0.04681566284327019	0.05977572442166074	0.02877674613886372	0.03600702344981752	0.04001643613397642	0.007859526135513007	2.734455967152052e-05
RBMS1	3.8258177919218914e-20	1.3923926687592292	0.09447350903383774	0.00037183592428384737	0.22934238346905744	1.3686797420015768e-08	0.742523240622336	0.263599407508229	1.187516154033139	0.722102442511964
MRPL15	0.7903057208826227	0.9414346861698707	0.956028663517591	1.2407103125052712	0.7406274861688595	0.7425366296456282	0.6868789046609407	0.7105565552278094	0.8477301002359432	0.7231854063165797
BRAT1	0.5601501562858597	0.017478736165717674	0.2650619866238537	0.6439025828976672	0.6429935151105381	0.9838244775444134	0.4446113725820507	0.45443646484180905	0.6309726972049344	0.9599465885993238
SACM1L	0.4902670375703081	0.7785760909184413	0.3589749665409945	0.6263829720608114	0.3712254889706503	0.41952864163060266	0.6210788660511349	0.21616191085145325	1.3303056342819366e-07	0.1452553505803614
SLC25A22	0.2997229843480641	0.00815585289248272	0.35613064502924424	0.49047858305570874	0.493073941599485	0.44349580953984846	0.23038447848530502	2.887644643065309e-12	0.6473092856539276	0.6281713747046666
ATMIN	0.4116369533473118	0.09480456453236079	0.4286287843023423	0.4597925913945047	0.46684118901534316	0.23621005162505457	0.5922056927174804	0.7963742518751006	0.14393362933760404	0.3859321629563046
TBX1	5.510003332528366e-21	4.907926489315483e-21	6.67501611722438e-21	0.08697351517531111	0.14767055029126622	3.3985533168430925e-21	0.04727340630836865	0.15675006482447598	1.9709116113324227e-14	0.3613366722078885
ILK	0.5127852819852249	0.6626349775096905	0.48071553521061944	0.4850725586613945	0.5857302843326688	0.6377350668232367	1.1384460988877816	0.28096659341696517	1.3101353922941654	0.844203170375097
LIPT1	0.05680377415245095	0.031417981871597625	0.07719114613397579	0.08147731483506451	0.06435368566716625	0.05872511334969695	0.030775036410779975	0.02673213114952482	0.041224437507768386	0.0665984473875626
ATP1B3	1.090799381426517	1.050490437706083	0.45411176507126105	1.1462207885943698	0.7296222785878985	0.7927725217069802	0.9496728041625428	0.7011577712079198	0.9833856578261527	0.8753929065749576
AHCY	0.9915132621023218	0.8167703354076427	0.8293626898180936	1.0930235689997174	0.9793338492191827	0.8995515595211692	0.7115114572606938	0.6602814448068463	1.0760970792417408	1.198526370180153
VMP1	0.8524508060825611	0.8714036131298424	1.0968806539971319	0.9794946508990536	0.6217609434332093	0.8191836806701013	0.9137664365699981	0.6670025554044298	1.014879942915758	0.9361486311863044
PPP2R4	0.676533494305508	0.2222699882274833	0.5402188720711614	0.7927950125213107	0.5335998741246663	0.9053203045368508	0.9703683840924281	0.6889765179151208	0.7051029122761	1.0744606604466664
TSC1	0.3501160730629434	0.15242615619240496	0.28197655889881573	2.6711435195782933e-05	0.3939507311161832	0.03558779405080254	0.3902326709646795	0.12929402854184188	0.08549932643157154	0.33240947423893147
COG4	0.6962021914897369	0.29601646367542733	0.4103495756943918	0.5658818293033803	0.7295944592260966	0.6894590947636104	0.8135863943397521	0.7209177472642864	0.7634018572422052	0.9208852573042026
URM1	0.6734189337187385	0.36860095545265725	0.2917548893139065	0.708247185414995	0.5167593708969302	0.8460567759860456	0.7757953374196038	0.3339734010002912	0.6146135539716593	0.6532179793648241
LIPT2	0.16107819673462118	0.07582185353186056	0.1399633164330243	0.0842371402770564	0.12552292849876445	0.07823543940282245	0.04331983285232311	0.10490896595245211	3.0462658598214553e-05	0.11898486042142906
NOA1	0.6211816789667423	0.19268059044978683	1.17557640132398	0.6866555923760007	0.37953079843009896	0.30909459839521186	0.29428517467479637	0.3309705743051305	0.15245443358199995	0.6356718373249624
POLD1	0.32848546362598113	0.3714341998176754	0.00043761655704131574	1.1282672117167067	0.7305475099404344	0.6277695145509556	8.1957556708875e-10	0.4847540724792516	0.9613458457939607	1.1487617393049723
MTX1	0.03498119704739236	0.23986362607526207	0.7397933831137524	0.5094677849137811	0.3096360814052263	0.739208289488043	0.2876288890942987	0.6223681496751425	0.40962483461407523	0.9655277584426262
ATPAF2	0.20298614424722025	0.09103679093052211	0.18425453002004769	0.23180492620955045	0.16515978021356417	0.20247117390940367	0.1466723595115359	0.14324578716923486	0.0469800617962166	0.34504466806197015
DAP	0.9162312203355265	0.7185393373926477	0.6731558536544412	0.7896496304015995	0.6799052520044363	0.7740095339519447	1.1492167055291456	0.8593593457552235	1.0168087839833457	0.8270612632769135
TERT	0.0341428500481732	0.000412144993013231	0.06998778835881814	0.18747654460821395	0.13687152548589293	0.09708733618506725	2.9687572297506263e-21	1.0331004222935535e-13	0.0678863985485415	0.07481023940246342
PCNP	0.9309206873665241	0.9204214444328291	0.8755461777363458	1.0367790840941313	0.9815884253359181	0.7183983728061065	0.9531591802783627	0.7551130318628594	0.8336520320416769	0.755156964639798
YAP1	1.1299462244560108	1.3879744208936429	0.39109386311865735	3.205736448314248e-05	1.7364771698387443e-21	1.4425841097107838e-20	0.904543638189261	0.0011840321702330564	1.249771366961276	1.5264499906524676
CDC20	0.7418889010808101	0.9758256901954598	0.15719509657001135	1.5042340451694147	0.7474726515845466	0.7460075410507201	0.4850176701042145	0.8769111477526182	1.4026890458075447	1.0264932330120051
RPS28	1.0140087387145837	0.8143605319884819	0.9018752389162561	1.135679734386397	0.9823609710572014	0.9237861728938725	1.007582485661607	0.7699886951489732	1.0296508351812423	1.1155411485898443
DOLK	0.5154181423126478	0.12091452249162427	7.75764407549535e-06	0.4054294799082183	0.20773495400723835	0.5237497919649639	0.7889773936620565	0.46259736622054004	0.4596996432811948	0.8930641775593173
C1QL2	0.007878461105955414	0.004346411851866305	0.012818541026619187	0.009280395376886831	0.05386086816215201	0.01280430708452432	0.016560906614920146	0.035197203654381594	0.0026012945489854596	1.7272885608653534e-07
B4GALT5	1.1274691044978529	0.8634783614578116	0.2840396668026141	0.18832387823875285	1.0603723750404732	0.6426447826484534	0.5755545103237419	0.29670495198355484	1.2714758246217128	1.0180176309750526
VRK1	0.4175555666959651	0.8627075973701374	5.211145315429824e-11	1.6243772884517316	0.4389785657695892	6.220840494930821e-10	6.772980072982479e-18	0.9482784010744245	0.4346805242785132	0.049764655886282955
GFM1	0.7076080708374287	0.5975211726921845	0.18331208950839825	0.8468704573493373	0.23033442764522927	0.6310716167684721	0.3083439886227592	0.711025159935138	0.20609475757613854	0.16587588633880104
SIRT7	0.657438653671626	1.198916686209565e-10	0.7995987032480911	0.5106207425302348	0.13319786931454036	0.5374442478592018	0.295430561368248	0.6569417023141427	0.6027070697916527	0.4836423289021692
IL18RAP	0.012602549479694273	0.022972645595986246	0.02103920136727058	0.015219483587000556	0.005676279256449235	0.0047131978026881596	0.005828196346290313	0.008029388279706152	0.045660856057493995	0.017587860984368174
RAD51D	0.10381366236199488	0.001381455344899248	0.19008235599354925	0.4456391999956659	0.2300911058508807	0.3255872082944508	0.21380893069028248	0.1438640012591439	0.20154127884605902	0.15391904278182664
PPP2R1A	0.8539110951634995	0.5959844126450267	0.6698510532915007	0.8658733658087087	0.9846274679051407	0.8178567854484474	1.0143072644986157	0.6605317766778069	0.9124405778613757	1.1720068995569974
PHF23	0.20941349213033694	0.4811228518801882	0.45175605490742693	0.669016091978324	0.4226798607427819	0.7084033638801267	0.6989265029337289	0.029592410676457664	0.5157690861180922	0.8732169909844253
TPSG1	0.029718401953213288	1.3191703091833289e-17	0.03315142772441445	0.029850955411493452	0.04532209579087657	0.06257999903208239	0.01825096622072233	7.17164404839538e-21	2.8942119342240306e-21	0.03669865641236037
BABAM1	0.657262755949376	0.7191873911426936	0.6858740222130323	0.9904747944219213	0.7906027723411871	0.8198323107218364	0.9314517066233441	0.7409009884147162	0.979633202198618	0.9967473418392119
KLF3	1.2877372749975267	0.0043554273708038055	0.719196738182176	0.0672704741785503	0.3201108827843147	0.23105877476271006	0.41976515332812125	0.2636714811868585	0.11186537865269543	0.27614590876548156
NIPA2	0.8009215599147492	0.5763434456381292	0.409148599608026	1.0756338317319285	0.5399888751327174	0.8864117400803373	0.8561984316668088	0.5810114998303217	0.7911158737007786	0.6387866664330297
AURKB	0.6202514808979868	0.8926501426507927	0.020830852216470123	1.5214745104048124	0.8169498217865603	0.7519886507227951	0.1826829748661057	0.5733248700912557	1.4391485224807488	0.9426653298490678
PSEN1	0.6743696427302358	0.18568904714835105	0.37268939333142054	1.5296587773285114e-06	0.2877432966283362	0.02872825289175787	0.4388870843946094	0.543911304484458	0.2476398430825141	0.3252775448207584
RMND5A	0.7930255473231251	0.2421629876068609	0.41346168282630935	0.17438138073503115	0.8783512527932336	0.19702175017190576	1.060388228954136e-14	0.38159882800274597	4.3748053321622096e-21	0.6251893707472015
WWTR1	8.68450864971373e-21	1.5570795012480774	0.05079480019718098	8.37014675463739e-21	2.7447010243999045e-21	0.36918400655150785	0.5389664590769563	0.0018758010287642781	1.1850847179030495	0.3329671523670745
SPRR2F	0.10405815759692068	0.015514323292878511	6.914390013162304e-21	2.4953466208281498e-14	0.00819046138036794	0.01658446800190411	0.006376517564721526	0.05206844974699644	0.023000856969081905	2.359926302502458e-15
NFRKB	0.5600144065555156	0.2582278567376282	0.23372294194325974	0.035079874788189545	0.5844575061385204	0.040037410566550684	0.07977977847517385	0.24738014074661038	0.3400955555593697	0.7147882307394428
CBR3	4.998899275069289e-21	0.06390987575373235	6.673682969763066e-21	0.25164495986123836	2.2006753019518224e-21	0.8779347921005825	0.81980906387844	0.6027501100837611	0.0017176895662829477	4.426946487937758e-21
EFNB1	1.8101143868340066	3.861511984072279e-17	4.3463047965174066e-21	0.07015150604066321	0.379100664866847	1.3782197370128407e-06	0.6331838195644287	4.723497632457521e-21	0.2647208367681356	0.2584527585112231
RAB35	0.5366506087398805	0.15940589393264404	0.5765442762018812	0.8505868508835012	0.45585929043783546	0.7082821333262773	0.6980669200704054	0.30766775848755423	0.7150967492981535	0.6855923783003216
PIK3C3	0.11795208223715987	0.22740627241768444	0.33950955333826655	0.05354477671142181	0.428710184881171	0.13240367307939982	0.37159474649046825	0.08358961680925504	0.0008524316123456256	0.0006589051273875992
ASNA1	0.7179564696504351	0.6088687971364837	0.7580782434136449	1.125274020476538	0.7853372747437642	0.9601558280393213	1.018026909515865	0.7537226962511735	0.9338852987192139	0.9850219620063941
WDR45	0.25495722973089163	0.15648223175827042	0.5509826549400512	0.0226032901815548	0.20337769512361523	0.250176345431032	0.3807635660807665	3.6981262973850457e-06	1.9814933504785635e-05	0.2112486644600669
PPP1R14A	3.327801120641251e-21	1.1381802831292531	0.008164551140334259	2.7829027216732796e-21	0.12439087444924136	1.2705245977720965e-21	6.804595130373543e-19	4.448989257747937e-21	1.641899276014499e-21	0.23477680945026536
PPP1R2	0.8628084949807128	0.7232075937843432	0.6886908003399613	0.6001803944409907	0.48144169207367815	0.34483252106686624	0.646234438818555	0.7915891521918643	0.12865909492880503	0.0039231782597554995
SERBP1	0.9098727644047551	0.9546840295162706	0.6929353027308508	1.2980895982821061	0.9257755356522326	0.6981584735718707	0.8329261032494797	0.7019513204749398	0.9311129078395162	0.9130944907749954
SLC4A7	1.0163938327794234e-11	0.9842011747964343	0.25122487875201344	0.4024201236849507	0.2562767537098189	6.733014136603586e-17	0.6402199031080116	2.8588327220948478e-18	0.40825305113832117	0.1315134131296959
PAX3	0.006740978500029533	0.1435931015489806	1.7946825458340803e-21	4.180681800955052e-15	0.0441450941615426	0.3117218193146909	2.7950832391830707e-08	3.244662762187348e-21	3.2650697351356377e-09	1.5817514228303175e-20
DIS3	1.1433897014821923	0.8984804600775638	0.34214168516083115	0.7258560535389563	0.6888616399143841	0.29837618085234136	0.631942574989118	0.28539301202500683	0.3292550874226383	0.20291071002277444
PRRC2A	0.8735248341766118	0.5876934249448721	0.4234464061434485	0.7641538272988045	1.1228138558642649	0.7739801662675613	0.8739415747903616	0.6268867656244747	1.0617859098665086	1.3888342309409778
ATP13A1	0.5879408901374316	0.07943719931935597	0.5163254289872368	0.4852035605387546	0.6946770465997775	0.8497411528421095	0.6763640794927374	0.2149566114286585	0.4172261654612745	1.1044877999163905
PIGX	0.25953695539901167	0.24580640179109034	0.29664078503923114	0.3719751960237711	0.31756094923357325	0.3785533997137572	0.2842610659861252	0.7851230760577681	3.381987594197599e-10	0.023500746113266375
COL6A6	0.02774811121740993	0.009318536515741908	0.019357806354874007	0.024922456286495143	0.06333613737559482	0.014113091164782973	0.05874668564547501	1.3534369272141784e-11	4.4458972310615976e-13	0.009028545407002379
CDS2	0.1977411384990943	0.13489120668960658	0.36193525335344817	1.906236116628867e-13	0.4859388416759244	0.3244988890807442	0.24406614420628112	0.015890332470459637	0.3664667136010501	0.3275031428524349
PRRC2B	0.8918532349938767	0.28736013484592926	0.3103080625883109	0.24244595203816532	1.2641725051086952	0.4321755224171022	0.7957950635239872	0.45396144659419757	0.7549150983272619	1.3821664991452738
PIAS1	0.4267029198713488	0.2120097664492944	0.05200010121679718	0.1331307397715206	0.41298452160677074	0.1327076616619444	0.29200197549938733	0.3000578619604707	0.11366939134412554	0.3861976052431505
EXOSC5	0.5503493070648788	0.5256459652227817	0.8675452036036935	1.0933919309854612	0.7284997581035793	0.7436862931722039	7.118297609354593e-05	0.2663149269456615	0.8017339520090807	0.8315803913201492
SLC25A29	0.05347890465330194	5.155521451082989e-13	0.16392173487300277	1.7046027112664896e-06	0.2752464190948485	0.11348956940187255	0.06371402828881284	0.18696462287825463	1.2530356676025675e-20	0.3098972714289635
RNF114	0.9364603028699603	0.710261322388507	0.6638154579268656	0.6356770437285428	0.816143760126039	0.8504418048443287	0.7390839642857477	0.8028854252986866	0.8807998431658121	0.936342819648839
RPE	0.5530783081140631	0.7415335197451477	0.48436644284252756	0.9951406751282621	0.4484157379656356	0.6221150639961691	0.595381719340651	0.5586971948351132	0.8735434631354991	0.6542101339721478
UXT	0.8257007624175202	0.552943644770631	0.965232773879897	0.9283384767871891	0.6744404483717517	0.8586946418409076	0.8740413121719192	0.4545868161198036	0.6323602176048426	0.7521631714518396
SYNPO	1.1819298288536808e-09	5.9062172162708606e-21	0.3129562050615859	2.6380229330678855e-06	0.05824319495135808	1.6353944551479254e-08	0.8428089432922248	0.0017598039074290407	0.5546684912079322	0.1506584509505491
NUDC	0.8400006082532654	0.8083701882025499	0.5048217702495963	1.2203441256173928	0.8563624644809348	0.8703601546433994	0.7623861520782469	0.5712117926379252	1.1138992608879101	1.0080277918472664
RNASEH2A	0.5017914994741478	0.71956515714414	0.2309306555949898	1.4137884623204546	0.898210775693142	0.7831525861870609	0.5272359958294672	0.886434141308716	1.099737027218398	0.9166014257495747
MRPL47	0.8802221746338685	0.9680038512369147	0.7726434403743548	1.3590880063103614	0.7516394186589831	0.7370456248564496	0.8124812407028107	0.9584868527287167	0.8214330975605131	0.6902738593200727
DUSP23	0.13745804052515426	0.11602759192862802	1.3268283078171668	5.297033912320965e-05	0.05857743201809779	1.914611218839478	0.30006168313315085	1.7874718068786106	0.0003658819189645672	2.991497424450606e-11
PLEKHA5	0.2701462013155177	0.46937422737899276	0.23991567451131307	0.0018473489174784265	0.2720476096192555	0.20799933828456105	1.1421587108054894e-16	0.04218232583969846	0.16954525347411906	0.00985493790814812
MESDC1	0.6171339583947395	0.2006182772024448	0.10755902440234111	0.33366908035438303	0.3657047932181196	0.8823220142548135	0.10911729647254338	6.121126258374478e-07	0.2871428280011872	0.4659748249741135
D2HGDH	0.35480417529094727	4.654872574844826e-21	0.40944004669408357	2.1066701492595683e-08	0.19305352075948137	0.24563076565390213	0.17074731506806315	0.02730369660987629	2.65641898809566e-15	0.4557643935419659
OGT	1.0767996612492914	0.740577682884632	0.9951951536632915	0.542232323175722	1.067574179339439	0.3266976500208202	0.8087972080259116	0.4945103288910633	0.6976078960575116	0.8722862416954322
DIDO1	0.5745094429239868	0.25503413143314896	0.2112883046022965	0.03338861394540721	0.6631958053443926	0.28754249390619196	0.22292792665170394	0.24397747407452772	0.3852769061703012	0.6530164022328416
SDHB	0.745463220303256	0.8896598913576693	0.760943472869684	1.3484521171936619	0.37854759522043335	0.9026589036808023	0.6159291466210093	0.6298801617136651	0.6965895032124855	0.6352690714966347
CHMP4C	1.2668240839376832	3.0630601717239024e-21	1.2111053951703197	5.864247533617802e-21	0.05743678376765194	4.074201729999923e-21	1.2435464345473494e-21	1.3415901547180231	2.505968310247939e-19	4.095161658060688e-21
NT5C	0.7663090486755592	0.11734695300395852	1.1763409927392814	1.003367999934911	0.5423805897795875	0.7977805784443696	0.580748934730843	0.04054506559117116	0.7658817806291186	0.6816635368817402
RASAL1	0.18875868792823114	6.61468983551142e-16	0.24597666942188579	4.521912273417107e-21	0.11611535439087703	0.08779262848097541	2.2835955441677036e-21	0.2774048498424414	1.6351405342332054e-21	0.019451382111955972
LRP12	7.767761639187357e-11	0.7872536640786126	0.010243750209214291	0.019357910111375564	0.5694314732085003	0.3725398162176289	0.8722978492690456	0.03280469932652847	0.556487013935249	7.669700101598296e-21
INTS8	0.38535033473199903	0.605708840381896	0.7738352857264129	0.8666173973073785	0.44901502079426153	0.20774147658668857	0.2714124015020736	0.7707638954375131	0.18050779287533764	0.3001968211498893
RNF168	0.4889522391786001	0.23119175917254495	0.06924530355856087	0.4098383116712706	0.5315785215853744	0.11592479411038084	0.19414584205822938	0.6907113263290098	0.10011340339749146	0.2192661929654908
ATP2B1	0.5395260367150528	0.6119005759404953	0.3959125052456272	0.5567565403256828	0.4824961083326648	0.25631394472977054	0.9752836311506948	0.27543130540223437	0.13009239595551061	0.42822860471505986
ARIH1	0.7419965392899134	0.37089219853199246	0.5523740235045046	0.2675387677293867	0.5496977378712077	0.43046388147647113	0.6700622604308837	0.3483532077147484	0.20627563029300933	0.5686995332579828
RRM2B	0.00016859629289795006	0.2956239977940185	1.1400566665257053	0.289220276225373	0.2848960762009304	0.39495282468186166	0.7530433138050873	0.2513239979024788	8.574024422022294e-21	0.03793641486757296
TAF6L	0.32070637712305894	0.10976401411549631	0.011905404168926801	0.33601500630648395	0.4938718120417475	0.381500756829551	0.16560167684391178	0.2369128684341698	0.31304012592996944	0.6603091476807545
RPF2	0.4214967851744883	1.1216932994876267	0.8408432362730973	1.666561012382598	0.29883727574605284	0.26083618200291814	0.28152201525012815	0.13677297016947826	0.6517415418273649	0.1108368716476107
TFAP2A	3.7215501496101924e-18	0.3843484421058875	8.369266127856712e-12	4.5180046318630676e-21	2.449812839001372e-21	0.5693972634260553	3.681835916942854e-12	1.2205663285850397	0.1915502468908184	0.4127474744392272
BDP1	0.23707095982061754	0.23258697659853333	0.4335787532759717	0.5351617161953847	0.4240110038925066	0.07223023761504085	0.24441558158876042	0.2659344339437007	0.049978523027563504	0.0600148762583192
GNAL	0.008236063287995685	0.05784390140150111	0.10113367709258647	0.10431918107915795	0.06011635507149167	0.08804874318002975	0.0031661007099414175	0.03695131385093163	0.022212408484631022	0.11239688970172175
RAD51C	4.363512942640378e-21	0.4481503640868565	0.34624856534960435	1.0008713472382005	0.46365848487828143	0.3849995979576915	0.10453892261424864	0.4616696302659014	0.22370501763650752	0.010779508471668474
SIN3A	0.3636264154986648	0.016212460870901647	0.02009684968356108	0.2539311794123919	0.5671136126263606	0.25105264367781216	0.21188702579249452	0.17371234586941342	0.36809321157867314	0.6534571502206654
COG2	0.14398947101544968	0.03770376643853994	0.25950226285355005	0.22080759981656772	0.1645566339010321	0.19003678928805562	0.05981246211180033	0.2078110849206521	1.1892998144058024e-15	0.16665773448475796
TSPO	0.947650977174144	0.5479721796287103	1.2006464591895005	1.1558738131791302	0.18419772059566522	1.1364799963503645	1.128048535717065	0.43413178131790636	0.9917322904267062	0.7444368745672639
RNF32	0.09988358670827077	0.03952299725906885	0.1429859883527148	0.09485512513438621	0.09600416178518259	0.06959740494740788	0.03848344840009388	0.04494603927860162	0.021762207606449733	0.06061642471792778
RPAP1	0.2842341527360334	0.10016969186583406	0.03562982459670952	0.27118711135804635	0.34702020800474104	0.4385218130515703	0.14406315518877416	1.9249601765222245e-09	0.249073064233565	0.6225468093590253
TAF1C	0.31044510368260697	0.1260362268580312	0.16549361343979047	0.17927389912770691	0.5196023391055838	0.5894121562377853	0.28239494515739194	0.261677189042043	0.4645443726133984	0.7242835334669336
KLF11	0.04358771308096343	0.0023366892440374446	0.6525174015964161	0.0008344476101316795	0.37312017034071354	0.23868343031693953	0.10169223612269045	0.2392307911554707	0.1516708323388979	0.20587384938916845
RAF1	0.6241118019017768	0.6946661156245489	0.2669417069116044	0.9057617622974375	0.846678760661708	0.5547798968830836	0.953332800586987	0.6580819998916551	0.7509415117295727	1.0814645064565034
EAPP	0.7261306473373442	0.3824030158519763	0.80832782978175	0.37312836812432	0.5109456253772092	0.298205401858253	0.6456793406377639	0.9487483810410308	0.192378476200923	0.5569980799580001
NAA15	0.2073162619838751	0.6233921700767473	0.2935725378053196	1.2848190635740993	0.21653571541896677	0.1575968556645347	0.2476301064289024	0.4172841450962765	0.27371353813176647	0.10565711451914764
ACTA2	1.7908254220019488e-17	1.8731177953708915e-05	1.86977403412105e-13	0.22467048664300956	0.03487895691564804	3.909674453039093e-14	1.6166989948471133	1.149773861221857e-20	1.9037889415895673e-20	0.07776898590177261
METTL1	0.12787990956470718	0.3582516553598371	0.43826510146723846	1.0434995888031964	0.05009472149860862	0.47601035218793114	0.13915214272883647	0.273208829085484	0.5231678864623	0.42219083202009644
BCL2	0.003960382720269067	2.9083868897137604e-13	0.13700128214513885	0.006888272970057648	0.5849520678325044	0.13415056212003526	0.0537662372419778	0.10966125106023841	3.4225188955502083e-09	4.104798518207849e-21
DAXX	0.4286778075877521	0.3414748378194807	0.28983229652525944	0.8257758556266176	0.8910299660228325	0.6534778314021326	0.633187148494011	0.5006113519861374	0.9819120632955831	0.869976978757587
LMF1	0.10696931557112795	7.301751135610929e-21	0.19852958942303128	1.757736431163633e-07	0.07475336510879077	0.12747980785815335	0.17260843164051176	0.008804531309047403	5.465924794939528e-21	0.18585218542444829
TUBGCP2	0.3250862800171573	0.06338183213346084	0.6204810460490313	0.5786398960816539	0.2952056099121403	0.43391649155009526	0.5596844213530471	0.2559939203041497	0.5891102996602505	0.8301714203408298
NCAPH2	0.25496184683526985	0.34235830783883436	9.6434432221777e-06	1.2373540024123588	0.664167048082463	0.8370109515370001	0.3802327741283547	0.925006111299757	0.7745516560439031	0.4342751948017854
PITPNB	0.6662403515074924	0.6963429311653402	0.20112124168248383	1.1318910501469281	0.5946554629877485	0.5763141204758685	0.7126238684518451	0.5030952750776848	0.8030284825799737	0.39236590581228803
CKAP2	0.6949277206365826	1.0659235655464838	0.1220744411144374	1.3892955025746052	0.7882799035621835	0.37751462286809384	0.5899255568818152	0.8066793514707339	0.6474549153454452	0.14444071351080717
DFFA	0.30797472178398466	0.8548241758590404	0.2858472495939005	0.8104090094191729	0.47264750376966813	0.2208157514983058	0.14564673945529813	7.480905979754479e-09	0.5161240105727914	0.8238064031830628
CSNK2B	0.8259929243392352	0.8045890924412611	0.7851898501724851	0.9604568307697148	0.8119429832301776	0.7444385504690725	0.7742633015936613	0.6107298482482448	0.9474975191755618	1.0667126389736101
VGF	0.0007685009251332337	0.09573681490322261	4.029387412617521e-16	3.272042381022771e-21	0.8077481873059768	0.9107036697854249	2.0138997687027063e-21	3.965428381664194e-21	4.641199915557685e-21	2.3387552660621953e-21
FAM43B	1.7670937066556205e-21	0.027578096661422753	4.4666971478631606e-21	0.06098091920558359	0.07552075698055477	2.8623838705794825e-21	0.06928974067101427	5.859801904039627e-21	0.02319873337703429	0.0444987443834621
RAC3	5.07764428774257e-21	9.378667919771396e-13	0.8105378746268154	0.4103306318787673	0.9726906895000416	0.23723744485689982	4.9212209066056614e-21	0.6321249316952913	0.29737986685855833	1.2346218426554947
TFDP1	1.0802788195979516	0.7387598154142823	0.10177098232528999	1.3292664448971756	0.8417418971081604	0.7460881882901047	0.8927067787736329	0.9344076930457288	0.8164757815589105	0.6816083317726176
NAA16	0.28030153832628396	0.14850208000209686	0.06812762546634117	0.33766885753965664	0.3533329021296773	0.042091569548174466	0.07761266764040509	0.15748086619881918	9.017339249972301e-11	0.08533772838122636
MIDN	0.832933354038751	0.0245053538258717	0.6489369990467669	0.0017355679251953226	0.7221440762252289	0.6076892359236178	0.7244154540699499	0.3158414817763811	0.5061062652778398	1.1426605624617188
PQLC3	0.026473968488158632	0.08182339960185833	1.1480210903685297	9.349727961176548e-06	3.605817836204021e-21	0.3411719449533656	0.5663260613813487	0.3749687212222418	1.4368551308627963e-18	0.3173509238481198
MAD2L2	1.4372109170744354e-08	0.5087045238474124	0.019669650804273145	0.655494792222029	0.6810605691544044	0.4500542484261605	0.24838680692803658	0.2365939480897657	0.702664917692934	0.5569190279242319
CXXC1	0.24165564337805323	0.0010558613277074761	0.45361471141099013	0.6373154685217931	0.9390697842552466	0.6674509361370307	0.5126335998580287	0.2808389938145763	0.3146262703986019	0.5763510540366311
BYSL	0.29104690680245704	0.5780030303436658	0.3022501847559516	1.215032568298744	0.4838477419307815	0.5933754872203426	0.23840408596829699	0.11308710849901239	0.9017732170782136	0.8589757402093758
NLN	2.153549620509721e-06	0.16436235604616165	0.5990289035623045	0.8260772392945639	0.18653125597948964	0.06181095545605225	0.2077363703659737	0.08779750176208316	0.21109910273270655	0.14599608276963025
ICA1L	0.03407783325208181	0.044523562213473866	0.10137856302165509	0.06289574632687445	0.218083617804417	0.03715978827022545	0.0971496479991381	0.06777078401346381	0.015799696532707096	0.02200926759499121
CCDC47	0.8971586283588752	0.7082337751551572	0.8122192252599731	1.0165430246234755	0.7671721039537566	0.8512706086939485	0.8757532592178396	0.7889102407096856	0.8319464860544974	0.92992366860518
CYBRD1	1.3238094542921782e-20	0.8462468962670981	4.3481864826621105e-21	1.775695985968151e-15	1.6824616503564274e-10	3.8327055222614837e-13	1.8219674696523802	0.23290161927110978	0.15042050533077822	0.33612577122450227
PIGT	0.9797605647918299	0.723134103367999	0.6038968352290028	0.628750269692969	0.8824381032455402	0.9931136590174979	1.0470950689027514	0.7627592701771201	1.1189516980791916	1.1444402808643166
SRM	0.4307431427252867	0.8543963719849396	0.3319366287570787	1.5741597779311989	0.6352245845667587	0.9242249496048475	0.8093452594645721	0.3802080557921998	0.8787841141508306	0.9866426222835092
PAX5	0.051495865399209445	3.5712329649194856e-05	5.975381118627587e-06	5.142132139889466e-12	0.3331816382778758	0.01809855492451174	0.032852552288704755	0.07292039341427953	0.006471966837462196	3.5574937201775176e-21
KIF18B	3.624012220106076e-11	0.3176855907619506	5.010598444466577e-21	1.2413415201363773	0.6997438860898159	0.4489983597939321	7.148478522219287e-07	0.4405996732677453	0.933724868924069	0.7124387490721511
HSPA4	0.7538843840095121	0.9520871716453219	0.7667697084163769	1.2479443876317327	0.7327678465267429	0.7334059000665265	0.8489306347845379	0.6277190330329162	0.8985463839707799	0.9525468122123554
LELP1	0.011641190349809278	0.008001019810893824	0.013092085100894353	0.011900197970647671	0.004105285007830574	0.010448142080091502	0.010117537509622515	0.00306344852802646	0.008216099769707568	0.005385436493609943
EIF5	0.9810806360541197	0.9168427941011026	0.49960389892625046	1.2281621322778333	0.7422222225095668	0.48464767362842426	0.8233287776056523	0.9870996525191696	0.7737130604943948	0.6085402527812556
GNE	0.6435618683630315	0.40956886489418626	0.012025685381116943	2.198775419967739e-05	0.5033183630795329	0.26804654522809457	0.527940684667995	0.001238909498548142	0.29939109746292525	0.2657335160733862
CLTA	0.9353044124990886	0.7686711784419803	0.7959451108866948	1.0771733745526513	0.8271072785152785	0.7812388429123183	1.0339163401509481	0.6360896378757818	0.9866665545485426	0.9222158659020783
CACNG7	1.4818112606369157e-21	0.00011642760456865893	3.0655705557520232e-21	4.945906318905322e-10	0.2979369480762795	6.63163714709463e-08	0.14510772635469496	1.313665799021764e-21	0.06312855353687323	0.063576817396028
RPS20	1.010729791478088	0.8816739874129971	0.928162811033636	1.1433020044425815	1.0009910392537344	0.8876237603447886	1.0048445059449145	0.8287158682478218	1.0371762019495259	1.0782029014922876
RAD9A	0.36788333213732294	2.993851341905959e-16	0.09960685270384181	0.04390506337767551	0.362828808244673	0.29634717896226687	2.9962879555774448e-05	0.643497879945358	0.47740647332815056	0.623628647714893
WDR82	0.911951529554893	0.7980620357228027	0.3212855792662538	0.9851549602067629	0.9342672161471363	0.6733017615452621	0.9107114769194985	0.25966175637331057	0.7014355695318647	1.065250357616164
CDK7	0.60644092262801	0.5907707578540682	1.2535934742907315	1.0092683164044507	0.03932324999718297	0.273272717456687	0.7461855441359269	0.3575008180256225	0.7495371526410797	0.2924119231029122
SCO2	0.41676943972314684	0.1046814930530843	0.4766665317980659	1.039816437424597	0.31512082613914233	1.0233367673399174	0.6333054369185691	0.6303761288407432	0.5026021499721018	0.3946704443926865
GEMIN5	0.10086832142916322	0.3627751739629599	0.16289096659209462	1.133560342927359	0.23826247989601312	0.35201639624516323	0.08421779288315955	7.314334917864792e-15	0.43317546529749046	0.5091393370278303
VMA21	0.18819713634210547	0.6839063066915808	0.5766307076936121	0.8409188528740842	0.39581297423042144	0.38946875193129354	0.2780408178967096	0.3310498265823838	0.48225540455167837	0.10869667499244653
NUTF2	0.7951144953840464	0.7454014537422347	0.7385828687173299	1.1391224552997563	0.801679876465382	0.6934405259637052	0.8448004404483522	0.5452462776413277	0.9717042100313503	1.1119161070741799
