Name	C0	C1	C2	C3	C4	C5	C6	C7
TBK1	0.6041568333122685	0.25038406236815197	0.32082611415417195	0.08903197154693403	0.8944903309385929	0.33187913516858375	0.1469301120174939	0.6079105847356214
ATG10	0.0964453773459214	0.08021488765217585	0.14342118644601412	0.06244472665637519	0.12709737821352984	0.05588669814036846	0.03448619889799624	0.09061979760316707
RNF31	0.07690315392060205	0.4877558080506938	0.472298615484312	1.0358974834430712	0.1722121641852521	0.3687694347509016	0.7290864091687737	0.1324722038013428
UBE2N	0.7224367421542842	0.6502961106943881	0.9306460534602244	0.28869888938922694	0.7893420287997179	0.6712027747158535	0.3258751552140683	0.780779903813735
CHMP3	0.8109144114953276	0.5195903279938021	0.3263544708141179	0.7309614912342515	0.7400548414759841	0.7120212852306896	0.6986543749453941	0.4761318816973476
TRAF2	4.337678922223466e-13	0.2494251080911877	0.5013434058271061	0.4195857826577175	0.39783856909473114	0.19626765641543817	0.7689866405409391	0.2797924284907045
SCAF4	0.21571419383032756	0.7278686371416765	0.7102756266103335	0.5827315232408087	0.20427573884243846	0.5102496675287777	0.4012570818923563	0.1642412784357902
STUB1	0.6704487973178668	0.5384409509788028	0.8005371357206515	1.188712964757242	0.6016302813011104	0.8637746271214095	0.48882897288139054	0.8922176751146277
BCL2L1	0.8977215699796156	0.4726509720726481	0.5800039767469838	0.7638705625168719	1.1522705491407386	0.8714952704027443	1.1288890518727905	0.5068311068410689
PSMG1	0.5772955651563761	0.2628791727556798	1.1313543223520237	0.1408416453004773	0.662631753626203	0.6410133619364986	0.1034098365895801	0.9502925444102482
EPG5	0.6916615380964959	0.2842211139977749	7.303538721944241e-21	0.16351926999444547	0.04884650277400542	0.10208646675328956	0.15972058697331984	0.15303875006180728
ITGB5	0.8421025914465301	7.690343250269427e-21	0.0018543569417286414	1.659337637808617	0.10786650416458896	0.814710027027521	0.887587364777317	1.168250291539247
DICER1	0.2922900633897715	0.5229080739923182	0.4028118467227438	0.16790794658256658	0.5025881153414478	0.3820905784594555	0.3546204551662428	1.4806271491466292e-11
MCL1	0.9455875617168169	0.8607955298664152	0.9787882871575867	0.951635065014511	0.905617269962312	0.8854069140920922	0.9619884071596341	0.7958907934653177
XYLT2	0.4413869781537607	0.11846853018332505	0.172041682612652	1.0292799067480192	0.12853687769709496	0.24392188643319568	0.49639713871335966	0.28900862011684353
IPPK	0.10300169774399678	0.2136923824112454	0.2919869678870613	0.40851367365118235	0.2251657069149992	0.2916692372965647	0.26729953376637394	0.20853288256407307
PCBP2	0.8573733120205459	0.9125901285130201	1.1216861592715897	0.9943613876022013	0.8552922580631475	0.958005393773865	0.8209061925019203	0.7941757759156942
PTPN2	0.2991882959882935	0.14618362843217056	0.7542856874951134	9.32641975302467e-10	0.7120131574492237	0.43744497575396285	0.7063247226593471	0.27160803713422454
VPS13A	0.4001854092069805	0.3578957284505135	0.012483590921530976	3.059066836037381e-09	0.33867331693275493	0.3212077270168494	0.10352956313344255	3.4591898711896703e-13
FITM2	0.18793712377780247	0.2490555940752872	0.013834550707710391	0.5917929120783332	0.02075344230107238	0.2896866252291342	0.09055296974023624	0.3469472954983607
IKBKG	0.16138071714046168	0.09085972349487	0.11629721794670728	0.3056887503241415	0.10005627426055903	0.09687393458355206	0.25851149161131304	0.2405064593819129
RBCK1	0.7151895764998042	0.5946529904218597	0.07807293013167613	0.9989406823961526	0.6608436535183196	1.0193523369374826	0.8725823762838858	0.6389406470430172
CFLAR	0.4326331809686981	0.02573470755292941	0.0017542516400386153	0.06372593435337892	0.4957195246628839	0.1039302234599177	0.5967298876722222	0.157986517665733
SETD1A	0.019777304931071635	0.49425718871525154	0.49902210471849734	0.5761350592500946	0.10737359698495107	0.2806645979669742	0.18925321254894373	0.058162593132652804
CHIC2	0.9715122037667839	0.43915057277818925	0.02606654140929258	0.20665164080948553	0.3737464147348789	0.20230932516551264	0.6086752724063452	0.06034151570256688
TCEB1	0.8258873771383858	0.5317309485015426	0.9126402919482319	0.5669231439609446	0.9840410009310421	0.5232373847462335	0.6617551925861873	0.8902161018976709
RGP1	0.3851227242815943	0.7106025349421546	0.14592395357072832	0.7633133959275746	0.14607196865363517	0.4632680542007876	0.6465176614000997	8.643228138723069e-06
TAB2	0.8635384816354912	0.5284891855516403	0.3706271728623504	0.3925831397558791	0.6215955845648561	0.29942790502326927	0.8327305167011948	0.20058734247350665
TMEM208	0.6532187974328203	0.5254301690198095	0.7083467658917134	0.9655023479572185	0.7697887455150271	0.8414233120880175	0.633329974956295	0.8664861319575201
IST1	0.6715179904248738	0.8530286393258283	0.6627621320309123	0.8847780746962141	0.6510051620373749	0.8767728280024359	0.8448165481893175	0.4663233236299244
BAP1	0.5339550367173742	0.6435711873996324	0.8809037335825242	0.8489244016576506	0.034926722024769236	0.6310326550605871	0.4387476883919646	0.6478143338422337
UGP2	0.940111821179223	0.4092170874445963	0.5776694040605289	0.6773606387262653	1.0383426258193176	0.5641460943268447	0.5884492972667159	0.8631345547091908
NCSTN	0.7763714915450535	0.7079562136498881	0.3906670645743482	1.3626436182386183	0.5279875723802983	0.678985254623128	0.8846187043583801	0.673729892616723
UBE2M	0.6546782393103648	0.8444825370042724	1.0325878535275947	1.071314086281669	0.7352369217321538	0.80159113685346	0.6164155155357693	0.9010120480490288
KDSR	0.666930645354772	0.5319094305174349	6.271938524503584e-10	0.13539429789613208	0.1714605012505674	0.46223523767812486	0.42547317686373	0.45137039257539346
BIRC5	0.4938721316962694	0.7010479979679982	1.5665433137369171	0.705968645659895	0.7706447602156871	0.5377810866543294	0.6921913069541531	1.04560422270755
VPS4B	0.7519312935304876	0.8375556999348128	0.13414279618003602	0.4632810847884428	0.7213421968295894	0.6973081404403002	0.7587291285017421	0.48732788382987513
POLR1E	0.502185072115497	0.3514462285909978	1.2490637236367226	0.2110787433191255	0.03303740430337972	0.49405885124236726	0.31578950221157454	0.6225052701622215
NPM1	0.9313650426309268	0.9198544436366738	1.1615674222950112	1.0494795824812746	0.9473597882101401	1.0074309543332314	0.9203979460319486	0.9491138252243588
BARD1	0.10906645490783488	0.1675472670318761	0.37932462648129656	0.017705142133001766	0.3722595438440919	0.054902585984148794	0.10779025020052735	0.15472789347471413
GPATCH1	0.07282479739984839	0.21474093984484835	0.3372558445271645	0.2738708657693639	0.334662402552933	0.1131441315852336	0.2221800296784938	0.05538369490510563
L3MBTL2	0.11188921497327825	0.442834286763767	0.49093432696919614	0.6811426304333932	0.09893734284408869	0.3606626012948074	0.06863013798278626	0.44346308509896043
TFB2M	0.37149193080229875	0.2204278761381624	0.8804220427607269	0.3213106197366107	0.8775695919953962	0.5433863625606411	0.012726487392630288	0.8320167752704083
MRE11A	0.2854563799609414	0.31563055747618113	0.7022643316147786	2.487488897086548e-10	0.6336947961790635	0.29928037217504105	0.523752491956627	0.26843656948281763
CENPO	0.2649090210906194	0.5107327955427631	1.2561386941006631	0.4202260989400148	0.1628032572860855	0.14451077886660144	0.34529668648181194	0.6183498762688114
CMAS	0.6590275890664538	0.6594770273732227	0.6432860741884525	0.4919222092303551	0.9860096788065918	0.8419339156391445	0.6378756440010205	0.9440861901536808
MAPKAPK2	0.6890105516743609	0.5158415506218417	0.39352761778110157	1.1449884182364638	0.6546380279543464	0.44109106612717147	0.7398327169645665	0.516555892087634
SART3	0.2774839214309052	0.7899706976488852	0.8675138884992535	0.6002994889984568	0.2867643219522545	0.6734067361955536	0.48952132319959357	0.38472988295891325
KLF5	4.3791767321065516e-21	5.189281311852568e-21	1.2144355501538885e-17	1.0017033284465235e-12	0.7886895968920247	1.9249762675950228	0.9510367066659814	1.4211761541971026e-16
MAP3K7	0.760566019101908	0.3996143485174559	0.41396605837876627	0.06304782202497748	0.39870193523921593	0.19989216697846895	0.32565557714257426	0.18929868943612305
UXS1	0.643518218913486	0.15857064664554923	0.29644224348796744	0.5616500907894023	0.450753954926296	0.36851258585070884	0.8329518083025089	0.8396988681506551
NAA35	0.36899437126218176	0.31218953760613377	0.4620708217443134	0.16313108492931538	0.41179943933648555	0.5122153082063307	0.42161676209311416	0.27005491011910343
RAB5C	0.8644682395553865	0.7764699307641694	0.9649579856466389	1.123928372066201	0.8115263845291187	0.9246479054493143	0.8358732937607873	0.9456270310335
MRPS15	0.4426973432982332	0.23697561666742592	1.0502864260330367	0.4862497210289197	0.9473957780398757	0.5450637778621983	0.41335287434157436	0.8667288722545933
TSG101	0.7517261093341416	0.6879697996593253	0.2528080398734178	0.6046443815500689	0.6690143982536189	0.7124422225730764	0.6621398256531075	0.5558467549673682
ATG12	0.6686775092647076	0.19188274411162873	0.14750907808635208	0.04068342173775715	0.433301808786334	0.2177542066180919	0.2859348400552695	0.313983451030517
ATG3	0.5053887900831178	0.22385715719628538	0.6039146944310939	0.3545205026913288	0.6845130535926751	0.5860874007151224	0.36370780599835717	0.8732061073782781
PSMB8	0.5017692826138087	0.028221093087334125	1.1461484035148171e-20	0.4326528853075059	0.39234753017680146	0.7639355261859493	1.7105570309046294	1.3026296228775192
SOCS1	0.10683233222534896	0.04381995277638843	0.11258455162122157	0.13566284460919625	0.04028958884235261	0.04497755476272169	0.10584168614671632	0.013115002197171259
VDAC2	0.9131637217567964	0.762666459303758	1.124266452384315	0.8743116275082251	0.9663260949418411	0.9480218318666203	0.787802986022094	0.8718335748062976
JMJD6	0.2661438975298302	0.3051345369411484	0.3330726646462529	0.2971404755345569	0.1287421410440408	0.12239204729686362	0.186803598150883	0.3939295133021155
EI24	0.7896167137548398	0.7250734064803513	1.0161762113595847	0.7225049353359633	0.9444916946890206	0.9196985543378936	0.7304757672878021	0.8433738900778591
MED24	0.29789035977562234	0.7026716231998971	0.8560238071427807	0.8883196527413557	0.33644468656877113	0.5347556965878939	0.49784098943798966	0.2923301698984754
SAMD4A	0.1602499379049381	1.6539176725384627e-20	0.06204043183840286	0.08137706905994846	0.02228133054702721	0.04487182200477302	0.14436823931016132	0.08914219887670669
TMEM127	0.6170321443556293	0.4264573659295737	0.0003239789389812385	1.2804799091698773	0.34159631326427237	0.5652468115352839	0.7191956468871166	0.4573054646358919
KDM5C	0.5035085394436446	0.9828088257011252	0.5217296964858896	1.2454336736803697	0.10547614055367531	0.7539912367655353	0.35966199977114643	0.22478935799068364
GLRX3	0.8170889652173062	0.4287222959518535	1.1243325790811172	0.5538509312651931	0.8971776441695103	0.8051819942577015	0.696452084115424	0.92772229209228
TNFAIP3	0.28505667297612514	6.785573413036444e-08	1.8306838102429955e-10	0.027296478598105536	0.04715747229335416	0.07265647792110869	1.2725886203978418	0.3241615891393515
SRCAP	0.20665939471909353	0.7972038149314439	0.5658303322884329	0.8737674682367286	0.3474739855022986	0.6317411493556806	0.5703683776703706	0.0599689012438495
PCBP1	0.8966665364320279	0.9276426793617223	1.1293906803680225	1.0653325806593261	0.9001087000483997	0.9953943068286447	0.9027402336941472	0.9171128812664082
MED16	0.4405489999053438	0.6670311872789886	0.5471049425655179	0.9287541195992494	0.000500598967741734	0.5358477471562725	0.5330150175803124	0.10486757415643062
SETDB1	0.058284021670245524	0.6276136291882101	0.36665596929275457	0.5790539696282289	0.449380815869008	0.21226811028209175	0.11995822847789295	4.1048487887621306e-11
RB1CC1	0.8497729045639149	0.5255531750034359	0.15366072244331486	5.6342510975046025e-06	0.8779186260464782	0.22822604779044817	0.5012524923268576	0.1908436516738233
PSMB4	0.9091299290108159	0.9179477619541498	1.1521172643234863	1.0682289435281582	0.9476271003992349	0.9789968662909534	0.8995676439756496	0.9520478089713903
DNTTIP1	0.3610108415104211	0.4007429482137576	0.8403501058887084	0.611474705626701	0.3949943289836355	0.6801888072362304	1.0703529642413137	0.8326775220730678
HUWE1	0.5451819284086575	0.9532907778728718	0.8062574683530718	1.091946441683272	0.34410062282653436	0.7690667700267352	0.7220349850742943	0.3543547358953335
PRPF3	0.25176526733285354	0.5793864470009293	0.6893493082676626	0.5535869253865219	0.6334143492993103	0.2474113796555309	0.45126501813518866	0.2804881118760541
BECN1	0.7420524621535695	0.6392656872351422	0.5128186007349951	0.9202617675519833	0.5804965763928627	0.8801752582806085	0.7037218875730682	0.8528935819990061
TNIP1	0.7967690938000184	0.08476071582633203	0.36473796925336366	0.7204989780660186	0.4314187484592481	0.6317648399777119	1.657236642756753	0.4728628728014659
RPL28	0.8440077012354377	0.7803130073021866	1.1398179162443223	1.0770866450019172	0.8024194606477304	1.0051880696641111	0.8526696601609342	0.8520928030852567
TAB1	0.11100856652817905	0.4961658446845239	0.319662829021027	0.598322038578391	0.06630805461868006	0.3053383209516948	0.20045566572188078	0.16724602897240912
PEX12	0.19943237176310386	0.16639307369338666	0.054708605130519165	0.18616917141994427	0.0757614584829185	0.19156321434636933	0.07271396691221083	0.1343848877889829
ZC3H13	0.4083040314674449	0.747451171289101	0.29528812751037903	0.36694030396068095	0.0002761083287102049	0.7135337207395647	0.20267053710766572	0.5562792077899639
ATP6V0A1	0.40574522178192624	1.0778238230759871	0.08641664141448517	0.796291261323684	0.3570743129626037	0.5808281563042209	0.23023687596249953	0.3417855482704453
YEATS4	0.36652612706001586	0.5120263448842383	0.8519788376533423	2.165669788784017e-05	1.0243670571235302	0.5180279989194534	0.0719538663201562	0.5381678784503967
GRB2	0.719116735965995	0.7456126512686377	0.9251744810193637	0.9683912100037169	0.6832416702349259	0.7792655980640001	0.6227857669979889	0.70103084620359
INTS3	0.3970367294737202	0.7377510127575255	0.5570877740281424	1.149201254365365	0.6409011791083177	0.43241167702336925	0.3980680128667272	0.32672890844553526
MBTPS1	0.8178123515749255	0.6527368523370604	0.5136060272764277	1.112680960734578	0.5064981419568402	0.6214104465117193	0.7852602422072076	0.45480999114879644
HAUS4	0.248452578988756	0.4352901133573706	0.7903206559745787	0.6290412808641588	0.7877450844248537	0.5787882165873487	0.7061138984486817	0.3756036882968206
CSNK1A1	0.9319170043412798	0.5942023159990013	0.7663486027486889	0.7658923718287016	0.897153506074689	0.903830122762824	0.850239555966075	0.7506604864917044
IGBP1	0.7557139498431775	0.6017202097127171	0.4638979513812504	0.6712766633826296	0.5702931937436286	1.0105110577436587	0.7487081167291204	0.563271668962551
MED9	0.10846177148795873	0.3985622414256259	0.32847106240698665	0.5243325949236081	0.23081086183951585	0.21216530312878285	0.17585158217615993	0.23791799221967128
UBR4	0.5089799179493022	0.710778430121297	0.5018626354280197	0.6902507645982168	0.02253578196016177	0.5097302481064857	0.6818295668582223	0.27969863659514826
YBEY	0.3701352806361432	0.34584519408786496	0.2493050000125022	0.22892217292765446	0.3716033816597595	0.399433862627936	6.068286331221587e-15	0.2511430769662472
RFC2	0.09753656462364359	0.5611133859855444	1.3235790067473323	0.6305933937384213	0.6511996857548631	0.49011555198871115	0.3878219816005086	1.120063347236868
DUSP11	0.38312408507906887	0.08241263097984415	0.28113574487850795	0.13437722557385856	0.3999947807018808	0.285521080907931	0.32440743025737795	0.2188249074029637
TADA1	0.09721327921693068	0.5101701309257876	0.3615003964884356	0.1825745190016602	0.47830683709863	0.1500329993161721	0.007424416168880338	0.0491895281623668
TRAPPC1	0.9243706181789885	0.8564618029280866	1.063903473328138	1.0939629777029698	0.8206255279899074	0.8995107623434508	0.9409359261014058	0.9249822013286719
PTAR1	0.5609692230319312	0.6363552475577554	8.375314827114773e-13	2.5879488591133434e-08	0.33728462051258484	0.20578349611736133	0.22526311103747884	0.2299477497003522
CANX	0.9336060904882758	0.8997759145354514	1.0956617126087738	1.0499633466437617	0.9246892437967402	1.004446387408539	0.9319857709228947	0.9485437066348672
PIGK	0.9202730862314122	0.09356092109682554	0.16888853078851454	0.1853631943701393	0.561730702471496	0.0012624881474190307	0.27469029121656957	0.6252429272867082
MAPK1	0.5794571767989255	0.46185241843416486	0.46547237331869723	0.5296012655112261	0.48395469533309576	0.5101793876238416	0.3188754197192467	0.6459483210805256
SLC10A7	0.06693875061811795	0.0728135428251082	0.08233528154965786	0.07959664239330175	0.10873880412328323	0.11804184782766339	0.057067187002311205	0.06389701188055727
TPR	0.7452768736138999	0.8510183366926795	1.0019263988835556	0.6429840008810459	0.7759694581740101	0.7138960603076526	0.6519648650122943	0.5575598029258858
PTPN1	0.5355123814607173	0.7326194959183272	0.7441404333691778	0.9714693533829452	0.42101146198008277	0.5453633137741176	1.0883659845659426	0.8152666940320851
HNRNPF	0.7879582048287472	0.8512291591352623	1.1171523563864916	0.9617078839591423	0.9165068655745977	0.9980386635772707	0.855002414937513	0.8965674367768117
SRGAP2	0.2568742358191715	0.5202980808302939	0.2911407994090604	0.5393219955536876	0.044440476420185504	1.5374410144366238e-07	0.529076499617329	0.5208784242729597
USP8	0.6029579739214909	0.46394182585410904	0.2931742432351715	0.6109869789936516	0.4402824665284602	0.7579872245768735	0.3815924072327919	0.5325016018773417
RANGAP1	0.6245438786231372	0.6467857993256422	1.0588613578679853	0.8772481625780134	0.5494737047102124	0.654546488730315	0.9219273421111256	0.7476725144680734
GFPT1	0.8750439225688121	0.47340915287141516	2.8053330064429573e-09	0.5590067120449965	1.0802329421013135	0.8414125326594822	0.14443696394418995	0.4514647566533283
COPE	0.8807673710924769	0.8874288523500422	1.0621837254961897	1.1140906312178454	0.831143456140889	0.963848073474618	0.8633112716699091	0.8933313955279292
ANAPC13	1.0050890680167717	0.7130358614719784	0.7293514939050278	0.6758922174496639	0.846802427439966	0.7750211483606838	0.6872494754410261	0.754890315046139
STK11	0.5465634081635635	0.6728020685531436	0.47905615186194245	0.7009540141953484	0.08751769760506306	0.7784312061066488	0.620395208311683	0.2148988640874574
SMARCA4	0.4357030735110053	1.216402976783833	0.742281697851544	1.0963242283290304	0.16532460016197834	1.0435030799654677	0.7074485439492866	0.45962575627356184
IPMK	0.14335213491524904	0.0971563496832761	0.16273355314630417	0.004089534845390883	0.3282345065133759	0.13258384256158012	0.06529196831663199	0.0879492380215017
BIRC2	1.1865467093658764	0.1574169523277714	0.3262662072955654	0.04420394658295445	0.7703486874848222	0.270560564262662	0.972126517909939	0.652378396616043
RBM10	0.3378849657070408	0.9102593376824434	0.9597165121945141	0.9350989940817427	0.2146810624286003	0.7175948763685187	0.45187715014297086	0.49467080794797375
ANKRD35	0.07932148994149002	0.062075076916006056	8.100228333260609e-19	0.04970453685515607	0.050845326016444134	0.03540491155764237	0.037625387537818474	3.810728754438268e-21
MTFP1	1.1083993268608974e-19	1.2270726803036807e-09	0.4452452572828067	0.0793717132649245	0.1884894207299572	0.23352174083884347	0.017799161594079144	0.48862106147053264
DHX15	0.6356836181551141	0.7607896042988838	0.9690152103736391	0.6108366720623242	0.790226170226722	0.7479574562958913	0.6429444161378702	0.7076293650367819
SPTSSA	0.422818936640925	0.5563966428683282	0.645098114785425	0.8767005869904255	1.0252483669289485	0.5654040694824551	0.5433506687760085	0.6408965168861693
UBE4B	0.3328546070822468	0.43002366751991533	0.5063234502390256	0.5204792679555791	0.15310765773661958	0.3781205933026123	0.19988584772131737	0.20706951207689947
SMARCD3	0.3928057777639589	0.2805354954700653	0.19977309992319578	0.43949421432643093	3.9287331432526886e-21	0.007607366681349027	2.5658131608905958e-21	8.62492868870301e-06
CCDC114	0.03360589586814037	0.059952883249457446	0.04720452523044349	0.06516808906537457	0.09718012699115061	0.030238316737552846	0.026245563400517556	0.0289450974964189
SHOC2	0.9036531870209877	0.2527511300523339	0.0803009193856776	0.297856688846862	0.7509529831987711	0.3263604800485519	0.06101807036811935	0.2560553516653246
CUL2	0.6788650618545846	0.04642744578354867	0.729491478175827	0.20529359475595332	0.7216397474412327	0.1597409026082108	0.17665377336306895	0.45198784501872397
PGM3	1.2529757801468115	0.30409738688531956	0.42599398907395924	0.44376880476648206	0.6700790864413948	0.3533673089970611	0.5375530959615187	0.45683376875672543
TAMM41	0.09299246981445938	0.07764224709554038	0.2355906318327208	0.10079864278260278	0.08065182037562568	0.19841591375295448	0.03923688552204913	0.13219930907509225
ACTR5	0.00168170219759101	0.24528131455391805	0.5541952340354896	0.17650974583045173	0.28486885672731355	0.3145571834589519	0.2600658364054437	0.24400375041656244
DNAJC9	0.705103578740335	0.685219813562738	1.2828604986092786	0.6392599508257881	0.8744591525261924	0.6601209616296718	0.8373312868466694	0.7909264375746673
GET4	0.021003758077209046	0.06561545318774598	0.09987475240833583	0.1648837394978084	0.20571167729961365	0.28812265140772353	5.20441714819618e-06	0.09901326211755028
ROMO1	0.8652702908957501	0.8558345734577931	1.1273666077278475	1.0982026135378808	0.9091128160725703	0.9580158311654308	0.9042477811011924	0.9434374136683049
SOHLH1	3.4607373687825855e-13	0.04738461933445301	0.018189830264062536	0.011294390930578376	0.013061994048768344	0.033093782045916155	0.0014892024476897596	0.02378055604613225
RNASEH2C	0.5491648075046931	0.44539963512221187	1.0413950200103441	0.6749911846687701	0.5169936281922709	0.41297963895404743	0.547959002478686	0.8026886434773248
PHB	0.8414126079776933	0.8449148482417106	1.2011277357906562	1.0363039899401145	0.8875990278729851	0.9770280761817043	0.8246787197565443	0.9728604476159672
CHTF8	0.5395286299430588	0.5591350341780376	0.7812339028815959	0.8697505477893275	0.12174842760276482	0.8476759223373711	0.7249132420551241	0.6013865363531975
SLC35A2	0.2745880687440537	0.24927068643181133	0.08239902620867041	1.1434919888298956	0.45945859578573006	0.6084709599204348	0.6148981864323785	0.4057638239076569
PPP4C	0.7622816730871105	0.748244405122959	1.0467931317106232	1.1006018873525787	0.8396388025823583	0.9206978042003842	0.8171847945050543	0.8024236193695917
RTTN	0.1382822910781886	0.28087354410050575	0.2587560771940546	0.03625726517837832	0.061439041141622	0.06595004421754928	0.11929405981953027	0.15922954042315682
IARS	0.958382927774629	0.7066475298758151	0.9775450075792737	0.6926896017066954	0.6946155298274412	1.0002931034218536	0.6826819919483365	0.7538456593367485
GNB1L	2.7384706046821927e-05	0.10664678977597965	0.4771596791913015	0.3865840593187327	0.09754064610213604	0.2912285715848037	0.28760376255039327	0.32858454325182984
MRPS34	0.5952345018530447	0.7225417850928321	1.120755252491484	1.061474845976799	0.8318071615233534	0.9675645998034328	0.6010749845774972	0.9589515253349339
CPSF1	0.3733455882467911	0.8058634539423422	1.008352646305906	1.0916708277339224	0.5443708685146104	0.6464382651821697	0.7621025072447087	0.2835087567653603
EXOSC2	0.12027213043593742	0.4962429874254871	1.226832237147381	0.23945290146818443	0.2941701814024469	0.5003367495264444	0.3915998114830288	0.5147682595610168
TMEM165	0.9128923844022329	0.3172333597463602	0.282267550882315	0.6449453782173503	0.9572520408789249	0.5156980814272459	0.6499960433998027	0.6487000689968455
VPS25	0.8299467713639973	0.7617095802674467	0.9577328244932671	0.939320894718954	0.8578148326340341	0.8673321353173521	0.7400764924437863	0.8433361562104961
RBBP4	0.6581357716129171	0.9719961662400975	1.1774676729857239	0.9025966578195519	0.7816216608675822	0.8083561228988112	0.7107607823080526	0.7140336802421764
MRPL38	0.08713796080692687	0.3657716262443882	1.0542856488953514	0.7743377718179832	0.6131473542973459	0.6732935880105424	0.29052719644062486	0.6742379895381895
ETNK1	0.3133732915594723	0.44226425147232046	0.3163757717404042	7.286740511432023e-08	0.7250381771793406	0.5332974237581083	0.001800407979946412	0.3739951271978207
CCZ1	0.7368716732745348	0.6822512961080259	0.7684861557545222	0.6800010072499661	0.915812123663401	0.6944363908921208	0.6129082448528544	0.7148721212946794
TIMM50	0.4783395561864233	0.5982792016652106	1.2357735022728435	0.8365678901378665	0.6262415461586783	0.5911208083428173	0.36720278775650367	0.9792496531068359
NMNAT1	0.2119848311847979	0.0967520460318656	0.05034949672459938	0.14820479658269106	0.1068114118358606	0.17795612954360082	0.0711182851856943	0.10844219458219002
ADAR	0.6889163650254213	0.9330592187263733	0.9565414760362275	1.1645065431988504	0.8010431042649961	0.8492477042728519	0.8666367123295807	0.6565627139229554
SMC6	0.44524529138307917	0.3542757120674764	0.6490950769798071	6.23617800781463e-08	0.5402118236085319	0.25552259010610956	0.2558038550039035	0.36915044700011135
PPCS	0.4976895994894647	0.189618331890555	0.19892404909591496	0.6748512903755751	1.339508557627665	0.641099993680882	0.4114297947517006	0.6389761373308646
WNT3	0.10184962818338987	0.08627978281652204	0.15590622320988182	0.10629989530669241	0.0864659224168843	0.08437539181105608	0.16664124424873944	0.00544623189529366
ACACA	0.26149179545770607	0.5690613471411892	0.8360675127629285	0.684538487456422	0.3006035821519978	0.6363907816797406	0.3674937774001103	0.1986398634605316
SOD2	0.971354484139692	0.5074718791239702	0.4477515270706576	0.44620160286897076	0.5913867303512196	0.6534097198674857	0.9019753529093216	0.4431352109136347
NARS2	0.19981894653979546	0.521192169758348	0.5685367609349957	5.557986945359574e-07	0.6341754041159856	0.4171749148834204	0.14757705788647973	0.44354972565264894
COX7C	0.8571199841444259	0.8177295953888276	1.1138935602124977	1.0067297104014652	0.94119393378163	0.9981838006557513	0.8065827726159406	0.9423239200004694
ATG5	0.7189966047064419	0.10159089425189327	0.3883736524943376	8.016721321090449e-05	0.7765987750610328	0.28122369976599726	0.34057466381660245	0.4021053995716128
ATG9A	0.6136525219880686	0.6618270208829513	0.32703880635245136	1.2069780658963483	1.3581066370956313e-06	0.6387998639141531	0.5824787761552846	0.41514836977737724
CD274	0.23500862588120422	4.9546281783213795e-21	0.002581128716475218	4.004162248419692e-21	0.11956906323364767	3.5126401040644055e-21	0.6940565962877013	0.07961642942905926
HIRA	0.09523954447999863	0.4375904112555544	0.5269504598453588	0.3514449979450076	0.17070382846054877	0.5989369043065855	0.09301268156332829	0.32668268623400964
MRPS9	0.3814827437346745	0.27896586412073215	1.212868735743292	0.46209755867348096	0.7503170595450055	0.7485351371344034	0.4634871193811091	0.7434479776140616
MAP2K3	0.6084694325114461	0.07054877284289691	0.4294061940336043	0.6958296156957171	0.31577717695818863	0.9740739267673781	0.5245839116590266	0.9169331435415685
WIPI2	0.6001285329942712	0.5879675433787155	0.2593284758549359	0.7996751848435049	0.4039762479899299	0.481923302098886	0.4765215298298876	0.30525849741179095
VPS18	0.2427828376662419	0.2907424947961288	0.15046288409504405	0.9573013063244777	3.7468787172408386e-08	0.3629335715930783	0.2063478529733646	0.5047988681518039
HM13	0.7511213378245437	0.554628782629266	0.6763556702216035	1.159509606127153	0.6467408136647669	0.8557846671548603	0.9226798818424797	0.8606373610946092
PEX3	0.43438357142419876	0.034321530184185	0.3730309882409832	0.007961319672687118	0.3750183706391516	0.1807097831416287	0.24771954945520253	0.3076756977769471
LRP10	0.8345308566745782	1.1560015549712215e-05	3.887787710340769e-06	1.477752912627751	0.42525586942922305	0.9260342244199932	0.9921272802638661	0.5070230075139883
USP9X	0.9039844489059746	0.8327783537194012	0.5042983003983282	0.8802970173682911	0.29654897618975906	0.7539984429986432	0.5040645164904676	0.3399180422114307
NDUFA11	0.5032069822000242	0.2448896770441953	0.5592829520129164	0.33290446524971556	0.45676211423934526	0.5227862730722969	1.4554793501584462e-20	0.6363403595629892
NDUFB8	0.5756529306061346	0.3470929650847979	1.0319730108904857	0.7212550881604202	0.7470446691230127	0.9086057275928019	0.12173699296533566	0.9226332756481669
FURIN	0.5122390094157658	0.39361543224117557	0.04472493342455846	1.39688687747906	0.22094867690465012	0.8057715343221443	0.8851842939364581	0.801556137312135
PRPF39	0.4966944511842618	0.7028672586424322	0.5232915450470571	0.21310718982364313	0.7184677049645976	0.3617374438427249	0.5148021337089855	0.13231943366111112
SHFM1	0.7093730967756293	0.7973521223799624	0.9555368112158275	0.9673254381408982	0.8062196519102393	0.872187617842939	0.7913521308035456	0.9462074003813965
IRF1	0.3530321780790652	0.032634406686433644	6.2183035780325535e-06	0.31334941393571175	0.1700432779379858	0.21043635808379232	1.3796408286988284	1.2251887948736835e-05
SMG7	0.22688823474244302	0.8375583322102591	0.6409742549239347	0.8171922155731819	0.5744195760762472	0.6706086802498149	0.5267267751897958	0.334857114638136
PTPN11	0.9318657834364692	0.7883833426994614	0.9659040504809671	0.6574579615239786	0.8588345778307567	0.8198809053471064	0.6587728834253713	0.7891577597442218
CCNE1	0.010495726672199635	0.17143568448229138	0.9875349648173127	0.49104542316084715	0.455851737409609	6.131321510052421e-10	5.192917264922711e-09	0.203782476463547
MED14	0.34831616453955727	0.5544036035796872	0.3465827490787799	0.3254414067814376	0.16128841961826287	0.4462503601106912	0.19460768791651153	0.27590438354743213
MTA2	0.6060073818189167	0.8631306123745137	1.0947404081540288	0.8672118569313921	0.6030524675607263	0.9357949893652969	0.8256023223411895	0.5860112547024642
NDUFB11	0.8393028256020414	0.9240873150725045	1.0937732291171507	1.0490867139126838	0.9046832802561912	0.940778761383629	0.7526006174020115	0.855656003972994
ZNRD1	0.24398950345249684	0.23738645184944812	1.0690713931002256	0.4639873070640694	0.5261773874870033	0.784056360365074	0.4782713063249049	0.5040047561249867
UBE2G1	0.6555673936108265	0.3777216574098663	0.8032770610647982	0.5106410284128339	0.5431504261421095	0.4953210399575026	0.3447103036690219	0.4512905274828013
INO80	0.1528195864304153	0.1780770344601615	0.25530197705592544	0.2789565349495332	0.11554469973760993	0.41639475705647333	0.2239642887753184	0.19260070161650236
MED20	0.3564995357920142	0.29145330054356594	0.48962146332951606	0.34824703373552435	0.3717544107276418	0.14709599179773808	0.45990748246001256	0.15415039139745856
CCNC	0.5539955138464457	0.22285344111882427	0.714566652229464	2.630548370398036e-11	1.0275291662202932	0.492233675440297	0.36064532965958	0.5438030846695239
USP7	0.5464399734719935	0.7932861263137468	0.9157341158930667	0.6859703432898714	0.5752014236626329	0.9400973644312773	0.4455111593078764	0.4829608167935023
KCMF1	0.7451300457734663	0.20956673793723027	0.7339721597009079	0.4003984337989542	0.8733595232409589	0.4755921651763197	0.5719614571638022	0.7161525518565972
DSCC1	0.045087358042256984	0.3096485796157239	1.1504169120972303	3.219498363984041e-20	0.7843278596400873	0.05415350611567942	4.997604802238836e-21	0.5063088889657573
CHAF1A	0.033878320010864736	0.7964611877081259	1.3904414467254493	0.6583207227564963	0.0792290167949544	0.5317928994961227	0.48429956321676115	0.7202630538793892
LEMD2	0.507730172064459	0.6604184593853912	0.2481811929004218	1.030566676978523	0.4543421661955741	0.3311989645970428	0.8947915729369976	0.28721797638148533
RPAP2	0.22906707060319095	0.09507248812741086	0.29580927398339657	1.4449527198312433e-11	0.3522525305385339	0.15985031872119077	0.09588847279319457	0.20483143650041996
HNRNPAB	0.8654894542518784	0.8827377397085744	1.1916337810538422	1.0010617778285094	0.9078290229537107	0.9864269787303238	0.8568886886865007	0.9453877161181513
CDK8	0.26086570133989306	0.40777774763989505	0.33844570896590487	2.9698281650916673e-05	0.2692829800364899	0.5962055689547845	0.08753657568056844	0.20981374536979483
FBXO28	0.3680337749106572	0.24410754406717522	0.31901518689989167	0.21059169041994652	0.8536717740968025	0.2941286649642664	0.16312966099373616	0.42568898310743325
PARP9	2.0292448476357372e-13	0.07597056703308498	4.2804090882935203e-17	0.337708438098724	0.15729157479045863	0.21896544012738756	0.8061491007100323	0.1685559822975518
ZC3H3	3.2775588246702735e-07	0.22083697747644077	0.34793779934644314	0.5573516981619815	0.2867655948073934	0.19128324199525912	0.300804551970662	0.0389552564985072
DPH5	0.4538339590786547	0.19063108701332704	0.6866480243968985	7.689932261919308e-06	0.5084182696341504	0.30699580756603206	0.031207546735269102	0.3602460118896804
ORC5	0.2390690781935603	0.15078246936356976	0.48832093458723935	0.13886102609095105	0.44359519564133976	0.3736709591774734	0.010718917827696581	0.7429893278596237
ELAVL1	0.46308685964419005	0.7143370572938352	0.9887575644243215	0.4729078031488261	0.3434140053023805	0.44959633496720064	0.3560007302302592	0.44472439978556755
CCDC115	0.33202514368132013	0.49222689923317525	0.14063829743286022	0.8264802218465698	0.793080616140189	0.5537170307566035	0.3981044365451619	0.5270131111557479
SLTM	0.5875543582014471	0.6853168486885618	0.8394485164156208	0.6149503187603028	0.7085201294077884	0.8433134639054962	0.6370923059265526	0.6459224339036537
DCP1A	0.2663901235182218	0.3631607848375477	0.3047513127430909	0.09535443893808328	0.12072419711421306	0.49369382014544905	0.07936128797305399	0.21277967502788872
NSFL1C	0.45873317672865505	0.39919075145264354	0.6245095250378332	0.7298569346365833	0.3424640940681535	0.2609255629656644	0.8460282985963152	0.5586995004028059
ZC3HC1	0.2788377061827913	0.32635169149878773	0.6125330173036867	0.39333935484293814	0.05312750151991339	0.13224898550272837	0.06165123384746777	0.7017098507618587
NGLY1	0.5439557967792318	0.04409656974592286	0.5464281809108171	0.20363989854081455	0.542167761729663	0.4023718660768006	0.024156453137803412	0.5805402915764868
CHTF18	9.9577808770198e-16	0.469583553513468	0.8931511853274022	0.40243485316604416	0.4818984888321602	0.23197835659925523	0.4927003774974322	0.19809662810553402
PDCD10	0.6176888175154494	0.3206697925605394	0.4153865417538904	0.21609871560936728	1.186923280791222	0.6112216597079662	0.6515562840528534	0.7562059216731578
ETS1	0.9339362570454094	0.2064215826990706	1.150772217854565e-20	2.1829395368283543e-21	2.335621231763101e-21	1.8555796234013873e-21	1.5056058473538672	1.2182833195270724
VPS29	0.8078142345515001	0.5235724702469112	0.5838318411879231	0.32010151596464587	1.116244727235228	0.6225004300211444	0.4567083035610697	0.6885677308909143
AARS	0.7961093030882599	0.9269230968842769	0.9853127698459533	1.1297631817713554	0.7198760570323945	1.0032080080901569	0.9643110690041902	0.7696471145997288
RQCD1	0.372802239035333	0.6821675747577622	0.8741342876691406	0.3729441125508827	0.369953403147219	0.5725677415748687	0.24884763829338186	0.54579161067355
ARID4A	0.17650809738656154	0.2489068658119857	0.0892910797012326	0.10580791737690241	0.33054054680489764	0.19125956675874453	0.1461877609710932	4.8945205749549125e-11
INTS10	0.6092450445285508	0.6018524664839415	0.6400234110711044	0.18086102966722942	0.5377168308909965	0.7463560686728379	0.000268164278232482	0.7029460459770046
UFL1	0.7424673880683729	0.3505488231652193	0.000137301577886943	0.16217210064884371	0.7539889240821257	0.5361064843459151	0.34627859292900065	0.2731776488334471
XPO7	0.6455659953892539	0.8805457137710704	0.8522204051162927	0.517909015190902	0.4284684208441321	0.6747165979335571	0.34400398031795304	0.5677321235873297
PTK2	0.38854544407274877	0.5021801472575961	0.48713698258000293	0.4191812687626816	0.7320522394518508	0.19915050336998774	0.7289660550942008	0.12506485221834265
YIPF5	1.2213231655780634	0.28628884703708746	0.18481468337745638	0.6968298564424901	0.5536416596179341	0.31555450949087194	0.9066860122724892	0.5987184777359964
NSD1	0.29907332774858963	0.4569746042378607	0.3615672290376189	0.49162998632540506	0.3132201854333101	0.4050304640095042	0.26047899656427265	0.025716590221488568
HNRNPR	0.6308690969847403	0.815745119331198	1.1860075920068374	0.6094242156586274	0.6077397193075232	0.710986791454208	0.5920661662926543	0.7310199337550572
N6AMT1	0.212469077290477	0.17025680497898274	0.0963482055031398	0.0979551331004854	0.1775078199168461	0.12685393351465715	0.03246196575725786	0.09954673637369449
ISCA2	0.1562913107383304	0.059788790004711115	0.4281498989067284	0.19941529957556928	0.494032329315911	0.09754911262548893	0.30620263237698936	0.17418836475820945
BCOR	0.08578628529609919	0.8760516364166832	0.31346909736176576	0.45302667250652867	0.13138659162594998	0.27042712352189724	0.024287242510063086	4.078776777898734e-08
ATXN2L	0.5396541123719322	0.9894916827551313	0.9043463031924402	0.9910378425512643	0.5772608431336443	0.8259688912123859	0.8404780428922868	0.5155706102090202
ASB3	0.17182803665894503	0.14475638058039014	0.1816370250398116	0.07863174446530047	0.13564394986379974	0.08003971768084384	0.12220800988385107	0.07985088178550138
PIGU	0.2294137453440387	0.5443255135750728	0.5736014085984229	0.8823583507613573	0.40285369643779545	0.5721833614384138	0.7891010645097906	0.516275154823566
PARS2	0.039987775517800486	0.12058359290336759	0.17545604007322083	0.15874566512960506	0.1600548377682148	0.173636956028505	0.057343286035084866	0.07423655691149847
HSPH1	0.6814194948211725	0.8322914546851792	1.0791727372406297	0.6951669535057639	0.5669488222993952	0.8996905549412388	0.8203176720289227	0.90867882832179
SLC35A3	0.4047241244826015	0.09586248300570335	0.06595706350868655	0.018551461358820992	0.8801363449778064	0.4468872445060726	0.07327839200731147	0.14062121848839684
TBC1D22A	0.18014571529342702	0.1633470299382179	0.04004341941524628	0.3256856980849455	0.12394552943959294	0.3202189842272475	0.22332162526881424	0.256790826322938
RNF4	0.5206085022152804	0.42733467691326543	0.5613467347989753	0.7120989269468861	0.34182145275011944	0.3676258537842492	0.48102486681490664	0.5123663753678332
TDP1	0.12645940490868568	0.1667118732474606	0.5146543446858506	0.09492813626553702	0.24848685108167412	0.11985644945800361	0.1400162043282282	0.08999329673792913
CDIPT	0.6769086155125595	0.7925839286086899	0.20543515385401778	1.2953568783443816	0.5430220535104977	0.5636264856656438	0.5468624332592923	0.4228571550737475
PIGB	0.27592515719621497	0.0543047802328787	5.975096050069927e-09	0.12268970720875516	0.2673365139086968	0.19962659707185787	0.09663919060986996	0.3237342704018844
SHARPIN	0.3835348114742994	0.4149812372451234	0.47262315547835926	1.2241813868315383	0.8081000369589597	0.42533650117638827	0.7092402864384068	0.37790569199570534
PQBP1	0.4658794869358308	0.7488513514898413	1.0668077958222222	0.934851422964788	0.5791259532911451	0.7526662847042354	0.6608727976817069	0.7171067112453815
PRPF6	0.5333028813140276	0.8449600031896372	1.0161759254316314	1.133684673782531	0.5976258200851087	0.8871791839444829	0.9731816946714582	0.7348506003671663
CAND1	0.6563142818183104	0.6458376766172669	0.6313352346970926	0.16684390751010386	0.9250885400426074	0.33548760190330856	0.25169868146280666	0.38073922951080297
KHNYN	0.23276921504846065	0.49942001768389727	0.1573081811062484	0.9954226314654155	0.19626808715034058	0.8050645003336556	0.6892892849453128	0.06810872212890495
MED19	0.526775873290821	0.3660823066538908	0.4702484166550168	0.5808495847240815	0.3588513202159672	0.3383734071720583	0.6384607692500275	0.2852585760990776
UNC50	0.6809833085495229	0.43299765687777786	0.19249767044225383	0.5811268435792705	0.5970741333211924	0.5567639712550929	0.5754591190181658	0.5121852973917188
ZC3HAV1	0.28943978609710763	0.20026955059640122	0.20908442649332634	0.5456040540046212	0.35315893008526705	0.40876931435584934	0.49670212445338363	0.44628524373495954
RAI14	1.3020439938560293	0.1295505137255636	0.5105750190859452	0.21030791067777146	0.17896885973728505	5.2577790437559386e-14	1.1371296731395988	0.6972611075712034
PCGF1	0.19820248216876632	0.3258890658156046	0.44903985841924665	0.39238689211615596	0.2481681792283874	0.30692347849732676	0.2767140542860768	0.3450210541393301
TMEM117	0.17341510057019674	0.13005393638539292	0.02338056967281058	0.09911316495421225	0.042537340673449255	0.230806354292301	1.4620911698393548e-05	0.09409207877044302
PIGW	0.12481966603817869	0.3588353150398394	0.7515795559632652	0.003473675244116499	0.3740258151494945	0.3875891727194164	0.2562758056714079	0.5544251565542959
TCEB2	0.9190212121929896	0.9154912045587839	1.1255547255467473	1.0876838570783576	0.9230155011453408	1.005420151711737	0.9085314794731646	0.9306270927608005
CHMP5	0.9657632432910253	0.7911715459314697	0.610839974590816	0.7595240428299471	0.9444945992573852	0.7209283145605203	0.9202596887252166	0.6757471647278117
TSR2	0.5801127236044317	0.873027209623634	0.931859657490156	1.1248735617512344	0.5203725058604218	0.6985349893220865	0.7598673677910237	0.6372487755488367
URB2	0.01336721213131303	0.3982949362337384	0.6485078961726516	0.1370458344657976	0.155949156807207	0.24703855555915363	8.55270386257854e-09	0.2117231598085036
LMNA	0.7880146063480218	0.07270598299893526	0.6979452764808318	1.3971045519568888	0.6194630168872524	1.1192606633143556	0.9785523174928115	1.2918335148175746
PAN2	0.15569626386327856	0.9926363442530328	0.0010458219087669208	0.4137797962000154	0.38127827042444257	0.43860997306501803	0.34364370188393817	1.4993164467711796e-11
DARS	0.8556001576782691	0.657578602980385	0.9549907226582799	0.47595828878869484	0.8022157247261801	0.8263579504333797	0.8247307499039986	0.8386239969882042
STARD7	0.7564220393084279	0.899986062679209	1.0685201990043636	0.945236305582063	0.8528917902622828	0.9453493534746261	0.6685003105018288	0.85167495344144
ZC3H18	0.21151115202928467	0.7677098099145515	0.835006103714579	0.9407538665965166	0.05248288132105734	0.7272242507573553	0.6441277723295908	0.3662452842468597
KLHDC7B	9.63141988257939e-10	0.03257684072328651	2.569312174102053e-15	0.06592467710167102	0.017922216845344577	0.06387318836840579	0.25701915030295325	2.887054301820188e-21
TRNAU1AP	0.19378976438549067	0.1245421728404215	0.2698145829869558	0.08948713347802445	0.319753316758512	9.041742333739387e-05	0.21961057274571424	0.16769201174190473
EIF2B5	0.17133609853089268	0.6723654465608946	0.6036729761679906	0.7112323157889836	0.5377503033808726	0.7277982530710646	0.47927575145142515	0.641047179190623
PRRC2C	0.5617965694197121	0.929251140215622	0.8896920458595527	0.9589754428295922	0.46946071789876753	0.8836596376182173	0.7273850204928431	0.5345817238220579
MYL6	0.9548572861158277	0.8508392322764239	1.113909690097329	1.0967806167387828	0.9375005498430107	0.9474009593556244	0.9296041100124465	0.8994372445523696
PDS5A	0.6694467633810873	0.6191184503637139	0.8880208856867103	0.38772250634345623	0.8645496108259472	0.6249145416261337	0.4053130369149652	0.47244634934620483
TUBB2A	1.0828110440900318	1.3380225893723896	0.6990358395289096	0.7146054310162538	7.283500182560188e-11	0.006078274970399715	0.7332530920948047	0.7113850056205541
SMC5	0.5709930075990057	0.5701004353729235	0.2766189317620047	2.1690450913692032e-10	0.40869872482275443	0.5175670645276178	0.5164930921280647	0.2284280543017977
CEBPG	0.7205822266124257	0.7880784683749044	0.5431690652739006	0.16727176772322885	1.039509618495	0.7424855308261521	0.45183045674022476	1.8401669248102593e-07
GAS2L2	0.010495235266086688	0.037224319790737335	0.02263836054470627	0.027450120864444268	0.02954776164526579	0.04228985625220803	0.017649929181269196	6.051372089399032e-07
LSM11	0.11160862019893938	0.13819949513539218	0.18594493690000694	0.03574837478988743	0.08968186057462306	0.11955531990079743	0.055540959330507816	0.07486545896244416
ORC3	0.6492256696796832	0.2915239965225025	0.6460630319731431	2.2071421532596074e-17	0.6121912779117398	0.1387735124615573	0.33185741988224815	0.2805256903780353
SRP72	0.9104007678814358	0.5938787268152034	1.0282782907490733	0.5911627389152032	0.9331246607510333	0.7161683496266171	0.5861926171382809	0.7356982108328536
MRPL50	0.341668589950001	0.2951308986914846	0.6533818671090517	0.0050371472683129505	0.40796070796712586	0.6243452131908114	0.14258554982149152	0.42799386755106106
MINOS1	0.4338877599343933	0.1896833194506533	0.650893858679549	0.5742669106241622	0.581069370053354	0.47493172387710036	0.14699575723691455	0.8995220427530319
GLP1R	0.011605221420141323	0.0669769388318169	0.009624845483800359	7.16437521809694e-08	0.03025714005131323	0.006275872470198909	0.0260299943621956	2.713836020778232e-21
TFRC	0.7457188188178082	0.7491172352783575	1.0578435672431086	0.9167562789437863	0.9254976057931186	0.9668769429357854	0.8442307556680392	0.9714036442251497
INPP5K	0.31577369833100366	0.33253186947490854	0.04230491374689135	0.4577645084135279	0.2743648877082648	0.23104916382439628	0.2761648508201913	0.21954104192671164
FAM50A	0.8580907151276639	0.8361216742648235	0.8204797270086961	1.1180601952479097	0.7335157090593458	0.5879811141883631	0.8989244839831506	0.7985434548134068
FBXL18	0.005695159683285274	0.135073533604363	0.21327969246980827	0.45216861203468234	0.02751689719578317	0.1319497961637608	0.23799741892449636	0.10770877437106778
PSENEN	0.7804919829281525	0.54598221086932	0.8397174284883782	1.0042735734203716	1.1668331203765245	0.6769074100916416	0.6696224576643056	0.7704640959190611
SMARCB1	0.5102985499786391	0.8888107991233224	1.088857343160995	1.0310092787720093	0.483507157431726	0.7433268914007657	0.7369239607602764	0.6206400183133498
USP18	4.645092180859845e-21	0.3416327574748101	0.0214638039515511	0.3250443471717053	0.541476012131807	7.856411809737955e-21	0.3699358527639469	0.04961440852650874
FECH	0.3853094679322791	0.5554349306484236	0.49128921370611917	0.5764198729541871	0.5297426878355945	0.011327280949450754	3.5589784189081756e-21	0.1861789670525619
VTI1B	0.871283954985364	0.5745606013206195	1.0320065504205758	0.890562463368261	0.843850188023725	0.8264414442571846	0.8032950036319262	0.7925485420562166
SDHA	0.6736899340956988	0.8390160867260353	1.005556608311961	1.1247796272242865	0.7274314158708833	0.977689204731758	0.8835308472747919	0.836194854293632
DDI2	0.02616301294629092	0.32248965892032444	0.3559454919856603	0.3259653971393542	0.2067940634350713	0.4228744485446983	0.09997170355023155	0.13353387492763338
TUBGCP4	0.095407991421314	0.49950622165311165	0.5643394688494716	0.33058303256921223	0.16044957169564666	0.46818189053607345	0.20019499609914032	0.1983666244108152
EID2	0.3719482532756897	0.3423463025535539	0.5910071657770742	0.4399902330484462	0.46532941678081613	0.0030619410660067507	0.14706708040368915	0.09699338985930332
COX4I1	0.7373760823578266	0.744528448468563	0.9941694304863975	1.0227461204445272	0.8369999380389028	1.0080755670609467	0.7297411168300221	0.8757204602586529
PRPF40A	0.7443593801163533	0.5666891603488299	0.8645194510544243	0.13673872468300646	0.8370905989591404	0.7000221669779904	0.5075480364955206	0.5850488509514117
RPN2	0.9116322884462108	0.9202089032157947	1.094217369265144	1.0880105843327716	0.887266511679523	0.9945849100470734	0.9412683443979617	0.9321716290494863
MDH2	0.753633314998021	0.8781742146548145	1.0911813738691425	1.0947883985458156	0.7961464184794206	1.0389423244361708	0.759297409041046	0.9299680229403112
EWSR1	0.8588558149870573	0.9353968565501205	1.1403632301709103	1.0445459952946512	0.8580294597668194	0.986312521232551	0.9046393508814514	0.885561414586185
KEAP1	0.650563611617644	0.7810960573357881	0.8493498155291177	0.932820621201358	0.3894811302156264	0.8927605117329342	0.6469303891281348	0.5773688641708076
GPATCH8	0.4034568150467232	0.839460532444375	0.40466322026163015	0.5811661146997253	0.17368692840670985	0.5269726069074083	0.5761933751990638	0.15577066746593596
WDR7	0.15767813650622567	0.25931574626265974	0.08638373768988551	0.09392465998148915	0.09772639539566316	0.06862683799372991	0.02731094399731404	0.04241061530326801
RPIA	0.24615291065798167	0.4365925064650527	1.212221836897628	0.15314957220748643	0.5030171510425472	0.7986540615236261	0.2862068329544922	0.5919164611162414
OCRL	0.6523086174281149	0.6451092609351834	0.27682264885249	0.5425739410819787	0.5070089350485542	0.3388458181912214	0.4085906518851241	0.12110428002632102
SEH1L	0.557358630319867	0.434200613389308	1.2591095947557196	1.6354213999708975e-05	0.7816155734279768	0.5572614179328566	0.30185483787601336	0.5570042322702101
AZI2	0.8435665609935387	0.3381062352894787	0.3925087575116004	0.19705026241467424	0.37753537980131346	0.32645428365137746	0.239152970091188	0.4728366017497093
PIGS	0.5877213508578886	0.8224883880302325	0.5661096336396071	1.268992461637802	0.5175795364220506	0.6307903676849453	0.7936440950419542	0.5219167797825376
PGLYRP1	0.0323722369689035	0.06016747174474683	0.052362067705775714	0.04284900233680831	0.029109648332911884	0.06455716212781733	0.011384095676585448	0.026208985288685076
PISD	0.1900878989247705	0.19299577159003928	0.18515700479635763	0.5696062748795373	0.215784119883941	0.25083734231489446	0.5164906924464499	0.17592817272992956
HDAC1	0.544304739465947	0.690420996506957	1.087527831425078	0.8555238954164309	0.7848380852134084	0.9202588622927567	0.8522882739381894	0.8437570407585402
NADK	0.24596573333443036	0.42971908568416434	0.5134445938699507	0.8572509654763045	0.5265688479659827	0.5425994974834464	0.2493177592819286	0.296225549307333
METTL3	0.4048283486504948	0.6137540595505012	1.1053588276341257	0.5884518907309583	0.37256719991082027	0.5361097410151786	0.5928484772062478	0.4926732650947561
LSM10	0.5110461766141222	0.14733281948645446	0.8649391877881634	0.7744587130813223	0.5422272905205746	0.25420466510150663	0.022283949787058027	0.9690761929230274
MTA1	0.306211852259975	0.7418014759574032	1.1401895884202726	0.7558634371898862	0.5560902757159408	0.731725914908329	0.5587459791649314	0.1688987427858697
METAP1	0.6359961112859343	0.36609275631976773	0.8983320243438945	0.31516527291238244	0.6773608817180661	0.7479765119320685	0.49763669798090654	0.544823229358259
GNL2	0.5518701406852283	0.4806976897234053	0.9292241783117582	0.19788833308289705	0.5628704593907303	0.34267824533030805	0.5023102783022558	0.5760427739713803
COPA	0.8913906105652347	0.9402629845256527	0.8875060512634445	1.1447890384501425	0.7540472242351365	0.9199211349883999	0.8864375220753791	0.8282525532707835
PUM1	0.5647501489265545	0.857628717743197	0.597369251534131	0.6846611697721787	0.46986898280334277	0.7045269375775653	0.6687685527890106	0.19574865496251112
PDCD6IP	0.9220697526518234	0.3681043106559083	0.5727665320535523	0.586274484799887	0.4353226094055901	0.868857839045187	0.4858464751781128	0.6715063993591365
CALHM1	0.034282683266546585	0.05843325880662984	0.02651306072124422	0.013003692907778974	0.044217275270308026	0.014073079223360055	0.010874801200354544	0.01988636672103063
RBMS1	0.9725125871709942	0.05394315514612539	0.42552430242916434	0.514503781891421	0.1028069329558585	1.8787187241626793e-10	1.006334369601184	0.6639915497689426
MRPL15	0.78910361025711	0.6484019927448795	1.0972563975261098	0.609110534542518	1.019660877627387	0.8146457283169444	0.6772331203518439	0.9659115975574947
BRAT1	6.311865759707457e-05	0.7052790615632198	0.7101304692907798	1.1064041176238741	0.24251101203968448	0.6591878131022071	0.4300028668685632	0.6368795409939302
SACM1L	0.6912501575081755	0.3986125854992469	0.31980729827722437	0.17227953442392477	0.3929462765043984	0.5787178699334881	0.006676124839402512	0.6401807560686092
SLC25A22	0.14582933505072418	0.43368812545839147	0.6434419216798051	0.5149661788455006	0.0636473378524157	0.4153341326081431	0.4243720652698462	0.2544329878863727
ATMIN	0.43519141982641113	0.4792320420338413	0.35118975493862054	0.5047947575903047	0.5943802578237205	0.3720354273911596	0.31927698129746174	0.11217313619811468
TBX1	5.866708748480122e-13	0.06186207493735911	0.29795958125284405	0.17613480555255837	0.06249360959677342	1.701441547858318e-15	1.2430117456105126e-20	1.1986551873401764e-21
ILK	1.0365800125711548	0.5193043156139889	0.5800586522552768	0.9758146513365021	0.25593395339623676	0.5568465894610497	1.0031080609717111	0.7252684287497891
LIPT1	0.030928428951077187	0.058006579927455455	0.07871736107965369	0.05043069750463888	0.058832926961762726	0.0668843169719099	0.027833383566009305	0.05040921009838447
ATP1B3	0.8545853808336861	0.6859842832004773	1.0513294864768832	0.8335820817448617	0.6417307694611358	1.0556578712878186	0.8801334647793507	1.017625386684074
AHCY	0.657073812710758	0.8584036460967882	1.2401721624665534	0.9952775475698454	0.843877934561959	0.9870106809847247	0.8662845641294433	0.9051390165540396
VMP1	0.9039167351600392	0.5610720713449417	0.9119001171631105	0.9120933953618726	0.9246013671261213	0.9049438863563599	0.8623043476052781	0.9854550413831197
PPP2R4	0.5668045337359177	0.5931450150017031	0.7425312713227972	1.2497276051288562	0.4724709028583887	0.7907327900698443	0.5956098962894565	0.6803704672306755
TSC1	0.35346975617009363	0.3753613912263558	0.05659007921017919	0.2501538895670376	0.16126556418025662	0.30499820241648495	0.2405200964363543	3.3912899178153096e-14
COG4	0.5093823675649529	0.7255761470792836	0.6565704543624772	1.0303047901952638	0.4811029754823804	0.6514208704895679	0.746975143376928	0.49691520036064896
URM1	0.4930251999907282	0.5848505628175442	0.5662437614478405	0.8307196707417747	0.21002894135831796	0.7488010617187626	0.5003959074785599	0.739464604543471
LIPT2	0.04212627567992713	0.11092268262887364	0.10142781350870958	0.08114724237664797	0.1697031982711858	0.13634423836744403	0.02675635651242575	0.05337910246794988
NOA1	0.366227695911616	0.3123347084652744	0.6191801491870081	0.39064973573395273	0.835968788492022	0.7143596878284196	0.19614626782412584	0.26794470829248457
POLD1	5.48336916976605e-09	0.5951960021445971	1.4662308251968785	0.6748563454232661	0.34699515733306596	0.40816060201869525	0.543598168112891	0.5466401624229693
MTX1	0.1547736767470495	0.27162882082917383	0.7332294488616552	0.9623156445204866	0.6924060062319523	0.19844583004842112	0.20036068440081958	0.5216187984590067
ATPAF2	0.0847991392141093	0.14857723742090567	0.2761314110861497	0.3068414144127699	0.18356549534692618	0.22402094441779463	0.032267318627025046	0.11673236924208534
DAP	0.9621229154699491	0.6512526591351797	0.7089271116299675	1.034008974279392	0.7911433929515188	0.8474481654898588	0.9267866371288513	0.8120893536945282
TERT	9.57417906255246e-05	0.12515382228844021	0.18414585424507757	4.152573648989374e-05	0.06368629101794819	0.05692687787310544	0.023482521488615026	0.07736808395279023
PCNP	0.9675716152577792	0.9116781115337653	0.930480625224199	0.715773770691563	0.9084120846914921	0.8997338139971885	0.8012659452824129	0.8405499381700435
YAP1	1.0028377616190933	1.1538601815388556e-21	0.3837479387582419	0.952774320248312	0.006779198450709971	1.206241203757552	1.119013113510045	0.7076947316196412
CDC20	0.45993247097579054	0.61210967914343	1.57506053887635	0.8028456737358924	0.7184279187575079	0.7005330668851554	1.0092818650469801	1.0291460831207122
RPS28	0.8943915142698676	0.9048151028288816	1.1361309719615411	1.0645233026098402	0.8820527432468773	1.0271255296570694	0.8848716899737368	0.9290226977216799
DOLK	0.3763539974403687	0.27251471112014086	0.46827021850630446	1.020443353964206	0.06021742039675097	0.5469424349009487	0.46392459159040295	0.33146982466145525
C1QL2	0.015979040254904275	0.04947111329477222	0.01054805173178429	0.007782638812110046	0.029482965008796796	1.2823206359040006e-08	0.00930265160318565	2.1751509283777244e-14
B4GALT5	0.5155300459283536	0.9073578271457253	0.6748510658872813	0.7710867006972483	0.3258607583039326	0.8767984155695475	1.1758825968616757	0.685181960641819
VRK1	0.13237720119270788	0.3096809234937455	1.4183477080609852	2.342414690635311e-13	0.5872255819399048	0.33238670811618176	0.42795339780596936	0.4625223790202723
GFM1	0.22401439399656833	0.2954057655430876	0.5223355446067677	0.3302569159925776	0.610064661818659	0.6611078201382037	0.2272863765213043	0.734586197271104
SIRT7	0.07483846003006148	0.13830181346812617	0.42610552088817877	0.7676476175147862	0.7240862711398492	0.5869206064623909	0.5765530153683447	0.3740004444090367
IL18RAP	0.013874941704932822	0.0001583718925732886	0.02100570444446839	0.008345428600620491	0.016123330001581136	0.01169092213291947	0.036615693989231556	0.020091982430671906
RAD51D	0.13337040331718966	0.2553393325146408	0.28206795166768805	0.24191101759947276	0.16464138544868662	0.18901780179124658	0.07131666955811662	0.2811969226278038
PPP2R1A	0.8144936089568832	0.9077937144997514	0.9859277910857227	1.1348797324953763	0.6564537011048959	0.8648183449414549	0.7706193850950227	0.6999862560237239
PHF23	0.5876102212165699	0.4013818334164837	0.7206792048356512	0.8304373828811638	0.12920240352209333	0.472804387499473	0.21815319318041088	0.682003109568909
TPSG1	0.011176988860874907	0.05565286980261354	0.017876333664517668	0.053675458860992384	0.014891552317116979	0.04344883477623049	1.9949720984707204e-21	0.0074393985964998155
BABAM1	0.7956753905573059	0.7286483192755105	1.0175783873351505	1.0220611278269405	0.7110498549803954	0.7113240814649157	0.7872429691393328	0.8472121997557959
KLF3	0.29819353340430166	0.31817144221867094	1.2181506784271885e-08	0.23107953521203634	0.4952205729423112	1.0645504404803239	0.4697696136574298	0.08162549937239391
NIPA2	0.6465707953520113	0.5924112614124778	0.8115372548599774	0.8168826096920395	0.4581616789536916	0.8749771201607156	0.6421428073616746	0.9054370328111789
AURKB	0.2139212796191454	0.6720751393821013	1.6375002171695405	0.6166644442846365	0.477712781502183	0.6247422992229591	0.9554422015199185	1.0106838094912007
PSEN1	0.358706817006949	0.2601310089533504	0.03589750788969812	0.3686045138534204	0.4534009059137349	0.4642052884827336	0.5369156924337093	8.951369041718033e-12
RMND5A	0.049032751891892185	0.7486007246742459	0.484540723599224	0.20525841414976917	0.746652022160794	0.6414653200699053	4.733632453915724e-05	3.875341059261309e-06
WWTR1	0.7165909708000743	2.9455354555477166e-21	7.368611037080293e-09	0.476908020499946	4.951272467627889e-16	2.5003105046862024e-10	0.8545013936808179	1.2843489667022914
SPRR2F	3.194074240539102e-21	0.012304805507830785	1.1052952383217534e-16	1.2767799159170223e-06	0.023467319949077598	0.06298154289156786	0.07027049386757388	0.012285252246838987
NFRKB	0.09424617178876342	0.43759134364514424	0.45998895896122044	0.3079645989122991	0.3445045995736212	0.417165550542164	0.37886917768181155	4.1167131808441265e-05
CBR3	0.13042613625716132	0.10031931349644893	1.352327317118745e-10	0.6372312870370601	0.10126036973430817	0.037180724581508846	3.0075479850630106e-07	1.0718160682931517
EFNB1	0.3429687203950356	0.29682155426531504	0.10107534085057031	0.08798092247796997	2.605700748602436e-21	1.390863179622771	0.637055018251259	4.686564139444812e-21
RAB35	0.5107544794763466	0.46555671247092545	0.6930793735167894	0.7749691640159363	0.390490291238541	0.6591357694777251	0.49052435892122165	0.5988735900275266
PIK3C3	0.42413786100332435	0.42097621347189507	4.8768793028371815e-11	0.06267466407351702	0.18559604955901302	0.11541494804369043	0.09013632496343663	0.10699275664461569
ASNA1	0.8151736583943865	0.76995615478179	1.0205506568397638	1.0963906229093943	0.7317199811324334	0.8159208947458997	0.7329647828057249	0.9146688317220644
WDR45	0.38196312230164414	0.1912676022031103	2.553731787586611e-06	0.2660825632765339	0.25388675597927507	0.2818624048342013	0.05274470859821457	0.172655027806888
PPP1R14A	0.554517832118624	1.7366551770377886e-21	0.39714531907070566	3.0735862294702963e-21	0.11002389601045885	1.317281543794334e-21	2.0021975520045392e-21	1.1233114819614905e-21
PPP1R2	0.7022332071267956	0.4842483327104799	0.2648907443574549	0.16542542782622532	0.930818014917403	0.6752539271532307	0.39916644262841866	0.5250953114159017
SERBP1	0.8586910866409021	0.8116444063204243	1.2500498549670525	0.7288663772901272	0.8267407675900106	0.9196318747672968	0.7718207486963364	0.8787901875562565
SLC4A7	0.9481330687662142	0.2010941343241913	0.3308767447509881	0.03989216043764013	0.013236964557305265	0.19030754597795752	0.24730558110885312	0.5021204839276469
PAX3	5.547166905361988e-21	0.09117904256896713	9.879914980445062e-21	0.03196547777276234	1.5992432963177555e-21	0.012191886643454577	1.1165535939446425e-15	0.25827774762323724
DIS3	0.7178750361604549	0.6588245688115817	0.4929957798154016	0.09638961877245351	0.39666851435449746	1.0277868236433985	0.5157312212817895	0.5561740089977191
PRRC2A	0.6489546722698789	1.0185697187267524	1.1193904458576651	1.191217098648883	0.4542070176603773	0.8698351249922873	0.915926145875306	0.5926328787721392
ATP13A1	0.3464865391164433	0.7160118032142433	0.6357481584741068	1.0911702698269015	0.20408911072957023	0.7528240669916195	0.3018270819904793	0.4530817174918364
PIGX	0.2029261010191141	0.3802561868049973	0.15297738707612116	0.2722314209144406	0.6671915183086066	0.18958950708193245	0.08718820256191501	0.344741491485548
COL6A6	0.05801464326010928	0.06292495109969354	0.010586603867063235	0.013763086128033215	8.552766955842106e-07	0.03616570526314544	0.005972906130948475	0.0001036538572155916
CDS2	0.24122006504376553	0.5017408195825358	0.05879295685465816	0.3488054714402386	0.13747117254998004	0.18770680640058354	0.35779294180446447	0.17549300315102903
PRRC2B	0.5456060540265523	1.1436788016795671	0.7871578070039534	1.0565291830385206	0.2362834660578786	0.8052026488779102	0.8352956757140131	0.08670898387012844
PIAS1	0.20651040193710488	0.37934479788590164	0.25554155329314665	0.3199273272247673	0.18183084129603824	0.3316089479437519	0.2397381584464247	0.04736097000595848
EXOSC5	0.12825217409680909	0.5826415472790616	1.197290914181294	0.5230562446395114	0.7507156916225113	0.6573945923395449	0.43148012839773864	0.7526519380325208
SLC25A29	0.007970337882786912	0.25393239179499205	0.11853121556523387	0.26411027500177786	0.19478389367163113	0.06306556680023927	5.227988863837775e-16	5.750888146650687e-20
RNF114	0.5881841374484881	0.7686359086600324	0.7661772790193974	0.9821290976346757	0.7925127813106296	0.8213060273277379	0.8442683856039246	0.7718404712302109
RPE	0.5916811977005698	0.3846228052489726	0.9331337056334726	0.6261679734177404	0.5962216626878712	0.597562965034385	0.6353310759087696	0.8219184900735952
UXT	0.7835632021269258	0.6396458245990723	0.7782765513450279	0.8199851694763761	0.7520605836994451	0.8949517425146847	0.49732187806460176	0.8104346692916969
SYNPO	0.7242813532417527	0.021802028391309698	4.20159840795907e-21	0.383620469429633	1.4972501254265016e-16	0.029521418567537053	0.4571028604878697	0.002198535675465319
NUDC	0.681858773942217	0.7668035267471768	1.2428970923994744	0.9008623859703176	0.6124399908038987	0.8747108665490845	0.8195032042003256	0.9412956947128754
RNASEH2A	0.442703056477701	0.7971053511527837	1.4309972217248137	0.8252088993529798	0.6986245204513098	0.5272602995630284	0.7499358640892878	0.8736329265869933
MRPL47	0.8244255970930554	0.6928780519526828	1.1375758166903707	0.6796874998597741	1.0251392502843084	0.8645401938707794	0.7416085465012378	0.9578976779365943
DUSP23	2.750661460570592e-19	0.16869759060260864	2.787985891338594e-15	1.1256602038248722	1.794122459563294	3.910995239912528e-07	3.663764824813679e-08	1.0251261494110329
PLEKHA5	0.08453686679636294	0.26191442017205857	0.042191925313297136	5.558467094800302e-16	0.20804609599415974	0.19312709464265873	0.20406088649594034	0.3286455918351109
MESDC1	1.1613695774575349e-15	0.4482184192684555	0.3430851495858525	0.4486354649793145	0.03321731294678038	0.6877950633064821	0.1508953817257144	0.5947865522633162
D2HGDH	9.424570949827006e-07	0.22434180467302878	0.06281115747652369	0.5118428738992604	0.14376458022818814	0.39420757474590806	0.06369118439380343	0.05905885001320414
OGT	0.9019129096918043	0.9281244680772396	0.7067759277371523	0.5560899848196886	0.7837444543734164	0.9571642592347883	0.8590072031258171	0.38434976924550635
DIDO1	0.14650516969167615	0.5952548360623472	0.3465148486895869	0.4697659918918286	0.233655155100742	0.4615991759936097	0.4414198617148046	0.12904018365552114
SDHB	0.6236230356093967	0.35324230314062505	1.0832455827135572	0.6568776587588627	0.8681384501907818	0.8268836841052895	0.4740517150989654	1.1015429677379807
CHMP4C	1.6874775863400846e-21	3.4548477375644576e-21	2.7299079053777915e-21	2.4206553584676696e-21	1.9855128569206124	0.49144771961353634	0.4042648003870511	2.1339703583941943e-21
NT5C	0.5306149930538631	0.5133460282953863	0.7831204662249666	0.6199357222179548	0.5610734743617448	0.9356187670447322	0.5408800654111586	0.6978568299494391
RASAL1	4.0135446759306804e-21	0.11275102637208126	3.295787071299602e-21	0.06124581263010785	0.4339509250476157	0.08128669339614053	1.2840746140629094e-20	0.012957133059582309
LRP12	0.9177408882635881	0.5484515534693333	4.489308877799018e-18	0.1384269812940746	1.8040246923800403e-09	5.827894719600433e-17	0.36476613298459365	0.7108169897870933
INTS8	0.4592863705877106	0.3672191441185122	0.7233957944464393	0.13755708462937521	1.002824796922036	0.363088693775606	0.23094165458841828	0.41924800935417084
RNF168	0.13333757960762416	0.5055336480479228	0.38514522100182674	0.20702713854249383	0.46019128524141395	0.34239136216810434	0.2919180571862904	0.07333606037918967
ATP2B1	0.9704661271982395	0.45760562893049184	0.3868322007180341	0.43124413028769804	0.34424975951938425	0.6199192221901579	0.15971574430083335	0.36147993603754414
ARIH1	0.5480356968821682	0.5567460793310498	0.26472306272787016	0.5653392066712725	0.40943360250842803	0.7138919388253245	0.3603653217252143	0.3371040375602175
RRM2B	0.88149102728476	0.30636016195480015	6.106115095974518e-19	0.2140030667961895	0.7415050766571185	0.1265146050256605	1.1036142618469264e-13	0.4228640551378403
TAF6L	0.004454337421438238	0.4509956553258929	0.5505748070716822	0.5359945153079471	0.1314208464790137	0.3109534020117442	0.2275262983765938	0.2013287324508698
RPF2	0.6682861255395308	0.17320694907740222	1.1898433151722059	4.852505804749906e-11	0.6432673809445727	0.628941611259799	0.31966392488118056	0.9243968577050988
TFAP2A	1.986162430705803e-21	0.07468472937282604	0.009747467635007166	0.6437722793463216	0.5702961432181096	4.649348846138983e-21	0.3358169013605092	0.4795226398459219
BDP1	0.34623841906382813	0.3982937992090126	0.3575285412716638	3.2958110533956944e-06	0.3899911265688732	0.27443271808826325	0.12216516948881659	0.12088278149824604
GNAL	0.015629603784527414	0.04706928269965171	0.13349187528005188	0.06855777100224489	0.08887085000597209	0.029529223649088106	6.641821928424465e-14	0.06812753907818606
RAD51C	0.22446015463171917	0.3965979834591227	0.7963793756967105	0.06747607640776222	0.6035893795352809	3.342609823720283e-11	1.0870145107371686e-05	0.5688839504313474
SIN3A	0.06178990136637265	0.5142531517397173	0.49418643736186024	0.4828057117796928	0.02914534803499518	0.3547569375064326	0.3357305201834475	0.05256944943774158
COG2	0.04809621942218257	0.17024048049970542	0.17740058918116638	0.15872238330058222	0.29505073728058345	0.16578178496421078	2.16326468837713e-10	0.10351518782700153
TSPO	0.901473924363457	0.27312349890917825	0.7011697844368545	0.9815212660246795	0.7194316840824905	1.1482313205488066	0.7715865737989467	1.2919719278138022
RNF32	0.05174333979097785	0.08557104754982613	0.08074157152681145	0.04224374421278281	0.1211146269680946	0.09819712660861002	0.021425349905154042	0.052463902751064016
RPAP1	0.0050388352163091964	0.3271494663669424	0.4456627752299955	0.47149851473976345	4.357453802611934e-09	0.37185249502516976	0.10353085286263408	0.27125390708763625
TAF1C	0.0653436558680697	0.5407955446304507	0.3965057789873066	0.7130933300178038	0.11469474498042403	0.3305760427539005	0.39163660616894547	0.35410169720167445
KLF11	0.16233252310662963	0.3244554016359023	0.0847324403530455	0.23390585487916887	0.5062950015716404	0.034711484222972995	0.12212715418765503	0.07656331839618728
RAF1	0.7971785184142599	0.7691740133806206	1.0405589717673382	0.945426763751831	0.4351582952744247	0.6817980085201956	0.6203485550264061	0.5778900009309115
EAPP	0.5664866777991378	0.4854639247956428	0.3896597542439661	0.6414468492425218	0.8794254282250146	0.6092121330750094	0.48141117104109027	0.18711762752077926
NAA15	0.4254325840836285	0.16203618401179853	0.9267854853935766	4.275185682658804e-05	0.5103224359596533	0.34007942278743625	0.10675967273177198	0.5188901374966667
ACTA2	1.3181411092952793	0.04036364502841196	3.230657169175456e-21	0.24790675558370653	2.545097361331622e-21	0.07931584067876958	1.0520267170988742e-20	7.735728704421155e-07
METTL1	0.18997095563325175	0.004735016462386697	0.871129827790212	0.35314111495689854	0.49544847152754934	0.29681407284105144	0.1573974682264062	0.6422363883452511
BCL2	0.08829173729485486	0.5644427379384562	1.2393105244236639e-10	8.220952927566656e-17	0.17819643758612233	4.612939180726635e-11	0.00890650458017592	8.17545036315079e-05
DAXX	0.48107478251144575	0.8116753797748265	0.9692646213828734	0.8305599583052096	0.3365440622444584	0.4733139417416761	0.7363788494591729	0.5225121704305383
LMF1	0.11529901658784507	0.09338973603889404	2.975742275910069e-12	0.23393974628674213	0.06951719054030783	0.14937569975427817	3.3921638915469895e-08	0.03417173967159641
TUBGCP2	0.4310789585645562	0.24175276935439813	0.6380114408928987	0.7662466024003631	0.3845835620513411	0.45288599412094915	0.38898487347097993	0.3242143688739361
NCAPH2	0.1664680442107805	0.6916042263134339	1.0503163555691772	0.6800944360817004	0.48021683205298954	0.29416353951843704	0.5233962375291826	0.7658196487721641
PITPNB	0.6473694158487189	0.587464011065473	0.87115730032286	0.47429714208484297	0.36215256645760846	0.6863608876443996	0.6652798686845198	0.7659273263767802
CKAP2	0.7362711095982597	0.733439752276017	1.0293507874669996	0.06977937932598492	0.6973765512037463	0.6167433576455557	0.5985910516624607	0.8097872197362436
DFFA	0.3904747548212866	0.2868120434617415	1.0868998782805237	0.26483371954196555	0.2671039776886635	0.443411292129046	0.23181794415609885	0.5063926521090507
CSNK2B	0.7426464814771107	0.7014459672346265	1.0742434470363371	0.8989742087838603	0.7635130661053466	0.8526601257392584	0.7760619901343334	0.8075167327904552
VGF	2.9354124065705464e-21	1.039577664167741	2.635302394116331e-21	9.08447374689947e-21	6.869925742619329e-21	0.0614910907359699	3.546525290797099e-21	0.38250517560360975
FAM43B	0.07836718824652866	0.042724672825142335	0.1008076713480204	0.012880592816234299	4.4651719889771225e-21	2.8465380456683957e-21	0.0023006256065921963	9.68511989037406e-21
RAC3	0.0004640416128190652	0.6730348772476414	1.1652744028466924	0.620999397930728	0.8895641642632447	4.7986134315230196e-21	0.11389048739210757	3.260871250830295e-08
TFDP1	0.6776825996614597	0.841229883352571	1.0987873284443954	0.7581151227208597	0.603700342812795	0.9855996023278204	0.7797055803480727	0.8076084299936819
NAA16	0.11782936519143633	0.32171031581369686	0.2719337666739482	7.919403278692638e-08	0.20485506671356601	0.2586227154737517	0.010776780441587783	0.04450635746757154
MIDN	0.40392068932340086	0.7190433600579891	0.29452678771024315	1.1034991073510065	0.30140562821912803	0.8249925268250647	0.6029191580938277	0.19618405380309772
PQLC3	0.49209397420409834	2.4071725041996084e-21	3.3093071760165864e-21	0.6031452510226212	0.6313001262099378	0.15457502744279517	1.858756397872808e-06	0.2649103921523664
MAD2L2	0.27745302567283736	0.5316273737251278	0.9126372455402963	0.44971975161298666	0.22658466697233695	1.6622530933051752e-13	0.35001775487759573	0.47582503344131666
CXXC1	0.3443346858513067	0.9316125084417467	0.6065829335446561	0.6544695156189961	0.32219529744594616	0.37357547332146135	0.16708455377693687	0.3040367754989073
BYSL	0.2966495917406225	0.3509776768577937	1.2972052348785952	0.5380952761996912	0.29714645629901765	0.48804137035841005	0.41773525852289217	0.7472096776153737
NLN	0.3906675138565832	0.0923371487918646	0.609949150168968	0.00021837932964272088	0.45950096498796617	0.14152167413279615	0.015822037883087166	0.23295294907323905
ICA1L	0.12019012879418994	0.2037570861538491	0.055187119041891004	0.018666448058190493	0.10185211398361416	0.024356494730963973	0.03606303099987769	0.00015225888915337
CCDC47	0.7449661016771051	0.7421910814457046	0.9258885755088864	0.9418012508869946	0.8396728755609503	0.9325837769292512	0.7327507837248884	0.8834266596583757
CYBRD1	1.3965755548659358	3.1695376684898986e-21	3.876375017137572e-21	0.6959064040913363	3.0633550143383254e-21	4.054624398888521e-21	0.3385558809748143	0.3376933738124306
PIGT	0.7821711319619996	0.8455879284305197	0.7880375468431942	1.2636029723570625	0.664742998591289	0.9003739309024071	0.998439098874518	0.8783812338358601
SRM	0.750836799623312	0.5723203931066253	1.4499488585636724	0.8632858482980041	0.4348369271796406	0.7006333954553119	0.3797345195672466	1.0702819733679845
PAX5	0.02780267468493046	0.2982683180276901	0.0040782747853214335	3.560449999239278e-21	0.05942178213602924	0.010311443880477592	0.03105234453293653	2.5944631539533184e-21
KIF18B	6.181257364344412e-05	0.6137757861696617	1.4283033015064703	0.4365361608657982	0.11114927540329904	0.1197450542798254	0.5709323766087179	0.5182980933791178
HSPA4	0.863558079904195	0.6429198248256556	1.1915568842848285	0.8071113964877157	0.7674696107674799	0.8546903111774611	0.6943229826150732	0.9357449192296986
LELP1	0.010159391027722795	0.004652294188664521	0.006556635057903872	0.006826172683291076	0.008148525931637037	0.013242424085367197	0.006659186868156748	0.012558401036190697
EIF5	0.8157738641176313	0.6726641246567786	1.055790777859021	0.5707896493601873	0.8674393924688822	0.8794331303960192	0.8168474280498791	0.7103446661679012
GNE	0.4611564446836677	0.4669542020951362	0.07650141171310919	0.2725489190272544	1.1991792022604341e-13	0.5311506495762374	0.3435084394718236	0.26433118855255766
CLTA	0.9479307284588793	0.7657340086079296	0.9907457705237159	0.9003822176824683	0.7337830024000249	0.9613633883978884	0.8523747793718122	0.8600982688467318
CACNG7	0.1803427941215289	0.1930273961838126	0.0934534318055826	1.841237072979957e-07	9.859641195645922e-22	1.6541450230531184e-21	0.003767505014894644	2.036755530974434e-21
RPS20	0.931021785810429	0.9136540402127411	1.1406255984950708	1.0134944657961902	0.9508450170164802	1.003137135852431	0.9126905426621293	0.9337714547715908
RAD9A	2.2828279473727275e-21	0.3475039384196008	0.32597595580811867	0.47241996782967166	0.43876635618480114	0.19367176824143126	0.5132526155542781	0.013118665698318802
WDR82	0.811099083522453	0.8608733623515595	1.0498684976650372	0.8086116740334244	0.2963139123456039	1.0011822755460413	0.5356508929193272	0.7199187169544685
CDK7	0.9207648458987864	0.0034630281538202694	0.5954304654092093	0.3305726494704276	0.8156983771386522	0.721218681459664	0.6660929135244453	0.6416504326909119
SCO2	0.3188184576555298	0.44571782891435086	0.6364921933395706	0.824909070635402	0.49090925246024036	0.5509680910550171	0.34711869120486305	0.7967443446159397
GEMIN5	0.1593873534482945	0.193305895553871	1.04368112843439	0.2311867603799369	0.03249912331811523	0.4017932070114939	0.08394191081202687	0.5217533620541168
VMA21	0.48932200029682466	0.33964192349746314	0.6259511326122992	0.06175216612820907	0.5861607253153063	0.2797714575082489	0.28833611978130136	0.6933013946450881
NUTF2	0.8094482672304295	0.6818878095012122	1.2027876964898996	0.906530321302734	0.702613094031763	0.8614995058604272	0.7439734676685223	0.7714573931384183
