Name	C0	C1	C2	C3
TBK1	0.2988446659726981	0.4505849398929223	0.4467711793074897	0.3996762636100493
ATG10	0.08369202494904471	0.0746145499790754	0.07763987114425334	0.11761784260255238
RNF31	0.43552035657401506	0.4435111268768367	0.5695193096901056	0.30293904404511646
UBE2N	0.582258246454184	0.5483681765467829	0.622389553578206	0.8582911377906485
CHMP3	0.5090006972399415	0.8382491053960786	0.7803489048496431	0.33258921399173547
TRAF2	0.18960305340173697	0.20882142494989028	0.5194533104977846	0.4717317401072337
SCAF4	0.6033561887458504	0.28758326251058347	0.4558355973982033	0.4755664060593124
STUB1	0.57273361229106	0.8846997281867949	0.8238865946575405	0.7472803075168323
BCL2L1	0.5118659084660336	0.9341232611731626	1.1349305660381135	0.5325456499359104
PSMG1	0.2997834841311759	0.39335468613288804	0.5232513042764211	1.061187452061458
EPG5	0.2354973900675016	0.5078294033288924	0.05149261987123534	1.9449275417545256e-06
ITGB5	4.59935717571838e-16	1.4067702757707548	0.8186963032658724	0.3714665850706052
DICER1	0.4636366031469669	0.20402529179588627	0.4519483330862096	0.21293340625515694
MCL1	0.7900456720180888	0.9997247203638776	1.0054118063527213	0.849003104614725
XYLT2	0.210656185351183	0.7185529827822049	0.39983866221238373	0.10907611177083919
IPPK	0.20188099076432545	0.2176523907079355	0.33590928769621925	0.25040513405844156
PCBP2	0.8422264736965803	0.9100060505088186	0.9952334888237597	0.938771419784336
PTPN2	0.16930253103842435	0.20809354053421183	0.653324115937374	0.6196676052441092
VPS13A	0.3095223759844395	0.21599603390208685	0.2333553913080295	5.752446368378511e-06
FITM2	0.2265487549516472	0.36840180939857575	0.2005278314761723	0.09065321462950582
IKBKG	0.07766742840483591	0.27196887456631824	0.1690495185410895	0.1517335089036978
RBCK1	0.5497570549130415	0.9794035156474774	0.9533643358857904	0.21686748044994633
CFLAR	0.08621985563249121	0.4355253329676343	0.3555557922624028	0.0022843164650878413
SETD1A	0.4400199196267569	0.14841107668311473	0.2852744831254656	0.2986430072617415
CHIC2	0.361182424756502	0.7109145747946223	0.29117750394011355	0.04431103490384899
TCEB1	0.5296463466213328	0.7907549546185411	0.7573941352790461	0.8685159873834492
RGP1	0.569527746223848	0.5405441257546454	0.4711896848424295	0.04763764195239259
TAB2	0.47337940243979065	0.7383087986255544	0.5407820702258707	0.27866185039165237
TMEM208	0.5335830639495569	0.8364472630971698	0.8839209759044138	0.7068829000190511
IST1	0.7529326002666898	0.7810396242120692	0.8885129456666265	0.5317862025340334
BAP1	0.5527028335760699	0.6422281675446573	0.46181995844883683	0.7317577230797971
UGP2	0.46073099689413605	0.9206622488998529	0.7775009645208173	0.6291805272927629
NCSTN	0.6663641143370879	1.1077657406258306	0.8092397267842208	0.3859145584846604
UBE2M	0.7747249668191467	0.8204159243639043	0.8457573462141242	0.923680211573311
KDSR	0.38004425669431574	0.6082081871243217	0.2942240923337167	0.10273291408011037
BIRC5	0.6160208652143284	0.5783013418484092	0.7576806045639268	1.3786446163889587
VPS4B	0.6550899896115064	0.7618579418621267	0.7066198319525889	0.24679627305071097
POLR1E	0.31097605146099877	0.35187107551588187	0.32491576917076914	0.9889607930037382
NPM1	0.849164255750255	1.0131481888228653	1.0757470616976041	1.0210599548207095
BARD1	0.1649454157982808	0.051149178408072614	0.1831449724788081	0.3036229879930405
GPATCH1	0.21774707609131655	0.11482125176500678	0.27176718463878125	0.22514730093324942
L3MBTL2	0.39772475770724497	0.28931527979963456	0.27612769043766583	0.4323550312150294
TFB2M	0.3246148258598701	0.3378931308132828	0.5752253752470518	0.8187525211587158
MRE11A	0.25828424681426615	0.16955918021891553	0.4927539948057901	0.6018656739309721
CENPO	0.38877331959462685	0.2720931732407222	0.25984662719530754	1.040972146982956
CMAS	0.5706317464103591	0.7030386672342147	0.8723657395382475	0.7488335682362185
MAPKAPK2	0.5288745004026644	0.9272192395821746	0.704908299785127	0.3601998588285491
SART3	0.646187170764147	0.3585643124352408	0.5736390018290978	0.666819840426448
KLF5	0.06464022435948037	0.15114730795232592	1.4569502652683455	6.575697690410533e-07
MAP3K7	0.36210961574272865	0.47450403645479217	0.24870305679636354	0.3058475646574413
UXS1	0.15539790084245897	0.8545546899692096	0.553972540361607	0.43941928058864255
NAA35	0.2827869587302395	0.30787876685793314	0.4804249137780673	0.3857953433693438
RAB5C	0.7344831940263837	1.0172337350224598	0.9835302862022637	0.8894798403505086
MRPS15	0.3263407588053911	0.4769589083674785	0.7328241055701928	0.9724326069218325
TSG101	0.5809658056653867	0.7825182055010766	0.7075496098243259	0.33209537421818125
ATG12	0.19151526342380373	0.4657215299070838	0.26143011944324107	0.20186001625238642
ATG3	0.23907471371417605	0.5300097810469623	0.5992121169613835	0.7022925526702296
PSMB8	0.05704283533997426	1.224493427517096	0.9564001017355019	0.14841938540142796
SOCS1	0.05721537919937276	0.1096875402692056	0.07582307862157196	0.06413356624442525
VDAC2	0.7445535579509579	0.9151995743815462	1.0100822395213314	0.9696455012637775
JMJD6	0.24402450993663333	0.3079116277925183	0.14645041905355366	0.3361621381806314
EI24	0.6850601666919124	0.7944834935021021	0.9596680766718562	0.912992849787888
MED24	0.6496739229578006	0.45834507145434955	0.5827512888888632	0.5786115352705327
SAMD4A	9.326724298784531e-05	0.15143842058323942	0.06611186193161285	0.07450970135507178
TMEM127	0.43067039433985627	0.9882637532841528	0.6659809563426851	0.05710038740814212
KDM5C	0.8899014619861157	0.6840021442443726	0.5477219969291337	0.29325195155341477
GLRX3	0.4715904902210779	0.7647332685722883	0.8811907890652259	1.0120408256391829
TNFAIP3	1.0543361416067851e-14	0.548380377951709	0.35037481545290095	0.030256720296575362
SRCAP	0.6866613880534668	0.3947165313601023	0.6486678706643437	0.335634601990046
PCBP1	0.8496573697010273	0.9937271897923105	1.0530228945714668	0.988325313589859
MED16	0.5917854263592052	0.5723102124446152	0.4458601360475397	0.3175953620298103
SETDB1	0.5964566178963683	0.160553167019296	0.35098511358240686	0.15337541905732405
RB1CC1	0.45754148716074977	0.5547638736742966	0.4446521509410472	0.17083574524898676
PSMB4	0.8492382166530539	1.0050987791137074	1.0614423073406523	1.014384201405055
DNTTIP1	0.3027580259123557	0.6315353506103597	0.7775127666777727	0.856050066649883
HUWE1	0.8203178715361092	0.7124467785877616	0.7367467400271872	0.5719917654481366
PRPF3	0.5228527829431049	0.3300997249937633	0.5129317649888779	0.5153555965129238
BECN1	0.5709085697356941	0.920326901796598	0.8125518188454575	0.5777604859828174
TNIP1	0.13178008155786927	1.0423232012630121	0.907946069147746	0.38518086372285376
RPL28	0.7564501522633073	0.9496695810404555	1.0289881965081178	0.9621289641569171
TAB1	0.4232185844120898	0.25884127927624834	0.2652708399917653	0.22131412623837032
PEX12	0.15247880251894422	0.19929688854975422	0.12763684854946647	0.059256751221662685
ZC3H13	0.5335199442228716	0.42565567427906376	0.3224506136047612	0.3783965201672533
ATP6V0A1	0.8578788216357061	0.5387081961269516	0.4299978016332315	0.13005665928971838
YEATS4	0.49391333583674757	0.16993061012448796	0.5740913089204621	0.7419766770954273
GRB2	0.709001143660313	0.8037580440635014	0.8125465082716643	0.7753061341139413
INTS3	0.7405668391465944	0.6198517250369948	0.6281947004009544	0.370672031314954
MBTPS1	0.6320026862265281	0.9628314585873519	0.7311657255807797	0.3988001146291765
HAUS4	0.4366859296245616	0.38944191453775645	0.8186440021415063	0.6330217267116368
CSNK1A1	0.5926227766063024	0.9340323835726857	0.9665883311714296	0.7078085655797376
IGBP1	0.5507613676565818	0.7953545526594498	0.857019142142488	0.4514223373764645
MED9	0.35374322159732524	0.2394288063663413	0.2694408706927335	0.27191937164835384
UBR4	0.547941408383944	0.61468065678441	0.43632819961357905	0.37740994954040685
YBEY	0.3669127440122801	0.2626022383069185	0.2762018814790813	0.2193352463369817
RFC2	0.4748553559345377	0.31476026683065417	0.6326274486798774	1.2713733727586027
DUSP11	0.1260375329945733	0.3107171250155463	0.35453434141077567	0.24422980666381233
TADA1	0.4443394263027707	0.05139311850832344	0.23657781985606377	0.23161050717454695
TRAPPC1	0.7870830231430116	1.0440382576561282	0.9936977574237362	0.9474883444600246
PTAR1	0.4457659102097604	0.4059234180535429	0.17261474907456795	0.06304052845389742
CANX	0.8277119926238954	1.0270540167733038	1.0676040080902733	0.97972387508674
PIGK	0.15050901873319292	0.7271925890314554	0.19374475029393196	0.3050668789911696
MAPK1	0.41468561039818136	0.5931031571617604	0.48189583024087457	0.5039103739825993
SLC10A7	0.07378945362925421	0.0693194923324491	0.11070182997414106	0.07027232109506941
TPR	0.7745662709641976	0.6861733132981517	0.7792724640998518	0.7736722059301067
PTPN1	0.5603218598614021	0.8516286709525458	0.7418197540437196	0.7589883937873707
HNRNPF	0.7870758528367822	0.8860357687353544	1.0493577804040775	0.9839895616792961
SRGAP2	0.34659644567081266	0.5161678818179296	0.15131700395762218	0.3448349456574882
USP8	0.4372004288681553	0.6455549395412545	0.6039987427624965	0.3288252018673905
RANGAP1	0.5630809363235856	0.7718793603973896	0.8003996586172312	0.9243055762060591
GFPT1	0.558041987397594	0.7640254603411316	0.7699146210212005	0.06050591972525657
COPE	0.8218606326124424	1.0001922694160148	1.0107079538362054	0.9313945096406003
ANAPC13	0.6644273996476292	0.9246061117876412	0.8101625339198212	0.684070375658636
STK11	0.5758747779849704	0.6041215407359544	0.5663764931533498	0.3214707160487651
SMARCA4	0.9497053112251798	0.6626027894731424	0.7664436751125904	0.6030707487452007
IPMK	0.11458061131773968	0.08262821398676388	0.1849067240817728	0.12747378197488138
BIRC2	0.1871683773538476	0.9452489202742423	0.5388984157317778	0.43546022519555083
RBM10	0.7677058827675963	0.5015729637433759	0.5869694507327367	0.735005179945999
ANKRD35	0.053246166701770445	0.06208913521664248	0.04011047762828113	3.7191846527474415e-21
MTFP1	1.0852329231418364e-14	0.026723585575299306	0.20841108287703222	0.49801067924278897
DHX15	0.676856525624994	0.6391478566216213	0.8005971023070526	0.8410684386263397
SPTSSA	0.5586587990459458	0.6036943956772827	0.8450129421127198	0.6180835514394768
UBE4B	0.40718341513355627	0.34782948378003276	0.30616215544058994	0.34735427673124797
SMARCD3	0.35288882471452787	0.30561504198072953	2.0676759436345785e-21	0.05361682439748068
CCDC114	0.06210097203387366	0.040474229698693326	0.0593652271913424	0.034398544122276206
SHOC2	0.35019013086034534	0.610001550366848	0.3749399133196905	0.10300441832694272
CUL2	0.19762405810266084	0.46040169990910224	0.3700769544971933	0.5788756806544025
PGM3	0.38492668562885046	0.9575621960675993	0.48525936766813893	0.37062920586169407
TAMM41	0.08878651787652482	0.08042258701940647	0.13772434643581316	0.18469474246737055
ACTR5	0.21100263125455423	0.0470045779767396	0.3459400856623164	0.4613254720787825
DNAJC9	0.6298198987888017	0.6963322972456185	0.8635485065994262	1.0842085093344813
GET4	0.09583968385497704	0.062080977098579584	0.2209760623509515	0.08870645401447627
ROMO1	0.8017256680802538	0.9948505528514165	1.0513175601906863	0.9964161688117094
SOHLH1	0.03293649181410721	0.002242740290323932	0.016607127605673552	0.02432604866533918
RNASEH2C	0.4191812032103415	0.6111436760871523	0.5686582265119903	0.933037674531375
PHB	0.793547770677086	0.9416776373336648	1.0270478835559458	1.0550652374212088
CHTF8	0.47957228411741637	0.7067131211188824	0.682576730221617	0.6676590315897424
SLC35A2	0.2943183319054328	0.701705442673658	0.7278227591493319	0.13340950853282518
PPP4C	0.7323474033903352	0.9065735209630137	1.00596611826519	0.8889012220018206
RTTN	0.19026855033712722	0.10009750813285802	0.06361031870539485	0.22886230131009602
IARS	0.6727921171289808	0.8672074169197405	0.8761415565164207	0.8315527612414884
GNB1L	0.0891191693214914	0.15415119700090427	0.3090244067229235	0.44539870465117776
MRPS34	0.706708022155189	0.7755181729548185	0.9714626506386399	1.0035330889369827
CPSF1	0.747371632304611	0.5746597577667515	0.8136652948085631	0.681040278167567
EXOSC2	0.402151680229688	0.11652010666156276	0.47919563447335706	0.9762006705990686
TMEM165	0.3780154601544022	0.9049717564538842	0.7437244794297507	0.36887306494126554
VPS25	0.723111461805898	0.9016213025753169	0.9272825971302558	0.8557697901098071
RBBP4	0.865599087706433	0.7260191085286077	0.8729513017217587	0.9546835356093666
MRPL38	0.41915307763409654	0.29991526647917327	0.7126960961328784	0.8836252680612083
ETNK1	0.3962812453919085	0.17770774950522825	0.43563648302814595	0.3430947178882234
CCZ1	0.6450619541517213	0.7457689539539918	0.8075178875311567	0.7046116364996698
TIMM50	0.5770568159627742	0.595373680401425	0.6497841696265891	1.099257998689062
NMNAT1	0.10246013431689459	0.1881824991222818	0.13338609101004653	0.0546661286633952
ADAR	0.8602436763633241	0.8771990006004592	0.9779715367766753	0.7670450299457484
SMC6	0.31386152947494084	0.2605804150354195	0.3354447736558676	0.5515103860007753
PPCS	0.3424930041525442	0.6384119271117343	0.9169089516813509	0.31596526713393014
WNT3	0.08998350737229838	0.09942668142880749	0.12396483986752514	0.08901838833267915
ACACA	0.5564125630380397	0.33207372469028573	0.5623677648449528	0.5419819417011466
SOD2	0.4824497966011279	0.8825525425189313	0.6968839638922831	0.38136419178286174
NARS2	0.40766019115996294	0.10681575169388136	0.411357033403874	0.5622156725752973
COX7C	0.7819024338360662	0.9428531667419411	1.0442798521510825	0.9865647993205348
ATG5	0.17498465214276904	0.4637833994937495	0.43337957553821654	0.40199951385733695
ATG9A	0.5965236217569886	0.8772306366706946	0.5011267764685957	0.25777081348029246
CD274	2.3819828755187433e-17	0.31030466707953286	0.153757381846068	0.05747935282830084
HIRA	0.37548141592974676	0.1487991741067866	0.37484765336273296	0.4396984602904858
MRPS9	0.35611937959980644	0.4000006231899239	0.7877900808108076	1.0121993578598858
MAP2K3	0.09218274440975029	0.7685124988321484	0.7399047065132919	0.596866176607585
WIPI2	0.5420723726369676	0.6908469489770076	0.5116050834294642	0.20736959141383787
VPS18	0.27788981781265165	0.5644513129400588	0.29970394196389843	0.2104153748037434
HM13	0.542141956676508	1.0198978388395439	0.9386971604423926	0.6768435293368802
PEX3	0.07537961582883826	0.2899904012791499	0.2542154649615355	0.3522014733201653
LRP10	0.16803724016597937	1.2355723509129803	0.9875482950718003	0.06707815449733613
USP9X	0.7486144790891374	0.8476423547587644	0.5840788328438319	0.3532765027578118
NDUFA11	0.293769797575842	0.3886957676793728	0.3711660167315488	0.5916997619910924
NDUFB8	0.45822972948577534	0.5838507990891066	0.7575704486091036	0.9223622303444775
FURIN	0.3402112220431847	1.0502796423405814	0.7891792736622624	0.25968558579904377
PRPF39	0.5861291813146721	0.36587145503529245	0.5329309581830471	0.3642451206241252
SHFM1	0.7167992420458078	0.8755535706915992	0.933280261857182	0.9017520237394001
IRF1	0.046544493541266614	0.5708874729471343	0.521106758691569	1.510780466860681e-14
SMG7	0.7173393048054192	0.41633105619800753	0.7149199150614194	0.49704323470645456
PTPN11	0.7227457312743201	0.8408911562090146	0.834821403681386	0.8538192346995782
CCNE1	0.27107137909259466	0.04721876963982135	0.26455550461812316	0.6727507065934379
MED14	0.45173537180221585	0.32365204364256456	0.2903454023159918	0.2876355741354668
MTA2	0.7565927316247002	0.6906167131262118	0.911623828404827	0.870833407499187
NDUFB11	0.8606166433677427	0.9192216084298788	0.9901636549609324	0.9386885491697448
ZNRD1	0.3129251044542062	0.3029893689176845	0.7453517402680596	0.8268259236945918
UBE2G1	0.4309252585345071	0.5502778376951051	0.5259408747077821	0.6186137745248668
INO80	0.16631597605680462	0.20817623817370667	0.31245450736673486	0.21785455758193978
MED20	0.27710518325927924	0.34460284289850956	0.344292491145584	0.3584909689900809
CCNC	0.27566492001852344	0.34324171968923506	0.642728396735024	0.6828512839369455
USP7	0.7217073134545833	0.5359208102693956	0.7753321277927255	0.7062292755568275
KCMF1	0.2971036960396966	0.6797988401636781	0.6766944800409266	0.6886979767335171
DSCC1	0.3224973613151756	1.5679428524304378e-21	0.30526857871213997	0.8888883581618985
CHAF1A	0.5880027484771522	0.2201030764371536	0.4842309614862436	1.1649180330207805
LEMD2	0.568839686688638	0.7983660952895739	0.6138841194028888	0.20153725301845937
RPAP2	0.11307567742386478	0.12969382548253594	0.20455266219875068	0.2722353097776007
HNRNPAB	0.8147329533373535	0.9428698299137959	1.0384514955233728	1.0452536510577535
CDK8	0.33412729413359105	0.14184269185860587	0.3412419054848312	0.28260817559277834
FBXO28	0.3064515379505633	0.33075539104534424	0.47144944507607883	0.3146414652767609
PARP9	0.06246818622237769	0.32817644767085785	0.4299481872688811	1.6621374736004515e-11
ZC3H3	0.24315773427520743	0.16193406462462864	0.36763662765182165	0.2148034081135514
DPH5	0.2534752374476752	0.22288973451889538	0.2932803619098606	0.539781571156236
ORC5	0.16304788708581636	0.24611306946609934	0.315417329331784	0.5713528764450839
ELAVL1	0.6053154017861172	0.4017676538342899	0.42773050984536526	0.7609569086995077
CCDC115	0.48081619973467393	0.586952625429417	0.6844457501034692	0.23627641247500106
SLTM	0.620759939710341	0.6217900000821973	0.8197793316402325	0.7292194818976121
DCP1A	0.30629313611037834	0.18080452521856955	0.2541836413132807	0.24696901740255567
NSFL1C	0.3379707075542789	0.6697765180663189	0.5171410667776495	0.578969915679651
ZC3HC1	0.27705429791965513	0.3536364576485189	0.10247854561084833	0.5960348915006017
NGLY1	0.15090874652598968	0.3942935979857116	0.3727013257574461	0.5287596701324792
CHTF18	0.3872030619001994	0.03440109772182368	0.5090451838695088	0.7048904317002698
PDCD10	0.3334132188025582	0.5949843901985402	0.8345272275133448	0.5504940299869582
ETS1	0.00774438287674997	1.1713437368488557	0.09489625532782671	0.5379111032907751
VPS29	0.5234104868921042	0.6570430661478636	0.748176880798054	0.6055314035947461
AARS	0.8285444689391531	0.9651129168940357	1.0246026562344912	0.8405085651439463
RQCD1	0.5686012111181722	0.33112474370033984	0.44872149994448773	0.7340268981775597
ARID4A	0.23493274559355698	0.13762468652652585	0.23871664763694594	0.03067635191795289
INTS10	0.5442199961348851	0.40884636500101007	0.45081513662740325	0.6381818045401972
UFL1	0.35449156954025096	0.5508796534821636	0.5320738885412473	0.08660145705155649
XPO7	0.7368515478042008	0.5508071322886937	0.5209700375084652	0.7073605277112496
PTK2	0.447668907875782	0.41495175591599653	0.5804183320476285	0.34354484602637864
YIPF5	0.3172591340732304	1.1746440368463855	0.5469606855069283	0.2693194211003275
NSD1	0.4451118195321157	0.305840900721915	0.3980267707557441	0.18577180352552622
HNRNPR	0.6990445761112226	0.6009873138218877	0.7070918788453885	0.9947368548971812
N6AMT1	0.1600830216481976	0.15420571196247662	0.11349946439654131	0.08300349267244432
ISCA2	0.12050536560736552	0.16583281498855282	0.339310820313008	0.3342469612078041
BCOR	0.6964124340203709	0.11563237087728842	0.17689247953849976	0.16315824669716242
ATXN2L	0.8435332326846586	0.7154016462067813	0.8608563893937786	0.7077260077222771
ASB3	0.13025899990738993	0.13121104407580694	0.11115055539934257	0.13380261599037097
PIGU	0.45348610771283787	0.5435634793378071	0.7006890657610929	0.5472380315527511
PARS2	0.12831766529759225	0.06549591843489662	0.16820361401604705	0.1272345543984507
HSPH1	0.669145292667258	0.7420883254071149	0.8423550730659183	1.0079842396890382
SLC35A3	0.21871556169158918	0.27476377035798966	0.5274151107825578	0.0004783080954250856
TBC1D22A	0.1355589530519191	0.28755182284838904	0.26271899795868114	0.10541421163562073
RNF4	0.4078993726627057	0.6259074542730895	0.45026914891529773	0.4913645635381806
TDP1	0.17192707555006342	0.06340822974417885	0.19622306371729056	0.3572951892156783
CDIPT	0.7418782532488255	0.9268743506766952	0.6631945287878596	0.1799330246866855
PIGB	0.06876064558028513	0.2824777126185524	0.19554377741736312	0.09105298269935969
SHARPIN	0.48910399287491046	0.7220431756678106	0.8120645695045848	0.3647962175325934
PQBP1	0.679645129144169	0.643063818901256	0.7947633707871518	0.8904350447462753
PRPF6	0.732719030529078	0.8066538039239302	0.965160704473119	0.8735323832880691
CAND1	0.5992482475263945	0.4285976681677615	0.4898605757631052	0.5082665596595628
KHNYN	0.4549938837697539	0.5425781889744351	0.7248932230833293	0.07004798166025641
MED19	0.34455096754384434	0.576965989908785	0.4813168385649362	0.37579948494564486
UNC50	0.41449093071590976	0.7399869738259421	0.6079090223339471	0.2539622342372371
ZC3HAV1	0.20057514363242837	0.48354544208285916	0.4866678628858817	0.2641174519323176
RAI14	0.09783347684726156	1.128918103349367	0.21261638412275596	0.5989345954848528
PCGF1	0.29845865582301667	0.2872375489156055	0.33295260396173176	0.3715525930904623
TMEM117	0.12304643275625984	0.13411145304329436	0.10205695673273887	0.036014379103666457
PIGW	0.25984607285168376	0.09238009885287832	0.3637739896353162	0.7193459337456822
TCEB2	0.8482217143500601	1.0180491803499585	1.0690129367531414	0.9871520686127753
CHMP5	0.7074206905101746	0.9717698348278109	0.8939612410708819	0.5892722127056542
TSR2	0.7642184534844015	0.7879814517236122	0.7838843273561789	0.7651768986254159
URB2	0.33243086911643965	6.352769614225057e-16	0.1780163458668148	0.46658368811975237
LMNA	0.1898265704920166	1.2152467017307707	1.1290461147761677	0.8542356024138092
PAN2	0.7317469338200494	0.242912804626522	0.3966812487942915	0.0005034525480551306
DARS	0.5862072650947157	0.7923660957293237	0.850744096053515	0.8843813523935765
STARD7	0.8220280150755933	0.825779262806608	0.9453441436717033	0.9314191422043196
ZC3H18	0.618602978826658	0.46515075293466857	0.6154355110827294	0.6274691183308475
KLHDC7B	0.019302776573824294	0.057143246300379376	0.12460017135757645	1.7242853990869298e-21
TRNAU1AP	0.12490692202035525	0.16756819726021266	0.1683069055639581	0.23509232216213435
EIF2B5	0.5533016231132959	0.4098967863682607	0.6997128305918371	0.6142231577898455
PRRC2C	0.8047939439760954	0.7037860550618736	0.8148366743208694	0.693396044759451
MYL6	0.8094797138781068	1.0431458073215027	1.0576916682192743	0.9661631585213931
PDS5A	0.6140061146693535	0.5135657304706608	0.6849411504287102	0.6892058564080086
TUBB2A	0.9245899414535453	1.0492629673382905	0.08829016279174999	0.6542688679155703
SMC5	0.4019201844592428	0.3859052987691491	0.4331549037831903	0.3033935680976083
CEBPG	0.7513576566357537	0.4289068244654939	0.7733255136313625	0.2872899794590529
GAS2L2	0.03540134137790548	0.012916111047282906	0.036722336663024775	0.010019483586203824
LSM11	0.12239729589800426	0.06889324106146925	0.09328535743589159	0.13525943493878392
ORC3	0.2799006201677464	0.353504343254185	0.3114519778228733	0.5510740138259278
SRP72	0.6154288547772248	0.7796016025873346	0.8095451600769206	0.8643846355796521
MRPL50	0.2795015469401816	0.20033386812247822	0.4304244521086431	0.5618222859405447
MINOS1	0.24713334388571653	0.5225456604341905	0.49031652891651434	0.7160059273836206
GLP1R	0.04809405661984511	0.007371092203745184	0.01847722592060325	0.0031521576608677443
TFRC	0.6917100956194806	0.8703518065601117	1.0344799355482486	0.9910095495041488
INPP5K	0.2874646986386379	0.40276757475772706	0.2831565650793867	0.08346297878967562
FAM50A	0.7496513138923571	1.027220664499185	0.8072921469087925	0.7473893442020499
FBXL18	0.12961930139995323	0.18464038729483667	0.19948920141146154	0.15026821338356425
PSENEN	0.6237884802828447	0.8833122388707877	0.9618339512525871	0.7481384332578933
SMARCB1	0.7628242166548644	0.6846829750708884	0.7831706026585801	0.8769371887199426
USP18	0.2713263389025357	0.12449021031225889	0.3313477640827333	0.07284216095978359
FECH	0.5962018307025665	0.31825784827139764	0.17697909006433987	0.3501457902906783
VTI1B	0.5941868246164708	0.9036317343913581	0.9384882847973398	0.8852177380185736
SDHA	0.7577228127832196	0.8879155355421113	1.0081102351050544	0.8911477972494408
DDI2	0.2998817395242634	0.09315489706513339	0.32231496807877685	0.25835140626470876
TUBGCP4	0.4115521849244756	0.13071969129260483	0.34828796161198405	0.41589671377673304
EID2	0.37655186854231526	0.30031217207816235	0.2388349609548753	0.36984763411399574
COX4I1	0.7200865641417934	0.872137449314207	1.0045298037879142	0.8864090451965841
PRPF40A	0.5306992117270894	0.525990877748524	0.6921773751380241	0.7361316862933652
RPN2	0.8384447258273302	1.0251351254061971	1.058326995741935	0.9734154919207901
MDH2	0.8104376530122058	0.903935098221005	1.0126775780915935	0.9667464008875527
EWSR1	0.8475416442499673	0.9584348465139613	1.0352858661384392	0.987473970759445
KEAP1	0.69635671037271	0.7522142393055715	0.7607153643864432	0.6826115825987735
GPATCH8	0.6517030897103687	0.47236608015828996	0.4584580621575195	0.2749643389012082
WDR7	0.2050269989886195	0.11131736142535587	0.05266214759547968	0.06307652413673852
RPIA	0.4094351252631301	0.16727741109910996	0.6323638594063288	0.9703991534775145
OCRL	0.581483555161026	0.5801683943047401	0.4301815754577778	0.16424667958734132
SEH1L	0.42794781175901725	0.2798086333794195	0.5797582925008292	1.0024717251553865
AZI2	0.32796790183303887	0.6011314530804963	0.2822415217591092	0.3836280704656142
PIGS	0.7430880495131245	0.8849383141684186	0.7700199324769882	0.4622601219010116
PGLYRP1	0.05427461553315995	0.029022381109828507	0.04252351549757595	0.038258677959023255
PISD	0.19016335652814972	0.38795893727915015	0.39239727302405886	0.15547788866174106
HDAC1	0.6330097555797843	0.7154514486977926	0.9759106935696166	0.976297948779724
NADK	0.4746503215799793	0.41621717844974915	0.586284494152259	0.3767079268678574
METTL3	0.5319440116982175	0.4407532365475599	0.5895775746015218	0.8545020794334992
LSM10	0.27587727718670807	0.5974846862690368	0.37189000980605086	0.8376127282155542
MTA1	0.7196346087902744	0.35638295857569396	0.7748561525419192	0.712567226458022
METAP1	0.40031890264918685	0.514764804611422	0.7123202526758515	0.7280552958383604
GNL2	0.41864175168619555	0.4377574726335304	0.4634109468593317	0.7896975187400601
COPA	0.8425347131228882	1.0357971308618152	0.962709914748091	0.79144364344991
PUM1	0.7344065500553263	0.5857691850229525	0.6804739771663406	0.39686777282013785
PDCD6IP	0.3916867049157974	0.8195054574350259	0.6707009539014327	0.5529020391839585
CALHM1	0.04584229418569344	0.02263637283340035	0.0195356798323545	0.025159692970691618
RBMS1	0.05744876613235347	1.0046585280897906	0.28230709807170906	0.4788453859526493
MRPL15	0.6257313229974653	0.7657109952666102	0.9134339334786211	1.0149597039994964
BRAT1	0.6036872204852654	0.43656165558401777	0.61616304330146	0.6307600370260169
SACM1L	0.3671256319792574	0.49742097857723244	0.3271376954367769	0.40595911605498464
SLC25A22	0.36277175818575375	0.27244916275117337	0.37947761431568283	0.47553956471027514
ATMIN	0.4762399278143197	0.41059207467206243	0.488559354264359	0.21884423184621482
TBX1	0.1819697578002165	0.011296083064477765	0.06250038969735969	0.0910549497282287
ILK	0.44675960877530563	1.1368256380215263	0.6281926720645085	0.5855672333276983
LIPT1	0.05467373737963097	0.03463220426685817	0.06128020728738684	0.0644384050584172
ATP1B3	0.6090258446827866	0.9335984087236946	0.963274223492149	0.9996429340165689
AHCY	0.7847168025886168	0.8108225506208822	1.0405381571035217	1.0709331348343052
VMP1	0.580737248595167	0.9988552990379117	1.0044945585884069	0.8741566124352129
PPP2R4	0.5994380336706631	0.830829399935086	0.7932703064095069	0.6350283645938061
TSC1	0.3277367796545489	0.2975671157029122	0.244523297116577	0.00016283987933233258
COG4	0.6425021465017741	0.7295486267354427	0.7438485801601178	0.5429253896870245
URM1	0.48109706205553865	0.6797502119683838	0.5867386811712736	0.5902568308595356
LIPT2	0.10997193513352699	0.04273382445298794	0.13174490520831006	0.0801045524927209
NOA1	0.421048983082454	0.31051595392212644	0.7097670110212421	0.42284258980789236
POLD1	0.5015632420501612	0.13546512802344401	0.5892659717258929	1.1682936350113284
MTX1	0.3908699372014791	0.4098245166824871	0.5243200506602531	0.581806635926932
ATPAF2	0.18302293105163328	0.12456769916123855	0.21085540970228883	0.18922643848767928
DAP	0.6126158729978008	1.0735825401691121	0.9448111329110929	0.7018921482033151
TERT	0.09394867549767374	2.5076954697713973e-21	0.05237965253102675	0.13694155664842853
PCNP	0.8025258613557869	0.9206229762294283	0.9198884826885818	0.8496336986490833
YAP1	1.1351707975579764e-21	1.121355764090613	0.9254882378731872	0.528470702391212
CDC20	0.5353390673060823	0.6467286905421809	0.9247620486729069	1.3923899133525413
RPS28	0.8360989062625991	0.9907656510089302	1.0574515218081755	0.994587965716216
DOLK	0.309825289093501	0.6062193667981776	0.5061335727903126	0.35592661440515716
C1QL2	0.03611512669816262	0.010090709909520731	0.009299275977855665	0.007924982158574042
B4GALT5	0.6636028724694693	0.77864229432397	0.8428509710046176	0.6611027473642325
VRK1	0.26728844615397296	0.002713768324600566	0.5118074341716865	1.134188728411417
GFM1	0.2794634912587678	0.31638121976153805	0.5851942429910658	0.6057297687285073
SIRT7	0.22869394734036055	0.3879924188817402	0.7977322112134879	0.38056320602186494
IL18RAP	0.0014018867245085705	0.018942254162348404	0.021166372048223	0.020619580784884097
RAD51D	0.21695723086439145	0.16611598851907627	0.17182053005768913	0.2721334500689053
PPP2R1A	0.8323613634443968	0.926515217973182	0.8882329116305872	0.8038110416130363
PHF23	0.4180627351386148	0.655573139404769	0.3653950386842299	0.6269648524365284
TPSG1	0.05402259963976738	0.014397023946817944	0.02456082550063496	0.013442944552848442
BABAM1	0.6862461717392192	0.9188286062723678	0.8364672065866984	0.8903891750662806
KLF3	0.31196291598981574	0.33223322528180543	0.7689802234715037	1.4469432388636716e-06
NIPA2	0.5238544216354104	0.7833202698598726	0.7641560785303441	0.8014386615407496
AURKB	0.5128538407525074	0.4253727398563931	0.788802159055102	1.4454326103472122
PSEN1	0.2736178682540871	0.38290055696567454	0.5371266145466125	2.359035621062688e-07
RMND5A	0.6805194099353417	2.246410659662996e-07	0.544982371299357	0.26552970818808225
WWTR1	1.1176893359844576e-21	1.1325491959841867	0.16221315747434387	0.2810644489251536
SPRR2F	0.007343663125110875	0.012342635602719771	0.058757848050629974	0.004601166316351724
NFRKB	0.3845705993448328	0.13019189701629294	0.45477177045415224	0.27529523689208923
CBR3	0.03929523858568738	0.5288160602889254	0.13046559776563965	0.2965157948797921
EFNB1	0.28707481244994537	0.3352139514937775	0.7356831028465565	0.019441784600482903
RAB35	0.4458506021637076	0.6240092922196177	0.6216795757705947	0.6120731861165138
PIK3C3	0.31831791025569345	0.2908130128988193	0.07651224237690102	0.020022879347849503
ASNA1	0.7302104565005316	0.9521017012092152	0.8792419360097066	0.9088774367334203
WDR45	0.20509971184848974	0.32277187630834964	0.21222215256516727	0.04447262510823271
PPP1R14A	0.05048167644321506	0.22201752814882458	9.058042314392293e-10	0.291296937288323
PPP1R2	0.4499379210945424	0.5582589829315826	0.6701553692259948	0.3474431598834102
SERBP1	0.7398941387337208	0.8198299055924531	0.9267920998526088	1.0718731440141087
SLC4A7	0.15602546982414456	0.6266252163620372	0.07240852658047091	0.3781667079793454
PAX3	0.030379153240004744	0.07570735784227592	4.883717165007584e-22	0.08332742316868151
DIS3	0.49877767182871274	0.5376710283966779	0.6457020097807148	0.529794049051439
PRRC2A	0.8740475548692463	0.8401951403395858	0.8827951692730139	0.8631507200515699
ATP13A1	0.6821612884817606	0.5758698288665993	0.5743560194528812	0.47055702264541405
PIGX	0.34943916101353056	0.23846607761056623	0.33582790771316756	0.21584956043788267
COL6A6	0.04910560008560108	0.033179409996661816	0.01062931932948616	0.003925566826108031
CDS2	0.3655687965251637	0.3358673923036304	0.2184747090393965	0.08003862538223787
PRRC2B	0.9400422545254662	0.6676835005587305	0.741548240172491	0.4607328327438855
PIAS1	0.32860076488148116	0.2175015395254579	0.29659716215369075	0.1540864397649961
EXOSC5	0.5270568007589937	0.2555234022736333	0.7409934317726312	1.043071219262367
SLC25A29	0.2568951378900326	0.0547999140669038	0.1217916190005984	0.04238316093939629
RNF114	0.682581923601846	0.8092298807080985	0.934212287530247	0.7300729854718966
RPE	0.381907023050115	0.6649294344903085	0.691978930808643	0.860937796936154
UXT	0.6273926177928999	0.8100673892823248	0.8225068397325369	0.7306299323790776
SYNPO	0.05777104656601701	0.6243876885821232	0.09921778143994288	3.9695085270236676e-18
NUDC	0.672823900672962	0.8023171539477023	0.8803881113793973	1.1005951656951087
RNASEH2A	0.6829365335085614	0.5797492975448857	0.7573845174458718	1.225081486604002
MRPL47	0.6639188937141237	0.8098228694821152	0.9616489063721059	1.0369066364685993
DUSP23	0.394392889691908	0.5568002068581114	0.7431725062660278	0.28888241491640715
PLEKHA5	0.13824479987945337	0.1242394739734487	0.17164374355285775	0.20190837022115485
MESDC1	0.32093756341006807	0.1829855376465251	0.3913076365782413	0.4619922577442038
D2HGDH	0.2585028267993181	0.17537080737735214	0.29664400573232574	0.0040585039586707155
OGT	0.8126002135815826	0.7835205285543017	0.9097762952614027	0.5324285835715825
DIDO1	0.4653133474192618	0.2598921979182611	0.44003923704868075	0.26141686047240176
SDHB	0.4116736302931729	0.6872657260685197	0.8406886097036378	1.0588677218488352
CHMP4C	0.13550225770686217	2.680387627979139e-21	1.1747457232590341	2.4711792822716976e-21
NT5C	0.49683412232867125	0.6000168293912216	0.7902712268778171	0.7065317398587372
RASAL1	0.14278243217944755	0.004870415235475713	0.19407527456576276	4.991709902136198e-18
LRP12	0.33965416297026285	0.812855905921795	2.395865963543031e-21	0.16127009035754786
INTS8	0.4232813480795287	0.30179895627087255	0.565457670732235	0.5821190340695361
RNF168	0.41516893379405545	0.12523064035739268	0.40335889682353626	0.2753621603758166
ATP2B1	0.46368247559725323	0.6981203346918176	0.4007671101096608	0.31341925185218233
ARIH1	0.5126552047693633	0.5605093729405995	0.5610152126555535	0.2334742468215554
RRM2B	0.3964842072789179	0.6388640843783415	0.2321846432689184	0.058269923294129056
TAF6L	0.38978164372539315	0.1533207406099955	0.31063247422816315	0.4042847366841452
RPF2	0.2159723581321478	0.4242462211845005	0.5555626994358408	1.1073429794838803
TFAP2A	0.06648199170713677	0.22998856168872123	0.38031968508331304	0.31875509437312466
BDP1	0.3461622650603219	0.17608033227127184	0.24696761288849567	0.26038796684203436
GNAL	0.05860960164296822	0.021008887562676853	0.050839208730955654	0.10672074633708055
RAD51C	0.34993652013731763	0.13228038000759046	0.18425166618134867	0.725270065235269
SIN3A	0.420912046767742	0.1713826619667793	0.3150002114322525	0.3043564273626392
COG2	0.1853038917642601	0.058807880790463965	0.18940561435276584	0.1375567255056164
TSPO	0.3461452829895846	1.1057874808988535	1.0315799551753755	0.8386728754234078
RNF32	0.08263099308540969	0.040921512060808414	0.09081139040515715	0.06537256328414992
RPAP1	0.3021780093942511	0.1585009802327921	0.23501364310588718	0.3464487696277641
TAF1C	0.4357929997843335	0.3373937091664598	0.3602425242782267	0.34458780359874364
KLF11	0.304102061484023	0.18941250350075825	0.21639237037125275	0.06468835648935811
RAF1	0.71130429813213	0.805938138789798	0.6785716161468242	0.7956474393312447
EAPP	0.5284831607603252	0.5590464810795781	0.7590245469105271	0.25695521202449756
NAA15	0.20929669606269014	0.2218503719970942	0.3418993133834587	0.7705771282928867
ACTA2	0.1146368755455131	0.715072750511974	1.3681097171340707e-21	5.227253529430477e-16
METTL1	0.09574610177990037	0.23894758060916305	0.42041256332357063	0.7786153004491716
BCL2	0.3609322889553366	0.03391314959946764	5.9868781373180424e-18	0.0465274927198261
DAXX	0.6667423987128209	0.6178428748800406	0.5815286229552187	0.7708897348753881
LMF1	0.11488553421077781	0.13058318481502693	0.10228138010632186	7.066981009381079e-09
TUBGCP2	0.32556417078704086	0.5182145394305003	0.5261887459487321	0.46497235118045793
NCAPH2	0.5392212364108369	0.36426383815718094	0.5112095516226952	0.9697677294407469
PITPNB	0.46961618231469543	0.6452956577067319	0.6089588975903266	0.8200419493258034
CKAP2	0.5622415710144084	0.5264130478508614	0.6060481881752733	0.9779047004612241
DFFA	0.3018406985044377	0.2876385112433557	0.378775971261644	0.8431079836849115
CSNK2B	0.6693699243279305	0.8240594089736165	0.9111634529214035	0.9243865899966753
VGF	0.5991680728812431	5.502702440614011e-21	9.045589167665934e-22	0.16916137796020206
FAM43B	0.04577876632859532	0.03436822182441128	1.0126277541255672e-21	0.05164535548724541
RAC3	0.7222976159253827	5.613539636922831e-07	0.4601675069146056	0.6838097981745734
TFDP1	0.7027972701838917	0.7279801825235496	0.8949848991948685	0.9764451894985942
NAA16	0.26183712959135447	0.02697077811251959	0.16807034705249016	0.1865584833847795
MIDN	0.6591133169972787	0.6615561016213148	0.730037602879316	0.1699825080793804
PQLC3	0.11629997116141075	0.5400339949241103	0.37593719652745095	1.0418426677590243e-06
MAD2L2	0.42709442569516276	0.33551993538740366	0.177860063849877	0.7524660753265171
CXXC1	0.7812904953672245	0.3818946286899284	0.32466505321725236	0.4438839527620018
BYSL	0.34371645894463365	0.3675422946992673	0.5093016094124588	1.0707821290594102
NLN	0.1766015955144443	0.1795023165416572	0.21047828475528696	0.4450453434769858
ICA1L	0.15281965407285605	0.06734934375973961	0.034159888725509055	0.03600429871941809
CCDC47	0.6992479218722535	0.8639441286832008	0.9590688323504174	0.851016048439332
CYBRD1	0.049879581849294585	1.1954291587428805	0.04035675440668391	0.058354304068294546
PIGT	0.7439823774311465	1.0593048517048023	0.9767780643064701	0.765029264972813
SRM	0.563022950250798	0.7510805194926997	0.6284490763842988	1.250799416765015
PAX5	0.18496874712241756	4.4307280998124194e-08	0.018440796635355854	0.021334443430691324
KIF18B	0.4230379596996457	0.0952928021840218	0.3327717729109195	1.1617680155730261
HSPA4	0.6366530529434963	0.8604830067803835	0.8739386601656748	1.03628238424442
LELP1	0.004496547664673986	0.010149712698570961	0.010421191835897091	0.008599029300458541
EIF5	0.6234325409660085	0.7494104911332391	0.9283985475661469	0.9016269693570869
GNE	0.3423244187158773	0.4465385155563234	0.28522232331785835	0.11872187750616674
CLTA	0.710090720117686	0.978034474419065	0.9420581694793844	0.8807807698208968
CACNG7	0.16297744164678885	0.08559778137765434	3.707989779917803e-22	0.0073061457440288385
RPS20	0.8425216458244088	1.0002915492386717	1.0674893812189024	1.003544719271257
RAD9A	0.297473786705337	0.08896974717193415	0.4915702259874627	0.2681345191953725
WDR82	0.7513701379814047	0.776966624505651	0.7150506622185608	0.8549113070353561
CDK7	0.14737389708265697	0.7700646360391299	0.78596586082471	0.583886490690618
SCO2	0.42710277516634876	0.548606864129164	0.5836514097776289	0.6544364519795204
GEMIN5	0.2005282446314656	0.12954428328663636	0.2543653344537217	0.8305438700240487
VMA21	0.29506395448958317	0.384502080410642	0.3614547432864626	0.6483612757296582
NUTF2	0.673102544270566	0.8344757299039276	0.8905612247434419	0.9805021161475176
