Name	C0	C1	C2	C3	C4	C5
TBK1	0.28588748895579136	0.01018118262855232	0.6545009794228345	0.5051576243096054	0.19441019517663272	0.7764317076354261
ATG10	0.04527777078527086	0.08841791712932366	0.09526840466319689	0.12477370794790926	0.05789441781791968	0.11645952999842245
RNF31	0.84538697998325	0.7045647859746605	0.04142125593227499	0.29448257832088565	0.6914203954520307	0.012473386925120476
UBE2N	0.3843858768402717	0.5716433676179286	0.6767458342491923	0.9733987354051287	0.42269835692887114	0.8736606697896344
CHMP3	0.9310445993633373	0.4137166586306701	0.7103495549736202	0.40742745881840814	0.7103013601261252	0.5385800588106149
TRAF2	0.5955598383356555	0.513916798843005	0.13381600368688823	0.5229805860008491	0.31007273001874885	6.504026748782382e-07
SCAF4	0.5431167874428712	0.8126142631403458	0.12716207371018806	0.4093486938718909	0.4283072873611565	0.36507475194156647
STUB1	0.8499793142763136	0.47228828292597513	0.47868121090560506	0.9146586810441151	1.057974025670439	0.7418656110683892
BCL2L1	1.324447598497632	0.6178870075340144	1.0112234409263576	0.6660060544622474	0.6574252113284353	0.443210228292339
PSMG1	0.1141945786487347	0.3466281633211609	0.5725893727298037	1.2712122262745396	0.333194462860467	0.7666902711268785
EPG5	3.846428390011136e-05	0.03827544776800898	0.5230793027393809	1.9081772866608126e-20	0.29723664080549145	0.3429262902364335
ITGB5	0.973784144623737	2.4628372389912976e-12	0.5633637306979167	0.7601940588690184	1.612179989509385	1.5781439909426505e-10
DICER1	0.5057261140737153	0.5106791442245875	0.37932725277797724	0.1671521686425054	0.02777609276758637	0.4174138238658072
MCL1	1.0274657406270284	0.8664735650507186	0.9366674063455925	0.9178321814714654	0.8885389615159541	0.827430536901196
XYLT2	0.6061561194126472	0.2175882175843691	0.30558134697575506	0.13372135430354654	0.8344358410044487	0.05958237696337812
IPPK	0.3869805647362396	0.22878937135438013	0.09911638013768219	0.3089675628951259	0.2856562417669821	0.18886834932721477
PCBP2	0.9910288565858578	0.9387779046402307	0.7850281449995936	1.022136886229295	0.8945387180282437	0.8746575769941108
PTPN2	0.5536307500400497	0.4803879227876076	0.5827027537688826	0.7322857535448334	2.9959869582083328e-05	0.15965692394399217
VPS13A	0.22559324625067897	0.11180395037270138	0.3675301997999973	2.5483181713170874e-06	7.044237947111404e-18	0.45162755582684255
FITM2	0.28205602137682495	0.06811735826822286	0.04081785140927262	0.12451016718173391	0.5301486772317235	0.26278329696201547
IKBKG	0.20074744290259489	0.143010162543794	0.13499447145547522	0.18154547338993107	0.3231175552581951	0.017245525121650587
RBCK1	1.2138110302322342	0.1672553786048151	0.6971146650822931	0.3431734373787137	0.8858714070028723	0.777246216067605
CFLAR	0.39438416752498906	0.044600952738778066	0.6259960520394752	0.0832096271726097	0.12114222428693414	0.09868308384219764
SETD1A	0.3665075767248232	0.5813156192074871	4.0527230022666555e-07	0.2402596352148291	0.30712743861806857	0.2201748173832175
CHIC2	0.30264681002824667	0.29767346271174056	0.8975514637036004	1.9058496863986502e-07	0.3050591309644605	0.34649099440049225
TCEB1	0.6072411858131976	0.5845173552534041	0.8684354240358845	0.9734901216297974	0.6482470260968279	0.7435417581222511
RGP1	0.7344471793747832	0.5993623774869681	0.27189186582817043	2.0534930961094626e-07	0.5592505376467072	0.2566829526104135
TAB2	0.6220718766331028	0.5656691213257978	0.9255496928283536	0.17173302754175854	0.4206947296546302	0.38114331653759165
TMEM208	0.9105141979068605	0.4437487325406511	0.5958126519920254	0.8934064686924873	0.8694692627981335	0.7214354363669554
IST1	1.0505455669783363	0.7582678452979777	0.6302117601083328	0.5620846236934796	0.7351077274737907	0.6869179926211146
BAP1	0.413579749054041	0.7155027833906409	0.3128284749891235	0.7594980741178042	0.8640464443710196	0.45975632665291116
UGP2	0.7532460247819088	0.3854732456566245	0.8787894980835262	0.7390052536201729	0.7694005702318717	0.6800159049388008
NCSTN	1.0828576301528876	0.6060802913481889	0.6353759140760052	0.3926353697626693	1.1955524938106	0.531409833374554
UBE2M	0.8264879729006932	0.8305247249790413	0.5443788188629602	1.0157966659138844	0.9569287821996951	0.8276114692954719
KDSR	0.2764950121883731	0.08531448319308897	0.6669452821402742	0.0715952862141227	0.37973623679418333	0.6256930964685946
BIRC5	0.4983977903260304	1.1374916130892399	0.4735032343586179	1.5138106429706186	0.7851083136906872	0.5185932449648372
VPS4B	0.8664840031972235	0.46654161680282413	0.7140583870507076	0.2262808293937743	0.5811356368786461	0.7198585966377563
POLR1E	1.9227545869362905e-08	0.6114010422816161	0.4417818758492174	1.0629297902996435	0.3910897934760943	0.42105099469597257
NPM1	1.0587478059981852	0.9427318039456822	0.8772120099369087	1.1324280040120476	0.9893284363632496	0.9192231590794384
BARD1	0.1061272525118809	0.2874972979398478	0.12431320193920466	0.32872894560043997	0.03816052702876305	0.15842931985925715
GPATCH1	0.32925597115695815	0.38562404079992124	0.10279593179103981	0.20604899446081237	0.1436190640513528	0.06701915674558795
L3MBTL2	0.2629557699329135	0.3675347889888037	7.705364578239241e-06	0.4682515447450268	0.5344825815978096	0.40752182124252806
TFB2M	0.3064054464851806	0.20438454238144332	0.4309145997335198	1.0603050355275434	0.2783158277787192	0.7947267874456921
MRE11A	0.3512932217261669	0.5690396904769828	0.4942327020296505	0.6628614004251846	5.984522070020912e-05	0.21669574924409937
CENPO	5.483528582768868e-07	0.9839547631160445	0.14238303317642456	1.063482228242647	0.5449269092449532	0.12548362192728252
CMAS	0.7982873884850334	0.4416524221984209	0.747590054940846	0.9151191657279449	0.5533632890098387	0.896414882707829
MAPKAPK2	0.9387032618478137	0.5688602015772489	0.5359861409983064	0.3744943177264146	1.0096701653161317	0.34565322222205475
SART3	0.5748614727797301	0.823893654988751	0.22515124933469563	0.6856139059653245	0.4832114305603983	0.5240500844308951
KLF5	1.9471762704841464	0.023590852519115732	0.15765889603875452	0.4595350180792049	7.649164117756253e-08	1.9850774969814706e-15
MAP3K7	0.1299976207013182	0.3671989441890739	0.7471090577249224	0.2269694473570447	0.16668029173329743	0.4740867486469038
UXS1	0.5765224152903041	0.2128902876713223	0.7163407134752519	0.5594564710532685	0.7672206317304929	0.19790834132486623
NAA35	0.43510543563480203	0.3046252035036765	0.4402555977366702	0.46751085904712464	0.16472310421068842	0.38650758455057677
RAB5C	1.007781637546601	0.7751479368313482	0.7672769429483064	1.0117311216652913	1.056534617834349	0.7997999939724897
MRPS15	0.5393542325494267	0.46689663650984026	0.5367027584545583	1.1677254273444002	0.46500373244526794	0.5821653017452425
TSG101	0.7999327042626234	0.3762604705786187	0.7648118745168745	0.35186135933508733	0.5927182023340392	0.7437076150519003
ATG12	0.15624662712913454	0.04589379342309828	0.6801021120053478	0.20324797283500118	0.19113090500978583	0.44544893853875667
ATG3	0.43668091711720386	0.19642299635617513	0.5162514796602306	0.9091331469669258	0.4904199243129312	0.5624065492154107
PSMB8	1.327861741686324	2.894628585065364e-12	0.8190805839689329	0.35350321143263935	1.1354409054355603	0.01263453987573284
SOCS1	0.0985394590410853	0.1124354082973197	0.0961115031967622	0.047579089028100256	0.10111848907367846	0.0053310834133539165
VDAC2	0.9392277223231462	0.7948599835353539	0.8896797379361133	1.104518407198271	0.8192600993519294	0.9057034821757648
JMJD6	0.07812644426128788	0.2998112787141063	0.21933855168975408	0.32873003535989603	0.3597776028633511	0.24400912021958845
EI24	0.8869525976710181	0.7279436782178195	0.7830440919135158	1.0611394176857034	0.7105530370200169	0.8519143003771186
MED24	0.6797822555396419	0.8771505880418198	0.20541634137914797	0.5723893980219531	0.631548027911787	0.3837291752617763
SAMD4A	0.05165416579912246	0.03229174548407278	0.1599024998467504	0.08986935956677043	0.11197018080254831	2.2477140601242947e-08
TMEM127	1.035498171268544	0.27551322791092603	0.4281263570172289	0.07712324257681076	1.1065494050043296	0.29557419223265835
KDM5C	0.820582075470507	0.7814204400185609	0.1545223200641807	0.17079669188157162	0.9512706951393013	0.6808199945858612
GLRX3	0.6720832684872959	0.5571139893530267	0.8775939458452191	1.230758922867793	0.6159352919080472	0.7481804053336653
TNFAIP3	0.29442144078900584	3.6299230542571064e-21	0.8822710355749201	0.1337357463015574	0.15170476916594983	1.932260673087087e-21
SRCAP	0.8990629087277927	0.8138240540229315	0.13408482228131305	0.2839130956847191	0.5417486929666546	0.3869785224614279
PCBP1	1.0557075212916285	0.9455864935122507	0.8306442294214378	1.088866519932179	0.9919788704189736	0.8919898375540901
MED16	0.6257805040275944	0.7341838918212669	0.22373608533954478	0.2555253632803832	0.7286832633679128	0.27893080760775524
SETDB1	0.5376252754554111	0.6157212087729955	0.03897596462630327	0.002813813638906572	0.2511596988949452	0.41500939224216615
RB1CC1	0.3776271659456588	0.22914373886061665	1.075969010084231	0.045243584391147	0.0015745107850949857	0.7891705859919285
PSMB4	1.0492027124999923	0.9415323786823528	0.8513539691341936	1.1216282268752227	0.9979782175788967	0.9119479547496951
DNTTIP1	0.7488109178119574	0.6592012566134832	0.5523276260989516	1.0132253967099765	0.6735657363529431	0.19697184369351567
HUWE1	0.9162778101268875	0.9518971986486378	0.4174953930368622	0.5020582780593816	0.8383894738089932	0.5955163250049593
PRPF3	0.5553386050185706	0.754555132954339	0.26788267789263454	0.504151048560033	0.3837164220924025	0.32467788969708583
BECN1	0.8967202596881071	0.44899729226519014	0.6386471474647789	0.6894966536794772	0.9394344318698283	0.7052975691892399
TNIP1	1.079495151718001	0.3367878119374253	1.129249220182003	0.5163288656065983	0.7170253621985333	9.87307664244934e-08
RPL28	1.024044389139155	0.8544335379251374	0.7796718813255463	1.0950808799614418	0.9599528784162876	0.8137082622753896
TAB1	0.3707627813333345	0.4478537032167506	0.0041047890858320335	0.18395624114198023	0.43261241754919194	0.2720259140850718
PEX12	0.1380809680774371	0.0530708136261506	0.14920700070509932	0.06697726147153055	0.17870570945079417	0.22210388445692011
ZC3H13	0.29189815034004085	0.305665847071342	0.27013929903815725	0.3803938241903722	0.4733634490483127	0.7376234104174345
ATP6V0A1	0.6493224464307091	0.4980882739123932	0.21341006497971973	0.000357455385561552	0.6333004168392058	0.8984192134960756
YEATS4	0.3317786189297035	0.44128962762338136	0.45962268402214196	0.870667413019167	0.0010439445714444874	0.8592659333566178
GRB2	0.8234622947605423	0.7610506853234694	0.6081127011970179	0.8476706792199616	0.8497312200678866	0.7342228286776937
INTS3	0.8413509077034035	0.6937626955040691	0.29725911781445713	0.30792167640790236	0.7525597913571379	0.6107028924135405
MBTPS1	0.9262175798393043	0.6538236264342832	0.6672325673626529	0.39310043706442444	0.9585779326641919	0.48268438399388686
HAUS4	0.8909481224246688	0.6841411355738207	0.3260105869784328	0.7843880481990203	0.4265228473007305	0.28971758348170173
CSNK1A1	0.9687751163843868	0.5322586278394955	0.9359084199643087	0.8423919385928926	0.7524883782078089	0.7937969931498385
IGBP1	0.9421498610392911	0.38006051957056874	0.7454733059745712	0.5589861872691728	0.6385165671016783	0.741337259342707
MED9	0.33438709855993776	0.38736167631093643	0.05264188609510864	0.2524690482539692	0.3742506469395339	0.2686105327505105
UBR4	0.5449176904653422	0.6938434255283112	0.4369980670395959	0.2808624805542406	0.6435263639456021	0.3434501494383024
YBEY	0.18164935286574846	0.0013678986475469017	0.27579924998863287	0.28036381643676567	0.19251742786611223	0.7546863669778143
RFC2	0.3880035061099953	0.8714537039733263	0.06879478036133924	1.479109173734082	0.6831247885657568	0.4620255589883873
DUSP11	0.33248130875638354	0.14391176310558132	0.43404694933913396	0.3077379048301423	0.15576178153174997	0.20458236147288741
TADA1	0.2185293032075732	0.41636692865732405	0.11816315903198511	0.1938573519105543	0.0004478806118839887	0.47628753787782424
TRAPPC1	1.001069344564787	0.9062232758847546	0.847637785349204	1.0416106306614836	1.0500276458009643	0.791441390644692
PTAR1	0.11736879119760378	0.19405761812477193	0.5636198396078489	1.0349547548933876e-10	0.13146571632720708	0.6375436230465551
CANX	1.0648652962439937	0.8994472033564076	0.87820419537302	1.093195289056792	0.999623518765807	0.9019715668595613
PIGK	0.04774284040362221	0.06627080314647128	0.8540840902568679	0.2861868769677632	0.4797667186092597	0.36919006288344436
MAPK1	0.4411446259410914	0.35043625237864917	0.4643694789854218	0.5669401916865207	0.5972047696028246	0.5600601744870132
SLC10A7	0.11320686428095689	0.05315202668414239	0.06655728339573995	0.09366983874879088	0.05673199803994792	0.10311729038541007
TPR	0.7257553623193064	0.8484738983313793	0.728420677608442	0.7969777967209015	0.5731135513248137	0.8320554475945471
PTPN1	0.829234177292909	0.8720125915092959	0.559551727900022	0.7815117315764778	0.9868409047002882	0.3106429000006024
HNRNPF	1.0303446936820502	0.8689597679790904	0.7638033847345204	1.1202597364167637	0.8809914770362849	0.8756813164046394
SRGAP2	0.18698600087619577	0.5266047174185842	0.27899949975514654	0.2247634262206762	0.647750952160869	0.1416951176827164
USP8	0.6503053191374769	0.17186884805103408	0.4982477958051914	0.4327990432256831	0.5883550757948048	0.6908266829694707
RANGAP1	0.7705045605330186	0.8926461553698357	0.6087934807557406	1.0207397844316837	0.84720204467823	0.4198817299918135
GFPT1	0.9172602175835551	2.9880229923499533e-05	0.73448209159032	0.13685468092372804	0.4845258340849037	1.0086751699638887
COPE	1.0319262612803586	0.8892776928451451	0.7840117871902395	1.0281000933467257	1.028523249969263	0.8605787508282513
ANAPC13	0.7588508793014024	0.5796179184397728	0.9589609316783635	0.7489850894301037	0.7208531941783474	0.8718557710423639
STK11	0.7094082715297325	0.575666401479731	0.40264757640343457	0.30959280556528634	0.6216438205124505	0.4662787817640145
SMARCA4	0.979681851348104	0.9902612474337504	0.20864879519800797	0.5637915683538599	0.9269007034688364	0.7326636307613661
IPMK	0.15732986346288172	0.08039318817572907	0.17480019126473412	0.15708999047558536	2.132726902038137e-08	0.2045340221394023
BIRC2	0.3893170561864434	0.20279798020036935	1.3679071824443596	0.47776152557617796	0.4176281506397879	0.3878543293645202
RBM10	0.6314045602544952	0.9324798419271452	0.15859640404560466	0.7183202171829047	0.7722672406053153	0.5999700578346099
ANKRD35	0.05600606916478831	0.039705454315840584	0.05621670750619191	2.038738246032176e-21	0.0417012822023098	0.03938951170163627
MTFP1	2.528253645597386e-06	0.08222979572661412	2.680885097692967e-13	0.7049900435096623	0.12874597918294048	0.15997308671719224
DHX15	0.7216929734084139	0.7727647510253879	0.6404003127965725	0.936870052627075	0.5870912883942365	0.7576021304147315
SPTSSA	0.9529419792043582	0.5767915925574756	0.40950754501371717	0.7182267015231211	0.6734939144774825	0.5951178473021442
UBE4B	0.3430007514654422	0.4816721980643038	0.21815195365299117	0.29085737152649155	0.41762640911842097	0.3377923015145475
SMARCD3	1.1655561668320465e-17	0.23680296821343258	0.06230336212955478	1.4359750405788024e-20	0.4415433927070987	0.28794806817037844
CCDC114	0.07051952210542473	0.054559831269887796	0.03613879686245813	0.03130006041689775	0.03658691171369378	0.06447520674036117
SHOC2	0.3298074345232532	0.0005425886026033553	0.7405849672028899	0.11596441758368438	0.3042242358213763	0.711228449611606
CUL2	0.1478884751749479	0.25837855494450124	0.6765915441790095	0.683304893130742	0.247907327910335	0.413338126811152
PGM3	0.3943479067870016	0.26557677654304723	1.1443257567096645	0.3591448067726873	0.5760951494936352	0.6106590449642506
TAMM41	0.08837229039374474	0.09604416640659363	0.08699216612851046	0.23387299642831394	0.0809478506910099	0.14602034479252807
ACTR5	0.29319387609434366	0.418193161937008	0.06148594223310218	0.5424225063114808	0.11388338468452373	0.14528629044511482
DNAJC9	0.7269528504921868	0.9993247205050688	0.7025336646710342	1.212859139018155	0.690017675454279	0.5491822324416985
GET4	0.24304449134377543	8.604895539958385e-10	0.03708984130605551	0.1527288441279702	0.05526879012837719	0.21807995941343147
ROMO1	1.0548610958760962	0.9162078793400398	0.8105141599533944	1.111324941533158	1.0137170717677841	0.8382674106815938
SOHLH1	0.013658360634900711	0.019388531299633853	3.301070169671362e-06	0.026939370875818297	0.006202763848988015	0.04477016812105767
RNASEH2C	0.40967011615471155	0.7369550755289324	0.5014874042601847	1.0418389730138788	0.7063649119294544	0.36470085796770557
PHB	0.9766691820033344	0.9058414893961085	0.7813357843990859	1.1918851903526935	0.9676470409034227	0.8757652797347014
CHTF8	0.7104841134371991	0.6020429724034968	0.43660966571638804	0.7783478371768789	0.8208318358901967	0.4297120193518621
SLC35A2	1.0961672316406974	0.23584455424474027	0.1643575017992194	0.23884143527012236	0.8944694663297099	0.15619605487085977
PPP4C	1.051400456879597	0.8360665181703121	0.6974431053986762	1.005036657144576	0.949422988067035	0.7412331925631959
RTTN	9.169264880347327e-05	0.2721044987540757	0.13142190926718414	0.18869316078432818	0.09770378405091025	0.16885654451550255
IARS	0.7630086284780097	0.6169387359092846	0.9105349696948509	0.956982672553813	0.6984974379829665	0.9311655787158107
GNB1L	0.30191816169437435	0.3039468215064905	2.789272905934939e-07	0.5301704915832456	0.3311192179427256	0.005617225726119277
MRPS34	0.9345535966210223	0.7397392759596021	0.5172208317563147	1.185493943566978	0.9149661510102247	0.8562360770318854
CPSF1	0.9948519266461724	1.0899023424581626	0.29947439530783787	0.667305582626112	0.7562542819637066	0.3680645669226812
EXOSC2	0.24558497130400248	0.8104172105097623	0.17062732732161265	1.0978563318894374	0.24020776042360512	0.3404241803478854
TMEM165	0.8018564060842116	0.18159854102537404	0.8845877741060231	0.46274176008863666	0.6881633763466444	0.6211908485976723
VPS25	0.9208444350630078	0.7586639733312778	0.770399311103662	0.9537049476075317	0.8762677634186821	0.8188598880683816
RBBP4	0.8572567627483627	1.0502235863173672	0.5824458310286349	0.9875380366459835	0.7988661845803211	0.8073089944274164
MRPL38	0.63178299304793	0.5588817427135481	0.11266450256826636	1.095949816708358	0.5129582228961148	0.5140740358518532
ETNK1	0.3341073266515557	0.12888990476669307	0.35927138156277477	0.42973681983664747	4.6545370481277576e-09	0.7868116855917437
CCZ1	0.7851209442760609	0.6052888903878294	0.7188859776601914	0.7793527411619946	0.6542262477975505	0.8107258596784769
TIMM50	0.46282780489818054	0.7890265980011567	0.4178503494523198	1.2148868753842021	0.778701383824112	0.662976798543343
NMNAT1	0.148821498893823	0.029846752011068574	0.1637859640434558	0.0624450021254179	0.15302544325579176	0.16718386226116883
ADAR	1.11319233528217	0.9482708115653101	0.6137884792230465	0.8064484216833182	0.9502642458737898	0.7610727727448479
SMC6	0.1276308944222393	0.4040578913969774	0.5427603909858081	0.5854937830867575	0.05642266077048349	0.48181321539784255
PPCS	1.057245818674641	0.006807873735991343	0.6125869822125278	0.510465423800001	0.4572570093835862	0.7270812389041557
WNT3	0.14676927942178347	0.16753999249298035	0.10813563163054402	0.08520007875261897	0.07838569496410132	0.017307684465649814
ACACA	0.603012301725164	0.680712579868226	0.20663443745450888	0.5656238775896714	0.4244255115121342	0.4733543049176592
SOD2	0.7065156518455731	0.3808123855666478	1.0259192927848604	0.4130300544803489	0.5465942970211695	0.638954139797592
NARS2	0.2530046630442722	0.4172087492256823	0.30118546079784053	0.6313046632859283	0.007646620019735336	0.6081194092024632
COX7C	1.0096500935944692	0.8161862219674131	0.8144548969859022	1.1279661050991665	0.9237504135040415	0.9254237319214217
ATG5	0.273763478099956	0.14214973987664437	0.8136216024993582	0.47571755748796685	0.1191612534346742	0.4367868676170689
ATG9A	0.760301125856632	0.5583362132851626	0.2724361236483287	0.21415704555318502	1.1253338071877637	0.37681005239848486
CD274	0.09236664987237467	0.025942113278137093	0.6136638772082208	0.0925081181830494	2.6278237223877207e-11	3.362129969868962e-21
HIRA	0.34378966018011853	0.3588030756106056	0.013976631643516327	0.5290087985331431	0.28036994802697307	0.4436803156122328
MRPS9	0.5808346398021529	0.5554335096537331	0.48360679903379267	1.2616605660359603	0.38726922035729877	0.5507249754256004
MAP2K3	0.6666178167692266	2.3199824571346245e-06	0.5721680708122493	0.9085179524677757	0.7498836427862053	0.4243258677965876
WIPI2	0.6774771322370486	0.4346433566466488	0.49201414696171314	0.15413736705417555	0.6607451296601973	0.5082365742494537
VPS18	0.4513849618180038	0.1988793261531984	0.009810585804755073	0.24615409794229687	0.8735626961707347	0.2116430082172981
HM13	1.0633609705817	0.5709894202757124	0.7091115305335188	0.8074575353126392	1.0602321000672899	0.5550034499457057
PEX3	0.11351538430505116	0.13229470296768606	0.48920535519448766	0.41835430623471825	0.11333603109331902	0.21391800132057687
LRP10	1.3624400963373253	1.2328251687938148e-07	0.6715675850571516	0.3199729683683585	1.2234411552782136	0.1636020940205356
USP9X	0.7067153052587619	0.6131180525897136	0.6422238734154698	0.2632636897582892	0.8050640160404953	0.7602513309116141
NDUFA11	0.1218241483833408	0.00037892226422336445	0.4209945037603402	0.7212916296498103	0.3509432237409077	0.8540063409365605
NDUFB8	0.5284442154905057	0.28033606822198576	0.5129210935484777	1.1958551513940499	0.6010075969838128	0.9480649826862544
FURIN	1.1554553409441157	0.26518135608833165	0.35119132927760266	0.3746257364703006	1.2895191991134611	0.21927111486276712
PRPF39	0.5488386994035329	0.6415862271034094	0.5463261157159889	0.31024356788821567	0.16502104510157148	0.5672759702367869
SHFM1	0.9536370344164627	0.8162497515797843	0.6165697874183163	1.0237755602235556	0.9682839230946686	0.7312358918713444
IRF1	0.7014279124700792	0.05737616299772392	0.7649882969481264	3.22254913520837e-08	0.2616015575365366	2.4122079746872572e-21
SMG7	0.8867233896351476	0.7748553172386098	0.17742628021271395	0.49986255630573917	0.5630470110468455	0.5747213803032758
PTPN11	0.7221914115416682	0.7233220201399262	0.9023231465249131	0.9328749946153088	0.6774200458731012	0.9182076277632096
CCNE1	0.18777101090922707	0.7507586149965365	0.011086437098804634	0.6358049105203912	0.24029083261708553	0.010031197084391173
MED14	0.3021371014707547	0.3702615963083343	0.22090459766522993	0.24956020652878186	0.359303268725965	0.5057789308872829
MTA2	0.942913433799716	0.9714998383601661	0.5572563278142639	0.943537305566147	0.7439794288674905	0.6519530353146915
NDUFB11	0.9930344870634747	0.9078464788684504	0.743361407660472	1.0202902921390768	0.9421658295863433	0.9288462265885362
ZNRD1	0.6331225547772376	0.5202800068756368	0.33922066368509807	1.0503729458644588	0.3233873536303228	0.4023056730810999
UBE2G1	0.4064664123655517	0.4374689809862728	0.6269753455520383	0.6697311356323359	0.4364239432793595	0.6144244065823424
INO80	0.32873303007957944	0.1472554009654392	0.14226956457260553	0.29880836480535683	0.22085000247528835	0.2164453545334924
MED20	0.3753209642083136	0.547554570023368	0.34622570281231807	0.329099486934996	0.3221557858694595	0.05946039780253275
CCNC	0.3950240297109667	0.2339863616505605	0.8038215704402096	0.8297786024663566	9.667659713160555e-05	0.6996203849866521
USP7	0.7635677477700346	0.7198796455010121	0.45354681316719875	0.7923432183144788	0.5448426766977337	0.8054137304160357
KCMF1	0.5429069295818627	0.3458422604374822	0.8215566723195471	0.8388645616226755	0.47757707194177185	0.5137161350146617
DSCC1	4.739175631323934e-15	0.5958719342931413	0.04869143210982858	1.0984504083942142	7.357887305111927e-09	0.46831369913177656
CHAF1A	0.2888775573551824	1.1324996154772666	2.34492757852224e-06	1.2283526009785903	0.6182591885926934	0.31366421491413105
LEMD2	0.9344666262078303	0.6946895196819868	0.4722449566739705	0.09323669293667368	0.8506877379765351	0.2220825818542496
RPAP2	0.08871531196982027	0.09172148058489317	0.3127520268805357	0.3068616371615983	9.409297694867888e-05	0.29533570454784186
HNRNPAB	0.9954387023736896	0.9324275097994277	0.8090106414341302	1.1681197732114652	0.9463614975368503	0.8863595141392598
CDK8	0.265044550836925	0.17659072514943253	0.28726096706772863	0.33711437045922804	0.0020494700827743298	0.585992458993866
FBXO28	0.41493526715968776	0.08008459422369595	0.4710054137527823	0.4075696692963671	0.14346283418715444	0.641319527216911
PARP9	0.6856528909781493	0.05202922295223539	0.182203219651523	0.0005762142265038113	0.34131354199330866	6.8408321304563956e-12
ZC3H3	0.5178168255343538	0.40491462993390304	0.0004008912938372015	0.21291993680893026	0.2937937379807821	0.03388922442850044
DPH5	0.028286143985777647	0.20101116071512096	0.5202839592650688	0.6081938580023576	0.01894117380260092	0.5995922025813074
ORC5	0.10006622395279921	0.0403397430681374	0.22443407467855808	0.7469215414112396	0.27812831832135576	0.5411938931039706
ELAVL1	0.3030710965567044	0.8461372964921943	0.37091820895277805	0.7332915509128474	0.46660361016475255	0.5256902983366455
CCDC115	0.9087885576168253	0.2688600807740239	0.27998640363908034	0.31249555848718624	0.6556768783478643	0.5528949833199333
SLTM	0.7961804869203782	0.6372362471554078	0.5859878075398017	0.8463360594090464	0.5718838082331954	0.7384317143847254
DCP1A	0.17535559309514195	0.16805070635366368	0.2565834053440612	0.2864120520888184	0.0937150247191552	0.4990956744235659
NSFL1C	0.5705172089770958	0.6697669815129593	0.4758612480950182	0.5903468847240599	0.7459823551462211	0.08682116962618089
ZC3HC1	6.27669845871823e-18	0.3753060364525986	0.14073667856360284	0.5534162590917591	0.5648251842724444	0.3107321614950679
NGLY1	0.1433748398198236	0.036590358211995515	0.5124761908409541	0.682338234924653	0.2701408206665915	0.542044574888142
CHTF18	0.49777994765547307	0.8871736948210763	2.4889276587539303e-12	0.7360940700767331	0.25015891360303283	0.03117095923642231
PDCD10	0.8026639759230882	0.23740716180242444	0.7689355425478411	0.7352806519569903	0.34266798547701716	0.6259859555911814
ETS1	6.994694981099995e-21	0.276459550663673	1.6957411793178552	0.210155204943261	0.6293526575904075	7.898587046855966e-10
VPS29	0.6512569834902622	0.37400500514983015	0.8322176378932118	0.7140423144026831	0.4008636601131561	0.8554740116853419
AARS	1.1185167565795584	0.9188916783603037	0.724645301681009	0.9187776050364481	1.0024353260322565	0.7813972973419666
RQCD1	0.3017455662562045	0.6413135275729069	0.2915815771426616	0.7800217393195098	0.40318457934262486	0.6599129177462627
ARID4A	0.29598390858773704	0.17195726903374528	0.20279892958960585	0.015353258941307535	0.031181094106219828	0.2559172440458997
INTS10	0.1934769106416425	0.18832477347773688	0.5056658105788208	0.7506785218250125	0.3015071926969327	1.1123765892550268
UFL1	0.5456465742219427	0.01195586472041766	0.7660300980664245	0.13342947520000223	0.1843656391563489	0.7033675927379539
XPO7	0.40645542431809756	0.7284786583286765	0.5142006568484178	0.693445235962704	0.544467058131858	0.8497167808728624
PTK2	0.6960384845143952	0.6839029596670516	0.5345202100440882	0.2743888158801159	0.2749691838381937	0.23047122812558024
YIPF5	0.601748984075355	0.24527482903253398	1.1486485235064328	0.26730059377558124	0.8755389625719449	0.37851248741510557
NSD1	0.5082625919774144	0.4172507055902162	0.2249732501166418	0.1486333403936479	0.3013727195184496	0.391936631244077
HNRNPR	0.5639977378027539	0.947841019904	0.5573163734477008	1.0541105389959617	0.6487099182170251	0.6871223750494684
N6AMT1	0.09777540523538006	0.08742719442774852	0.1742601773256483	0.07669748981873671	0.09865130742652717	0.23332646903870524
ISCA2	0.31828920206552913	0.2981289947186696	0.2536181838491352	0.39262306405223946	0.11751905984250771	0.06506628568396738
BCOR	0.26432062616093	0.642100870405208	5.514852736421995e-07	2.7534934462415953e-09	0.22643986707870736	0.5391044484792469
ATXN2L	0.9857223414793724	0.9732660712503485	0.5049088764386791	0.7019778258989372	0.7916348310805941	0.6975218536839733
ASB3	0.08904568126704825	0.17001099206210177	0.17391500995361434	0.12048355711638803	0.0829226788188487	0.12333798113775009
PIGU	0.8673819815451018	0.6983314825243372	0.23571110638269677	0.6077447420365051	0.731745777902829	0.19639196526477157
PARS2	0.18607642561226828	0.12639319363564316	0.04605967291264638	0.14668730919471792	0.07960612228518692	0.1441253168045167
HSPH1	0.7459844602533068	0.8809340148273578	0.6701531707301234	1.1082249832934876	0.7662151266321245	0.691841325450254
SLC35A3	0.5590726013272639	2.411865242229468e-05	0.416604704639464	0.16308657442081162	3.635628322598221e-10	0.43687027471339296
TBC1D22A	0.32887086895737544	0.052964571664553546	0.13461902136401074	0.16348883053041727	0.31936133971451414	0.1887649856796681
RNF4	0.4593058619279242	0.4935392904685196	0.42350770553892136	0.5169183558182051	0.6926697874639786	0.3571726616759642
TDP1	0.11420455534564762	0.370074619705908	0.15251332407596566	0.37546204064800526	0.04858983972065875	0.10894274142437219
CDIPT	0.9888956501982719	0.5665380050157119	0.4240369812969671	0.11693073222871625	1.05377098422217	0.5948667527299183
PIGB	0.18413788508077047	3.229785297324092e-21	0.233226765299768	0.15711433863379318	0.21590823416466057	0.17997261240867582
SHARPIN	1.105263997874456	0.5981112851048538	0.3538816110673312	0.42136897678451224	0.8480018899658831	0.24541691445134978
PQBP1	0.7999056774851925	0.8808378741984564	0.4069645199802103	0.966616549072643	0.8069381919266633	0.6037714529392056
PRPF6	1.0715412350375184	0.9826911422623676	0.5115448928821376	0.96099651065571	0.9553009559115665	0.5457946846498165
CAND1	0.3715544170575038	0.5253848946117677	0.6738329153961896	0.48065568306559264	0.1791339067461144	0.8151364818938145
KHNYN	1.1217892110074528	0.445081851824843	0.15166130153246876	0.09913256257231635	0.6680198661228819	0.19751396775221206
MED19	0.5629840289670309	0.5438833899074709	0.5014714841970036	0.36332557094430734	0.5382131792460735	0.15924088840122372
UNC50	0.6996854658738242	0.22420680513144242	0.6717608760333165	0.30582121526532496	0.5828898037944976	0.567143850489202
ZC3HAV1	0.5785418636207058	0.12988161562880846	0.2909366455409066	0.3584173238800948	0.5201448624983617	0.28302678266952686
RAI14	0.016176507183563896	0.473960214370884	1.5041752147204266	0.49126846334628516	0.6311378701498787	7.977082495530999e-09
PCGF1	0.32151546117403706	0.3449053056957674	0.1886882187483286	0.41856171394971087	0.3423310386544149	0.2989690161351307
TMEM117	0.10667346720059975	0.00440153417895355	0.10050617712948215	0.05250045954606366	0.11102920631225965	0.21819983947568525
PIGW	0.14422194688276216	0.47220776982831864	0.1892683820001975	0.8564209782016603	0.12005121603484463	0.33911628044641345
TCEB2	1.074295931676318	0.9283305246432969	0.8481929089771979	1.0947675856117152	1.0124399800360964	0.9053660357986602
CHMP5	0.9663415771419778	0.6753329062682979	0.9610142794289093	0.6169568751924512	0.7740138537481296	0.7686118759032444
TSR2	0.9064820169699793	0.9989900938671284	0.4054327622127107	0.7752389838834789	1.002842719156646	0.5081840235251338
URB2	0.03941225063104512	0.43869056605049267	0.001072320658704862	0.5116657610216333	0.0663574213296961	0.36317349747285466
LMNA	1.1945442750812505	0.1983621390800709	0.6701626214471689	1.268444822956566	1.390508957129063	0.3709910739505956
PAN2	0.5762892525390656	0.5580973616927574	0.08981955458448634	1.1209075093095862e-19	0.2216621238351808	0.5665520034272854
DARS	0.7009652225384713	0.6511942719453451	0.9354488890339671	1.0171623515688775	0.5865056908529246	0.7892612344762293
STARD7	0.9254096029383838	0.8660524126791315	0.6601093173409976	1.0324897850059689	0.8640198065886754	0.906837971455668
ZC3H18	0.7445466859201167	0.8958985088606286	0.08327434246968003	0.6532252663199192	0.7505546120244411	0.29617126832914636
KLHDC7B	0.1803279493465109	0.0270755807907261	0.07306956768734503	6.344389598965172e-20	0.03285145814387054	3.0846525163766715e-21
TRNAU1AP	0.12640081541800785	0.24083103114482324	0.23668645262969626	0.23303724808639717	0.1157285503858922	0.0925869423066412
EIF2B5	0.774947546841683	0.5798206292942646	0.1389633772564526	0.7299589243267042	0.5982668638989893	0.5514758122878276
PRRC2C	0.899665384292553	0.8647941445634627	0.5018756855428066	0.7128195111899343	0.7680115195983034	0.743379034758363
MYL6	1.0667804186923422	0.9190495144463575	0.8799073256662102	1.0752305474354729	1.021597146371832	0.8361793906194602
PDS5A	0.5552094200091755	0.5996107653074428	0.7074530828051815	0.752283635642474	0.31166434455034797	0.8295242681006
TUBB2A	0.063787742040094	1.2871174331526045	0.6809075871391029	0.28345919625577504	1.1996290634869717	0.47983257752334285
SMC5	0.34999474036674183	0.33800124017316896	0.6971529224517686	0.29593794837089027	0.06256072368593417	0.5750506705434559
CEBPG	0.8362791756240747	0.6247761030332762	0.800743597064466	0.23007014552447322	0.005782257951898295	0.9041639308383702
GAS2L2	0.047147926842685234	0.024785233373411694	0.00965569693673726	0.011978035920847193	0.010325775801845223	0.038110780597621685
LSM11	0.05297579517172347	0.13057218826003725	0.10738990949410149	0.13955956471433437	0.04028355671828425	0.15497396735953764
ORC3	0.05316908735544635	0.399197747344407	0.8256311764052128	0.529182471406229	1.3298676090736813e-05	0.4693908562029868
SRP72	0.6424762461384717	0.6166559100363278	0.9272794539844978	0.9764647303445481	0.571585744250074	0.8781260461044998
MRPL50	0.24161748951414963	0.24255120467477861	0.35916111603139994	0.7065292067702492	0.08918584850579579	0.567438188351775
MINOS1	0.33398925656040235	0.216501015923694	0.3019839288275796	0.9099278925015502	0.6654665228259301	0.5133423323082981
GLP1R	0.02170445106470514	0.05517450626257781	0.01189996131543969	3.3314976397845346e-21	1.70829780422124e-20	0.023779347555088443
TFRC	1.001911021112753	0.7825714025416278	0.7284820581961692	1.1634377970598466	0.8848231964400246	0.8030925797824486
INPP5K	0.39042113855636235	0.19270303745805695	0.2807198326950515	0.04766890981953089	0.3862212273865346	0.2915703603836258
FAM50A	0.8846831722346225	0.8927594041499719	0.7778055098385057	0.7358983270269095	1.0575601523429239	0.6270991038783649
FBXL18	0.281216609728062	0.22885844241179018	0.0034633336916910576	0.16012871024659345	0.3029683612257554	0.004050073439281184
PSENEN	1.0117401448637353	0.6150070570226659	0.7752992325503885	0.8562270309920322	0.8223379406870489	0.7516866875199231
SMARCB1	0.846659357510294	1.0800410565134093	0.3710302261288603	0.8988932497309914	0.9030223899389276	0.5005114211736017
USP18	0.5365343386751593	0.35540576914501837	1.3402023246973297e-07	0.011323246835800509	0.2272024166886025	0.06040618923388051
FECH	0.09852860838789725	0.4127789220789593	0.16699729457629856	0.30001426319123925	0.41705588794124865	0.7171589823085739
VTI1B	0.9003263174614652	0.7318638285059884	0.8337179041916668	1.0287468097921848	0.8345830492002173	0.651067228744174
SDHA	1.0809886879506496	0.8855793475027337	0.6036521483125897	1.0083820553337648	0.9961561088854235	0.7110360442795756
DDI2	0.36773545398241053	0.2815251947754025	0.02749136733580163	0.2778391584945178	0.15783203886610903	0.3306314055975907
TUBGCP4	0.33296549987904195	0.49124045432386054	0.049769694827927195	0.4518175998643239	0.2287145987349345	0.3665554637990228
EID2	0.22628356470525954	0.5938689944652336	0.3277966917217905	0.2639861878113943	0.2760636364775389	0.2248162246588727
COX4I1	1.010123552141223	0.7123371238941223	0.6738329634654086	1.050829147685098	0.9020289182661921	0.856265307313902
PRPF40A	0.4974490753313782	0.5024280654247005	0.8248498826149386	0.8384494264995708	0.24323221929077843	0.838749360545693
RPN2	1.0737170428271978	0.9331053070335779	0.8425136645420945	1.0754768703450834	1.026706730264968	0.870811866712012
MDH2	1.0162817693901722	0.8485962003599846	0.6539405737892359	1.1040484766718606	0.9881701827186071	0.8959239587373665
EWSR1	1.0381420186974617	0.9663793567475755	0.7945953424397927	1.0827983764166496	0.9696811015797151	0.8658349492977654
KEAP1	0.8340229829637392	0.7674203913042151	0.45142819411665186	0.7417894751728669	0.8770710152316882	0.6283159812085254
GPATCH8	0.6098682962219002	0.7054172888775426	0.3196825226936913	0.17178712860014536	0.49642000204333714	0.45601659605201206
WDR7	0.05741233995286787	0.1620607450869569	0.11058562607221134	0.0003504879966147742	0.09247574670758167	0.21813720688812185
RPIA	0.3897934937190181	0.6579970317539076	0.29373973007179777	1.1786251499712	0.18041040945133197	0.5321660848564856
OCRL	0.5549887759819349	0.5021997036927934	0.5589890353704913	0.04649328002884224	0.4369163108478977	0.5409339630284176
SEH1L	0.22164191364104632	0.6759611031328593	0.6846283043209707	1.1413009241117715	0.050296769325280447	0.655286383306849
AZI2	0.10395809867760399	0.20319488764382496	0.7689118637491649	0.38814526829445717	0.3565377395999376	0.5943096420929608
PIGS	1.0279949110427378	0.8159482217034926	0.43361809471650087	0.4414395115288896	1.0488185000865138	0.4872935543652302
PGLYRP1	0.04025220251391838	0.039577347491138955	0.022162436498296568	0.04233377416358786	0.030626079763033894	0.06839155486764627
PISD	0.5378516364994123	0.2528524352074381	0.19582955415465145	0.208433129979619	0.43518104523873075	0.05706651281566344
HDAC1	0.9822411698127208	0.858714745208636	0.5484512735332328	1.120782230905776	0.8099458304284488	0.6032117098278231
NADK	0.7377011806798046	0.4637459656799093	0.13702047185158822	0.4192220164595375	0.572326993437361	0.42481118998560924
METTL3	0.4902156098929112	0.8891621497920658	0.36511124614052326	0.9258156386312271	0.5376623277813124	0.3703384771414664
LSM10	0.1398414569560693	0.293398973443259	0.3609697869883616	0.9753518188157784	0.792441821240427	0.5260440265973788
MTA1	0.8297353756712127	1.0011775730547636	0.3269600852844091	0.7276529522778294	0.4033403587889706	0.519121928257383
METAP1	0.56007782401453	0.4621807547862434	0.6680944749858717	0.9107732496478061	0.3411729453297524	0.599063596507773
GNL2	0.2551336216796566	0.6647119688187447	0.6152928462230004	0.8278530126090238	0.32331374178911443	0.46610006799068027
COPA	1.0520116654649265	0.8724514677846726	0.7795272762143958	0.8364096751682139	1.0578977185855947	0.8295414917003049
PUM1	0.834614742968069	0.7884906276847706	0.5268055668696686	0.3162887858682788	0.5189198427045053	0.6015961823801954
PDCD6IP	0.5642618793830676	0.22334174656591546	0.8343740053824781	0.704444208972462	0.6378128957748459	0.7142181976795127
CALHM1	0.013980408105685157	0.03759030087019184	0.033286303490605906	0.017697048842778337	0.011210887708510328	0.05477070458131862
RBMS1	0.16041165195162507	0.3115145478588282	1.0954290302872338	0.46619983802991627	0.7443515764925717	5.757853922504027e-14
MRPL15	0.7455003523798174	0.6699070676678835	0.8443622501605891	1.1758682808454097	0.6470194428230729	0.8949230704851203
BRAT1	0.7211998953338222	0.6748467938008992	2.7746281709206254e-05	0.6942227488078484	0.7896808952075187	0.4836509060374088
SACM1L	0.1375378604181924	0.031655773258879936	0.5682510560340233	0.4857942616577308	0.3447187741853327	0.8379681015307876
SLC25A22	0.37125262444685136	0.5298974919975262	0.18799831427205638	0.4930992149977233	0.3520126994476488	0.27271772096183405
ATMIN	0.5955796774313704	0.42948402191005663	0.3711405369062939	0.20787625495802148	0.33701552717209277	0.4497189771859167
TBX1	0.09344279080140205	0.32124310897633196	1.1462384706231483e-10	2.2593694103262198e-12	0.052296260251496904	0.04043073781583392
ILK	0.6811766587739443	0.6399237873881581	0.8716852520811307	0.6168132412411514	1.1068564896722684	0.2786746783851743
LIPT1	0.05436210000370324	0.05269968173502426	0.03202256937815095	0.07577249151454293	0.03577202930261433	0.0691269587974427
ATP1B3	0.8851918668683961	0.7219645749771961	0.7948621515339905	1.1812693106439163	0.9305414987783549	0.7316397484622065
AHCY	1.0153869760352898	0.9718324924782432	0.6559307921998462	1.2058350945246668	0.8807151888947665	0.7968088280573575
VMP1	0.9620394454561619	0.5588471831962855	0.9233103936678084	1.0516376021497806	0.895684400901786	0.808568056407462
PPP2R4	0.9201284240400468	0.6076398904411094	0.35007085566355034	0.7583343760245964	1.0608927985744137	0.5515101040171267
TSC1	0.31228642108677673	0.23015532950959242	0.29251127477668576	6.104679020142326e-14	0.1719064413904669	0.2995690622533583
COG4	0.9158482157813826	0.7735741139032427	0.4009604480169207	0.5676009310424249	0.863505456485152	0.43456100140117615
URM1	0.6121173739204797	0.4709059243470982	0.31927246041042584	0.6904921018061273	0.8587895259747638	0.5207381554545965
LIPT2	0.14342307832074014	0.08911772120185814	0.04569105929188087	0.09378513567636391	0.03670631655216162	0.13633110504976056
NOA1	0.6838796192843811	0.243120543960904	0.44683607491901967	0.5829514492628276	0.13983278677767833	0.7181079543785046
POLD1	0.4391700493494815	1.178011336716586	9.68435865240118e-09	1.2544279770778768	0.5011197190612711	0.12879245364067018
MTX1	0.5597230855864705	0.48654828672806133	0.13901436908345505	0.6722946105161454	0.6135823256131301	0.3497270190819683
ATPAF2	0.22819829187113747	0.1850611566711665	0.05019503431930829	0.22062564979569113	0.17720743530819133	0.18683874233713132
DAP	1.0243476870361887	0.6658824201401853	0.8707204276224041	0.8058980253176224	1.0199108254101437	0.6185585913020141
TERT	0.010952019608656815	0.14455823695882133	0.0017792985109395896	0.15227259150465172	0.009072826444075442	0.09326787491737448
PCNP	0.8568108154904578	0.7770687894256649	0.9451425820999484	0.9184843714491372	0.7587930542511598	0.9813798584309829
YAP1	0.6894543235995981	8.838070892634006e-20	0.9584786634226833	1.3863869277682104	0.8312780863190633	3.7957537282425004e-21
CDC20	0.7628019911510188	1.1630193619176927	0.5306795293259551	1.553448410564276	0.8461948375853181	0.3402028922537913
RPS28	1.0481455288682624	0.9110849608068318	0.8272966619969099	1.1127284515913627	0.9889428515920478	0.9084986298167405
DOLK	0.6595389827837148	0.39977457093826313	0.15403728673075068	0.44347639393224275	0.8428354615293431	0.13768408397545473
C1QL2	0.010272663171246647	0.03793713565307366	0.01357228217724222	5.4597126323998555e-18	0.00414387668843421	0.027306292767270635
B4GALT5	1.0082811194892212	0.901192052787976	0.515478316941931	0.6869521338183289	0.8694490456642329	0.4110759351844024
VRK1	0.15910207162386572	0.9024975979803364	0.3216755745296501	1.2839920126110924	0.001241023390270018	0.16922686565395592
GFM1	0.4987409657459022	0.18885149014785949	0.24561550058324322	0.8134319443208351	0.35155493673136906	0.5713586461760757
SIRT7	0.9918046383671804	0.2978527003182561	0.14956486195746804	0.5884107975018998	0.4939662052673115	0.17200895683110556
IL18RAP	0.018349279692888583	0.011702211195222599	0.025851247086863486	0.02682399015133735	0.011695443036146877	1.3133977339184384e-06
RAD51D	0.13201503735406367	0.23316257661006698	0.05626753766731232	0.3109112836730495	0.25537413093125744	0.22701893018255662
PPP2R1A	0.9562674400407599	0.9262986298720102	0.6563840711216651	0.8447072315036112	0.9983870610097949	0.7595188086693758
PHF23	0.25293720888473487	0.3781217082241175	0.3997682539115895	0.6774384853698538	0.7979366271186626	0.5590561471790799
TPSG1	0.024387321594889783	0.016999391995041184	2.125865282850394e-07	0.015793129269548758	0.024157688548186403	0.07446880329372786
BABAM1	0.819137428318864	0.8340266611003483	0.7070457300647027	0.9683507793533235	0.9739088379962525	0.6682809364192654
KLF3	0.9923731135310427	0.004856158273847388	0.38562597381695973	0.12883734879317793	0.12469937345608785	0.5350685251367647
NIPA2	0.7094815653030547	0.5381128146068076	0.5419500997858933	0.9736891927276974	0.8658936851128216	0.6555755924376752
AURKB	0.5595717130207953	1.237372855186192	0.304352866358321	1.614027949290725	0.7185874337476912	0.24599966542168225
PSEN1	0.7604333616037486	0.24148319202445317	0.414826074256459	0.003269856536491829	0.22250203972870683	0.18288926348490978
RMND5A	0.6587910967315357	0.5390866443233029	0.014405540903449537	0.24472888441555074	4.008611442844719e-18	0.7523038867799827
WWTR1	4.73874152041936e-06	3.6040753011453114e-17	0.898270902876409	0.5320745697249868	0.9385407379766997	5.624297820253111e-21
SPRR2F	0.08695734447923617	0.008082927946698966	7.085178950979287e-08	0.01431450206335013	0.016916006119746564	0.0006544733714290773
NFRKB	0.5482253154869693	0.5512106807801813	0.14878140017949756	0.27025594122989355	0.12865222941256402	0.20831131123112592
CBR3	0.08132264761800373	5.3730810309791394e-21	3.8487033145751497e-05	0.3661830770354864	0.8537575707006173	0.16781545003742115
EFNB1	1.1280530903031454	0.36020621837710204	0.019061908214788457	0.1200501957732037	0.44227917615115425	4.099157704600089e-14
RAB35	0.607542970529464	0.47554209985654544	0.41864915331045294	0.7322902202059749	0.6982472872203115	0.5023059888212921
PIK3C3	0.02908513897011165	0.1352973670331708	0.35339439511598036	6.418402483939882e-18	0.11635558699994868	0.4232333436380913
ASNA1	0.8664964943139514	0.7975271299846266	0.6823887597862708	1.0091534965650073	1.040848293419372	0.7777898159518767
WDR45	0.23352827716292118	4.996236666399745e-06	0.31082589476527456	0.03691960586075806	0.22895804001069145	0.3846447340166762
PPP1R14A	1.599967707510855e-19	0.3301312109755226	0.554581982517162	1.3833797956605799e-09	1.718251072600986e-21	1.9183067774228306e-18
PPP1R2	0.6582787415171932	0.19015703463862615	0.7306066030343787	0.4324171683611987	0.27458319104167955	0.7916852469025544
SERBP1	0.7886233723960242	0.9004182396040139	0.8444900483891181	1.179364729210216	0.7470356034582044	0.8602192826421761
SLC4A7	2.376554773073676e-21	0.11648848592149587	0.8401881499955023	0.19002555093698353	0.37520706591128405	0.36469201601556345
PAX3	1.6362378725147524e-21	7.00058914572836e-21	1.8264853383649388e-21	0.021090230820581608	0.18611530850447328	0.0745420208684321
DIS3	0.5221407061930584	0.30534353179730955	0.7565949058379782	0.6360981233579024	0.2549852909416448	0.866864199445763
PRRC2A	0.9896657389707418	1.1316553048093472	0.5361430274205147	0.8490627056017535	0.9946131148691103	0.6390871925322411
ATP13A1	0.6951149283091317	0.5592639391633035	0.1279585593089088	0.5150897947092917	0.8305984283206153	0.6687390879371139
PIGX	0.38254827869447966	0.21808761071850785	0.17389196664075096	0.22160526036780387	0.24342338901606997	0.46221220996067824
COL6A6	0.004163111502492921	0.02387658201077722	0.038036635248238956	7.46755906391996e-16	0.015340899496935375	0.06268077129691199
CDS2	0.319719988945827	0.3213939161748244	0.23488364117951843	0.00033022356873541774	0.3281398299246903	0.2859547008332969
PRRC2B	0.9948066252780124	1.1248349047693134	0.40965672180563145	0.3110406310242582	0.7550670714065346	0.5779892434714762
PIAS1	0.37765343119110806	0.3486254308417295	0.17063746104784377	0.12280809501901387	0.21170162570609927	0.2555043546894847
EXOSC5	0.5717342015165474	0.7600796289681436	0.2665743548524888	1.2115612026546352	0.36482647663646267	0.630153243746282
SLC25A29	0.1814059258042879	0.2172802400794387	4.919303408785057e-05	7.795936518420967e-11	0.08983220290403039	0.20872033291565795
RNF114	1.04133752775693	0.7430464919262317	0.5789811337018875	0.8174836825610866	0.8707250152292587	0.6653270292681699
RPE	0.5764158719392305	0.5825054104883454	0.5786020288552084	1.0232146112109055	0.6876735206094585	0.43571951157037375
UXT	0.7909386429267473	0.5112145491741968	0.6593042401793655	0.8555880419215428	0.7983155012084133	0.8624085505785594
SYNPO	0.15793786059257575	0.043314824882470813	0.48646402777747977	2.3691082333115903e-21	0.5016762913404269	1.1588280160155242e-16
NUDC	0.7838859857826148	0.9367260361706147	0.6387312928523792	1.2230085236871153	0.9007568099824618	0.6619437066163015
RNASEH2A	0.6155781605473412	1.2039771192556494	0.4139852181922859	1.2982021002101003	0.8046190507914666	0.46044045672565376
MRPL47	0.8248942434266262	0.7497375450084266	0.8455047753495243	1.1938904852586494	0.7163964842564489	0.8716871795267906
DUSP23	1.044530781270473	1.7154059283759897e-06	0.0309756843929756	0.4250419725505453	0.800595503086282	0.6609489530020626
PLEKHA5	0.10709207783796398	0.047558419777365926	0.22330744617664464	0.22928792189169625	0.03685119924773138	0.31741475727276175
MESDC1	0.382540421730542	0.20426346080479288	2.235228152001025e-14	0.5407792893006668	0.3949226375038561	0.48071332710554265
D2HGDH	0.4426511022213086	0.07903112415083134	1.2799563103972175e-05	0.03854636984786624	0.24783687868800766	0.284797415317379
OGT	0.9695159810902066	0.7391177589807488	0.9361634876353544	0.5312679916347443	0.4884276072173817	0.9156742872661542
DIDO1	0.5675718315505995	0.5388486403229374	0.1432959951177075	0.23726618129521707	0.3196507116501289	0.3104497634051488
SDHB	0.6301066780839778	0.431882213923968	0.6378049720235837	1.3046281964466404	0.7045789106660868	0.7806422418069903
CHMP4C	1.7849885020921825	0.13214100617503519	1.6512521583385814e-14	0.10910116476537116	1.902413972210535e-21	0.0070498223116331115
NT5C	0.7231734266776798	0.4271426179565584	0.5058631335779795	0.9139226926383688	0.5874785455106404	0.7224997798597741
RASAL1	0.2880791259668458	0.01937825396074011	1.0389508470321393e-15	6.753874463236132e-07	1.15937159697861e-20	0.20927605186827825
LRP12	2.3867066552038656e-21	0.3155016241884605	0.6847889512698692	5.3832168736046946e-21	0.6885108382541414	0.27828355097748253
INTS8	0.4406119554048273	0.4311494625595317	0.5508508851488045	0.639308132838813	0.10800159880005102	0.6521369714576177
RNF168	0.46115695143962687	0.5030818249146904	0.14857935951331264	0.2654976578309937	0.11385988133293426	0.3210974854201596
ATP2B1	0.2972106823688663	0.20267962694414024	0.7724987851043484	0.3347388324878323	0.45298905513468946	0.7749903209993514
ARIH1	0.6615772867781736	0.28035204839447464	0.45262526014988014	0.2679104338174774	0.4819115679515075	0.6620729908078763
RRM2B	0.16866057001111026	1.618600159304596e-15	0.6825983212121445	0.0003420223005866833	0.37993585110913963	0.7923404228692977
TAF6L	0.35235251175676485	0.5715125448699285	9.346878467602742e-08	0.38315690815194714	0.34005299782429327	0.19504195988709877
RPF2	0.01182652604889455	0.2681143763303256	0.9349289853382032	1.3682831584237132	0.09169274755666762	0.8035176184649864
TFAP2A	0.5526935308816141	0.1352817317646724	4.617740210489034e-21	0.27532748140224667	0.4937668351283026	0.03773995941399183
BDP1	0.15165622953694727	0.2609759475082933	0.37940927704213323	0.23537111316147286	6.592329709939632e-08	0.5246618069444986
GNAL	0.02759229628494415	0.07139856886522347	0.010724124807235178	0.11868689803963944	0.043692310495543646	0.07598013092563151
RAD51C	2.1696099617131437e-14	0.5249537069910739	0.21511553034597403	0.6770173895660749	0.19022782321678372	0.44090444452953576
SIN3A	0.41204839360707035	0.617759480557908	0.00648000642858132	0.2543771929664092	0.3229751399517455	0.16293552614536272
COG2	0.1874646583435378	0.10433281314417883	0.04952058592625509	0.17442717329247198	0.05630069470179056	0.27721267276043343
TSPO	0.9568686024401807	0.09167075210599923	0.8293245463798509	1.1764006665584872	1.103396322701002	0.8505260873087024
RNF32	0.08433429228932952	0.053903879664511066	0.055806703356029115	0.08072903529657575	0.021720799933748754	0.12245065220426658
RPAP1	0.2330500871374812	0.34771002461119466	3.6844048978301987e-09	0.3644951267449167	0.3263275535577181	0.2533644502888192
TAF1C	0.4781118608126532	0.5345910697033501	0.0029268231545484897	0.34965150270877876	0.5757434523882822	0.22458227709440087
KLF11	0.29015325000539016	0.25381311973654885	0.19431407634768835	0.0009732596498347005	0.13751769201104086	0.2852329596655383
RAF1	0.6586562400503164	0.9107438987677665	0.5973997633680073	0.812456070454396	0.8792451487052731	0.5882180298259218
EAPP	0.916765397964837	0.4169890847423412	0.5930838009327851	0.2921107829222173	0.37591774054447924	0.5874174688711462
NAA15	0.0017641914779394155	0.29842673956040383	0.5135185936372031	0.9137262693730998	0.05562088347424774	0.5309599752206277
ACTA2	1.8454390078182984e-21	2.5033665347498522e-21	0.23132237554281132	1.6837889686826018e-21	0.884708123706734	0.11614852884200126
METTL1	0.19165956802186868	0.30197537633565524	0.23299816334290563	0.9994662669742729	0.3128640871253027	0.24028220204431
BCL2	4.10333207543771e-17	0.26614123729705974	0.02615247289570579	1.9100183714076533e-21	1.4827134914987356e-20	0.3349462369613287
DAXX	0.5987966820207187	1.0156714135084477	0.3952516669689467	0.7373541238182411	0.772248041967094	0.38160614583856867
LMF1	0.1549709452949637	6.792958379347951e-09	0.03545199774496343	1.8740331787198405e-09	0.16133678374192553	0.16776513332397422
TUBGCP2	0.5578241595924124	0.4225036412646653	0.33682757857836915	0.5627502959563886	0.5823736269391235	0.2757724561302785
NCAPH2	0.42084391972105506	0.9841426860216123	0.08231571105526239	1.0280936918391437	0.6998645027605606	0.27765746106115496
PITPNB	0.4670064366231446	0.613383052707622	0.6154941834850215	0.9165672613672454	0.6281092344391003	0.5580697353756737
CKAP2	0.32796589181147395	0.7618838504148359	0.7519139461671119	1.0487461130620161	0.3800254715186056	0.7240019083276868
DFFA	0.12197224197354836	0.5479799799248061	0.42379413185213266	0.9162100752934685	0.26759854756040036	0.41781673374771694
CSNK2B	0.867156197891316	0.789684677887549	0.7330347993440703	1.0328075748124041	0.813244394993453	0.7425563915750888
VGF	8.906142852882162e-12	0.17261696969224888	6.326517300875516e-07	0.014981649286871705	0.0919966544229266	0.8220300551442857
FAM43B	2.4041321559562493e-21	0.10234406058632191	0.03512218224911191	2.2437903202235824e-11	0.04355978661903202	0.015481478699297035
RAC3	0.45914522905821414	1.2085990840908094	0.05382574477416146	0.5288867519980018	0.13569096568287128	0.3523397114458205
TFDP1	0.8499757351332458	0.9235365294906882	0.5688140759213333	1.1007477297351929	0.809542406650784	0.662720624687963
NAA16	0.1283039630173049	0.23405936762755644	0.08547319277520489	0.186495125902763	5.35214422066865e-13	0.3180728578147853
MIDN	1.0538894492034212	0.5408017218824512	0.2924449745535224	0.17157555060821145	0.7475002167757827	0.5084939834233355
PQLC3	0.5080503662693415	2.001557940513902e-21	0.35541375277082315	0.020293672723739126	0.48055038183480575	0.22094996692002994
MAD2L2	0.038193110626666665	0.8978068356964958	0.23435956103464575	0.6437596076090574	0.5070598389282627	0.15886891466997485
CXXC1	0.34583640235269003	0.7733046053516656	0.15733380571290354	0.3400317969351897	0.5351388678368488	0.6794230023487763
BYSL	0.26063131887925234	0.730826672207996	0.30895242574308257	1.2114639128378877	0.5314634535178686	0.34350651174938135
NLN	0.0006595286541798866	0.2109263716333686	0.4039188724036066	0.5011149360865031	0.024649265158137666	0.3815257166694317
ICA1L	0.024157834377625143	0.12813670548058195	0.09872251358843079	3.721542407685254e-12	0.022257967155479723	0.1578552343857627
CCDC47	0.9541125701639823	0.6923095888976032	0.7020394947097112	0.9939831839948693	0.864369708562351	0.838802668291928
CYBRD1	0.0797772699856249	0.03095696590351601	0.7705814622508725	1.083372203796913e-07	1.1564170332612478	1.679311037462794e-14
PIGT	1.1260635112233681	0.8338092888542646	0.6757304996446222	0.8401696452297238	1.1722600253493805	0.6454253635321597
SRM	0.3077688709211028	0.790201746843729	0.5916948774518853	1.4080511850522635	0.9058228273934607	0.7304284238094352
PAX5	0.009851521387610312	0.1949913918410704	0.003384827624071817	1.5217284215113038e-21	1.6876273058855342e-21	0.1111277670316418
KIF18B	0.09876616264289301	1.2353085031523456	4.191610518711843e-09	1.1379139404537664	0.4518393080160077	0.0035734511186208597
HSPA4	0.7152511604018384	0.7283647144242275	0.8339721790457635	1.1793368940031919	0.8080532078711913	0.8332575723988268
LELP1	0.008532186632650315	0.0004886876036040049	0.010363958937632813	0.012091881058579662	0.007903227395002953	0.011517753072026033
EIF5	0.8391766218357276	0.7791820001230055	0.8479170642799609	1.0351624929905348	0.5939484099992248	0.7110754758789304
GNE	0.3726399493964113	0.28082267293253194	0.29863862060448015	0.09967854352724691	0.42531738920882556	0.3061820389560267
CLTA	0.9093934226361997	0.7599564755779015	0.8636339439226317	0.9951380790202108	0.9195220851090193	0.8106769460776957
CACNG7	1.0267226890962647e-21	0.23829569933272793	0.00847478129775329	1.3498664281849745e-21	0.10352669205289804	0.011126496642536897
RPS20	1.0459220094080683	0.9207387268886582	0.887486006323268	1.1133628281556072	0.9579122212791377	0.9293157940032789
RAD9A	0.6653386993063195	0.5293267221093958	1.694478990598885e-19	0.27024598754066365	0.23484982582085395	0.002370331320724185
WDR82	0.628271618010735	0.8000750002621119	0.6008705712936654	0.925738837907575	0.8336519245516556	0.8177093425151665
CDK7	0.6248516018973388	0.03953268391933645	1.0398326033787648	0.8381729587238682	0.3984068030764967	0.5591430313119485
SCO2	0.5746478398294154	0.3814182233824651	0.19957785559106106	0.7965338289647886	0.7717633077820942	0.557470042114686
GEMIN5	2.2373394897411892e-11	0.41850407415670526	0.12820912745161253	0.9431088230682486	0.26561846654960936	0.32202866583964557
VMA21	0.11287994768245842	0.3076524346397166	0.5858357841302744	0.7236657529342434	0.2352684317420052	0.572611804401208
NUTF2	0.8083507946420113	0.8442485741012277	0.7425441865815087	1.106469808464476	0.8295682248900867	0.7139815424121849
