	C0	C1	C2	C3	C4	C5	C6	C7	C8
TBK1	0.7722617515533727	1.1830416625456879	0.30283304030417874	0.5310483974004117	0.9823707862568303	0.38312986309258157	0.43670585507115384	1.1159292889680628	0.8019340950518116
AGO2	0.738285676473094	0.862902742161956	0.7879674038036593	0.7155024966318084	1.2213677797670048	0.6419150567591576	1.0282233869675141	0.7065851572531542	0.661023801238612
ATG10	0.06355568806576375	0.05738343731703928	0.004261875361688146	0.027783753786641458	0.13866053130181183	0.05766035944565377	0.079574379193317	0.31065605245856737	0.13691658026030232
RNF31	0.4306245595054732	0.8161574336781552	0.8329909455831627	0.4034580071450867	0.9383023660183051	0.7137767527507741	1.290415621358081	0.2598243876867016	0.3541914200639977
UBE2N	0.5717469268504217	0.9811389453093935	0.2604472991553887	0.6435188402889542	0.8389406690507523	0.9743525044487663	0.37107972278430407	1.1646097569218148	0.9371864973890616
CHMP3	0.00025092077866615864	0.009505464698641492	0.06521282514403644	0.02530978506609078	0.023487714764588382	0.08942064660006946	0.06537877228858616	0.04964252669116198	0.017554405901295905
TRAF2	0.14661189947903086	0.6192213319430894	1.0949653967979405	0.6345424363316727	0.6025586763869246	0.15976762780850756	0.7736341140447842	0.2990800872430181	0.24581280166431385
SCAF4	0.6377982993343759	0.7022750478432149	0.5456276150180156	0.4111747526951654	0.8214165621976314	0.5149863986459631	0.6146945114854138	0.7742518003113972	0.5217808717537068
STUB1	0.5684195444962542	0.7765832179203624	1.0178687556739499	0.6530089300803039	0.9249713562383275	0.9851273024921594	1.0862593965746408	0.6654749620969245	1.1212579888891359
BCL2L1	0.6736826832166782	1.0463215170264908	0.975855613679835	0.5188532608764942	0.8932068132645264	0.814768141538364	0.8954801710994588	0.9256915682122766	1.0618289749294685
PSMG1	0.2532453094503356	0.2558700139931178	7.841555748834864e-06	0.5004779832813532	4.1044273415871675e-06	0.530461011937047	0.1260262010708762	0.5965536017704304	0.3814186753545964
EPG5	0.46945764702142323	0.4713842768871804	0.3292922593628769	0.14988957248670748	0.5117391889650643	0.4552005536319089	1.166977791953187	0.790744665065067	0.05566387219478624
ITGB5	0.45269898558121197	0.75715526359151	0.6160090478212763	0.5589889061614561	1.468529063069182	0.7703577113871101	0.6003551435861084	0.226424283999774	0.9326252885548503
DICER1	0.800156566087589	0.931031929640223	0.4011797368897823	0.41074810710873927	1.1245458648966447	0.8390047251650967	1.0641249278339995	1.1683223327110845	0.19711649851336727
MCL1	0.7757163923967515	1.078360252888218	0.9462863090976524	0.7374824310933152	1.2007018633081932	0.9765212284142987	0.9502377756028151	1.0724245866490256	0.9759979368331733
XYLT2	0.4117229628633944	0.5656397969971831	1.0531769602793324	0.7010683377840567	1.0202420031941526	0.3303999668878624	0.9612894569718885	0.2789545550626367	0.9919239547334225
IPPK	0.10661413381862452	0.15051319934359267	0.21876656641150968	0.16807995803928438	0.12148930599324834	0.25521464175247244	0.28328525605168203	0.13627241259135808	5.18531804081781e-09
PCBP2	0.6933543748969058	1.0293291927955621	0.8537387321393278	0.6541833682236331	1.113516513451286	1.0074108894398879	0.9976374782275899	1.066591754516808	1.1001123461841187
PTPN2	0.7290441935931065	0.967395728274406	0.20529207563193488	0.32069614235335864	0.6786030287302317	0.1670327073875425	0.22507904268430892	0.8153265948472017	0.11804023351836412
VPS13A	0.7571424764764066	0.8987455261675026	0.48369612155121977	0.16086064053759808	1.0848317501483857	0.46323400937415576	1.159823915971605	1.4535334938706523	0.6687368916080114
FITM2	0.0945194672976909	0.155062896866241	0.37171622166217094	0.03923456749698971	0.21042106379634667	0.4616447306787599	0.7634074033488673	0.0017272700204747204	1.0826462149980287
IKBKG	0.0040666598410924	0.1167175568303608	0.21353390229698688	0.08802182115838748	0.09057025899341654	0.17160392266093585	0.2822476396691709	5.0579497985195355e-09	0.0008864847838906525
RBCK1	0.759442879238661	1.1141833002551393	0.9490893782462395	0.7770755447281598	1.137818567876758	0.7310414816901747	0.9980866121870998	0.9212648606608409	1.0091757555208731
CFLAR	0.7587521269827558	1.1172990894744863	0.8532270825118274	0.024554852321757283	1.2449577996226084	0.32838411404639073	0.8161635993017623	1.2259961024197605	0.616638651251846
EMC3	0.21908280644027858	0.5466849815541475	0.13077449980033853	0.2404171604845279	0.04511181796848104	0.8566706411648078	0.3805608799906237	0.40697750614558986	0.47098972698593367
SETD1A	0.473785632866315	0.5696861691249283	0.927769702669786	0.4892677650063737	0.875575134739445	0.4547509742349525	0.9064023353289787	0.3951602325591235	0.7781815389659807
OTULIN	0.07833338904293811	0.37291881497064383	0.22631903285797278	1.7363650073752693e-07	0.31427246642029366	3.298498640442293e-10	0.049839166882208026	0.19698749867065798	0.23138179036403222
CHIC2	0.3490937795063074	0.2934705092485703	0.4554495119920419	0.08970117908962577	0.5795903044065782	0.5790676819504	0.07646424756528794	0.4483287874182071	0.12904623145995056
TCEB1	0.24852570660211562	0.535434151621	0.016167105702535003	0.48270440592928515	0.11042053492963542	0.4367233719362518	0.1668078033095113	0.5847588594523191	0.47309291359178957
RGP1	0.22349355094096324	0.4698101033672327	0.6974331293546988	0.28955086050423784	0.7517174887574373	0.8500102692512275	1.1863054560806634	0.5857101279131633	0.5268222885074008
TAB2	0.8145561754862715	1.199033851040296	0.5951887412428241	0.5921581290226904	1.0306377300702245	0.8561760374477688	0.901693127708244	1.2506416015831479	0.7318276979237254
TMEM208	0.00020830593971339314	0.5943007083432205	0.5618223250406029	0.3933213485662934	0.18856269502202586	0.6290243053457333	0.39838300930335374	0.026735064236811906	0.9829045261570873
IST1	0.5408243941980996	0.7139590922755875	0.4952752932246945	0.22726922623643103	0.8726507742523639	0.4297651670321847	0.4031551446622977	0.657828450065575	0.8290674956288303
BAP1	0.44856661425592015	0.5737149123000955	0.6833284249483429	0.5083375763478738	0.7568677828401686	1.0902351348540444	1.1821850389706874	0.22770889237519243	0.36067105706815883
UGP2	0.5615727438215865	1.0588367744567437	0.35467607550207125	0.5249428672227934	0.781097843798386	0.9499797180349354	0.5353433099403024	1.127717520821496	1.0477465622636057
EMC6	0.03258833442140521	0.40176219853549383	0.39518401441915935	0.4040217330575375	2.7044688744390088e-06	0.6251362801821257	0.16239360603345332	0.37032063102254886	0.7910048514306197
NCSTN	0.6362418781298785	1.0256226761943226	0.7603548402154615	0.6574394559691815	1.1216817709323594	0.7982263085034556	0.8820244094414134	0.9890736900287141	1.0565947394316644
UBE2M	0.04618165709714307	0.19669629509494815	0.3782251444929315	0.2343758904723349	0.2107604962111954	0.3654188122438404	0.13697177314634248	0.08787111624137606	0.4944804952359852
KDSR	0.21873015615377184	0.3964704515206437	0.2095420389909929	0.16525119163532642	0.4776641931074916	0.7200295847270054	0.5068634921572492	0.9774821320220868	0.7163841944925242
BIRC5	8.528907316682715e-19	0.06669963012965034	0.06553184492742967	0.9512434237054238	0.0017162568510954404	0.06321028562098432	6.702202338665765e-13	0.12979935890993302	0.020980971772711705
VPS4B	0.5090122892061809	0.5454943789013931	0.5240781150752738	0.29179128916236724	0.8412914142841241	0.6320474157413412	0.3582798929270252	0.8964272757239066	0.4874646016331936
POLR1E	3.2461807155375225e-05	0.11356351145057467	0.21672850325185952	0.3815560013041953	0.6199372430181725	0.4488350563566657	0.3383908287334866	0.680353563373548	0.237432962047266
NPM1	0.7476912360579082	1.0119953323550308	0.7762766641795363	0.76010747068401	1.1862174985678782	0.9023495049677706	0.8766397643482424	1.2043198332613039	1.1147858001913538
BARD1	0.13641354998004115	0.2055571690240245	0.07571510835467322	0.21919088194460642	0.2982923181693463	0.0995434147982796	0.09918953383639147	0.329702596795112	8.795045206153814e-17
GPATCH1	0.23007219047302216	0.2731511386746287	0.19048796807213872	0.10094792118520504	0.419448789028911	0.020328896545239263	0.6515739575836988	0.31870003378140177	0.36540798090802734
L3MBTL2	0.14270352161584404	0.4188612449371559	0.6818079135568881	0.09895574948383505	0.5810938520766942	0.3574892731308655	0.6624642605618497	0.0572412169725753	0.5038189402938738
TFB2M	0.10287425805081782	0.1591949849630397	0.059167628836085256	0.2846698530598306	1.4560212446185203e-07	0.25281514573253183	0.2604292706803379	0.4230283950323396	0.33287688326217574
MRE11A	0.6154832533197211	0.3866966579488665	0.10753274805129126	0.2898324299246655	0.8264332089245765	0.00020006492269022646	0.44533678169724056	1.0201845213771794	0.15085688314750656
CENPO	0.040452651525582556	0.2231649463008136	0.26981015410345743	0.6833294365102829	0.1355427767922714	0.04216544251408528	0.43084540691936896	0.11035198672498973	0.05560980308685861
CMAS	0.29075160339380846	0.5668161672398291	0.24879696430659964	0.5726078841489018	0.25653200571259477	0.5010633334464342	0.06692554927365789	0.8488780511087642	1.0397120971421525
MAPKAPK2	0.3865758358712929	0.9845709733623729	0.8509816659267785	0.34915146560510574	0.8568257494115488	0.826188975491033	0.5595382321987825	0.6725741214753757	0.9055113300546784
SART3	0.6670700964668355	0.7933877407604238	0.7038254891693235	0.5635674649301655	0.9891423176192601	0.5242230127126835	0.6655041183703249	0.8737750503770325	0.7588266054293665
KLF5	2.073759773030945	5.167281203974962e-13	0.33371986668634784	0.36678072294804526	7.114439709080878e-07	9.564756478311629e-05	4.020517971182896e-15	0.187943343839378	0.556963221793825
MRPL12	0.215094809577772	0.6186175307278764	0.9261671056375487	1.0295693271999693	0.2676475165707741	1.1404734960118452	0.9241663987964059	0.4971803555781191	1.3000090617674096
MAP3K7	0.6442118073222436	0.5475565128855646	0.3702854231527182	0.48847111158478007	0.7545822567850395	0.5108005492189065	0.5736384427414624	1.0696673691559107	0.334165990304767
UXS1	0.7305304541337723	0.3746892769439151	0.34176105901573034	0.5452436261871608	0.19637648416779202	0.615166167227202	0.4104038761772105	0.4760845121913427	0.8035324229365481
NAA35	0.324399281875529	0.21508886600975202	0.17302949632390585	0.3192017176341532	0.48689180509927316	0.5087511979793973	0.48624279552365485	0.7220987361791846	0.12231147835746733
RAB5C	0.6088326717199494	0.9008302759524964	0.8513319397018715	0.583593330238364	0.9150281682165924	1.0892372009826767	0.5989304927894228	0.7531993270635455	0.9449164299676507
MRPS15	0.3483627779065619	0.6155447484642698	0.6128728615931199	0.6295660441705198	0.28637837999951415	0.9773649046454421	0.5324114426214396	0.6185974768627215	1.0248633822873991
TSG101	0.6344304519268821	0.7848930041767365	0.5575052949944181	0.5679346226398028	0.820096745498516	0.886600626657581	0.5898366582963994	1.169361518038608	0.9896838970200396
ATG12	0.015679272273163816	0.06839311901665816	0.049123889122288995	0.038844667293486713	0.11011966301521758	0.0712871408762057	0.06902679559197161	0.1390313647237379	0.0725780933486677
ATG3	0.3660811538263433	0.9423493692892085	0.1958497602789397	0.41831793523272	0.4464884557298573	0.7766998241405274	0.0033645054700679675	1.0818733916917718	0.45204245143779087
ATG101	0.1636872390957596	0.6761312911621933	0.6572054844664867	0.6713960633907475	0.22860844675507325	1.1067620657485326	0.43363683380052015	0.17007344658401594	0.9340726864904196
PSMB8	3.983791288932583e-18	0.39807686997857933	0.4627392059276299	0.07117088056105415	0.06056396324639511	0.12159047836469705	2.5271944653170997e-05	0.22594179438308312	0.3067569987334505
SOCS1	0.7293423099781778	1.345321362628136	1.2277919815186218	0.4858150784598508	0.31467330992615133	0.5094983645479114	4.2046988404851264e-08	0.09994905974157778	0.3771521705090091
VDAC2	0.1413584172759952	0.22490416727141746	0.2574525245336706	0.4715159111531839	0.23913239503891398	0.5095868400288917	0.05844534823354921	0.5214040580964264	0.702242968732525
JMJD6	0.1590292996659029	0.4531859944055904	0.3490128878046011	0.46863639897232867	0.46368703427210606	0.248383014037432	0.3748998143489989	0.03322886911208354	0.23212939260093254
EI24	0.5964074895756715	0.8624577851401013	0.4976937253850699	0.6844686108111081	0.7899028789188406	1.0469126594274942	0.7397740213592517	1.243645532116592	1.1088631368250148
MED24	0.37479201536806517	0.39534350751237757	0.8481471733451529	0.5067507271943463	0.72242268639033	0.4031813274949076	1.0335106901223483	0.1764810326781495	0.6085328202427863
SAMD4A	0.23896319640354297	0.21115655050523674	0.3736480838392164	0.06751243461733306	0.806896955266046	0.43150540554324784	0.6569088938914138	3.093933671796013e-07	0.12381852172099689
TMEM127	0.34338619573463997	0.8742776535622832	0.7786879389792047	0.2967834182979856	0.6125733655677055	0.9732845648504832	0.7893689772412948	0.6609735613334506	0.8945174949759026
KDM5C	0.4444835150549049	0.6865407546736583	0.8869006942540849	0.5548148077377688	0.9779969658708927	0.5981418646040866	1.0869493844296176	0.4115657779004035	0.49565653255298237
GLRX3	0.6355914013638302	0.7768227254386543	0.38611655698080144	0.8588200436735525	0.7054769648445256	0.6157470941391888	0.3593301169533641	1.140048811733592	0.7982130473005492
TNFAIP3	0.7434742690573257	1.4075553288151461	1.1792427026840384	0.32569703158947716	1.6310799822575348	0.41103854945638496	1.5008291946655479e-05	0.7003784162277773	0.435457967051422
SRCAP	0.7422877209319481	1.0511232460231787	0.9128112032060967	0.6982782348021446	1.1020892479837567	0.9533219757291368	1.0814665461516164	1.041738430686898	0.9950011858710515
PCBP1	0.7269813754970909	1.0727453408048333	0.9234569085217534	0.7368412277940684	1.1589852239648448	0.9895847875093639	1.0431638195980062	1.085108651418511	1.062449973638493
MED16	0.21867558890709832	0.3879074027261985	1.027204886720881	0.3374668532583566	0.9452545690245209	0.4197572244285622	0.9850426812814511	4.031534955126417e-05	0.6793540738548169
SETDB1	0.4689884729681863	0.6048973018912286	0.6624384458831792	0.3842908447136394	1.0432367870948813	0.05135798673443526	1.0697403310447835	0.7238536635729007	0.5598103178939415
RB1CC1	0.8434372771622083	0.8204178298235691	0.18633558019624022	0.44861038840725664	0.8366782137766983	0.6421244851866816	0.8561902432527312	1.1724731804452926	0.6246577014100472
PSMB4	0.6683011450229819	1.0474670303648892	0.8604585566526648	0.7508225952655319	1.0993767671500534	0.9423243942862168	0.9294452943968682	1.0244281632937613	1.087338619593602
DNTTIP1	0.3890601810784587	0.7178337730048786	0.46664245529009574	0.9300469136795856	0.7825426351703026	0.04399741872825563	1.797046225986961e-08	0.013923151683387982	0.8253235452577862
HUWE1	0.6542829138416497	0.9463482215095186	0.793872215709437	0.5695505858464659	1.095555949676981	0.7551559613253517	1.034072795118467	0.8689040673481646	0.9053547028560202
PRPF3	0.6406126283557204	0.6578454991881603	0.6118870399404969	0.3120996515458526	1.3604790643614522	0.05761350717578357	1.2976424799749684	0.9391985009431143	0.33840586081030033
BECN1	0.5977478764361414	0.7267147361493416	0.6016367512586287	0.4962329212504761	0.6705376851482108	0.7999332206771002	0.46349932952269435	0.812991152893428	0.8357256496908191
TNIP1	0.7002922460464338	1.0197433570312728	1.0091376578458966	0.6640579930790685	1.2259464943644751	0.8585439999528013	0.9729171946907083	1.072365054823284	1.0902176552159033
RPL28	0.10417560124967287	0.3458916188096368	0.4732151231764802	0.47012448231090553	0.41709262374574746	0.3728603928914985	0.11222345165922558	0.13925231420520437	0.6542547493263821
TAB1	0.3891571916101233	0.2816371629605697	0.9202743847446018	0.17262864113157114	0.7939762919998626	0.3316610398329305	0.851118989681273	0.2397705890713969	0.572769931882703
PEX12	0.09089144289179552	0.16004562303171058	0.0502808817295928	0.1081912555972953	5.290327133550066e-05	0.2868805155687302	0.271293759658335	0.48630486290082503	0.3232106686288697
ZC3H13	0.680597929225844	0.3859753849340622	0.3288904116935764	0.2485271878595999	0.8469768797687715	0.5989221079438387	0.6837024001950783	0.9529249983577482	0.3540064945269467
ATP6V0A1	0.5941233855713371	0.9837102041877044	0.7259448887440118	0.17843274024053438	0.7835137182939157	0.6222189396297962	1.0340578378958558	1.012535166621008	1.1978881810691786
YEATS4	0.2627957693805065	0.21091249286842978	0.10124212377092329	0.45136865610491117	0.09426785624508664	0.30340617865970715	0.1595717774118277	0.6157197930276515	0.3473636395243891
GRB2	0.5560428763811358	1.235136215279933	0.8578448994101251	0.5563785865234853	0.7371545535444897	0.8728285094380358	0.47293416203317434	0.7735250205055739	0.770290269922315
INTS3	0.5759088973618072	0.48507540047279873	0.731712888752798	0.2805753201344214	1.2384509750754993	0.004960032133465496	0.8281081494183213	0.5360980579877784	0.7934164882407647
MBTPS1	0.6708254649283569	0.8644281631626411	0.717829887018971	0.4625818813579143	1.0365611265680867	0.7666909055782283	1.068830795885063	0.805057822120423	0.8889980949695856
HAUS4	0.1876647020576271	0.27764491743825037	0.43988113706024795	0.1748645038968867	0.8946762300915526	0.4441967236712802	0.548104011300702	0.44347143744152173	0.49331805906339476
CSNK1A1	0.5072010249459777	0.8328650363686336	0.48654880839976583	0.4277584974086777	1.1221326214090597	0.4989958603005196	0.4046244730576542	0.956843480245976	0.868888908043282
IGBP1	0.4936312672188367	0.7018170733207088	0.6880406854529938	0.5275232380640134	1.2228244737353238	0.7589723633359015	0.7833875631304404	1.1669670602066227	1.0332601025696873
MED9	0.0001826907413991262	0.00021475294838713084	0.10760348043990256	0.025037682985967487	0.01648469665077212	0.1258428312533131	0.11445046644046193	0.04770886700823462	0.11850277264150114
UBR4	0.6320164234980272	0.9924715653819373	0.8582363459554982	0.45471649278341714	1.1198209239566348	0.7628397653298601	1.1465867266517167	0.7906638754367911	0.7279065525395757
YBEY	0.09505505529164746	0.11565703808383423	0.10071598797152904	0.12888704449089408	0.15563531693434599	0.18693996972576832	0.19656379053850404	0.30603870763443997	0.4103997373945087
RFC2	0.10500660365162962	0.3601538012024241	0.4469501153450669	0.6508324498910165	0.6799856960026324	0.11046724213939682	0.1426047501626086	0.39407862927151965	0.6963077438886998
DUSP11	0.18322735126243953	0.18616788245025226	0.12671894465897277	0.05423715120720317	0.38414589045326586	0.09348650985567798	0.36465789081521766	0.41020391508443427	0.19196877008088892
TADA1	0.08499685170368107	0.03938094593186491	0.07211672111599021	0.14209112288300527	3.9017524686607895e-06	0.15662607881622068	0.3042363953691071	0.3273331667735928	0.25216805494164285
TRAPPC1	0.6098220755730451	0.9794382557774565	0.8492876744549634	0.6672522830280824	0.9940240915226639	0.9433692071303431	0.6920891520907493	0.8899942872489514	1.0324988487897635
PTAR1	0.05776163723764512	0.04784926449948285	0.2032734182617181	8.721511035597392e-05	0.19675656148738624	0.2047107734958153	0.4107838728109035	0.3908239754044287	0.08320514588358872
CANX	0.7377904845861825	1.0825378111112725	0.8403626922296562	0.7379644209681676	1.1636415062149903	0.9426951818546979	0.9618594662623213	1.1243288184477664	1.1280848774832657
PIGK	0.11247850110787708	0.16797550119395313	9.208383992262831e-10	0.08401864650769773	0.15404024847992845	0.2730999492131644	8.277709934278075e-14	0.2568245541758823	0.33135151431115445
MAPK1	0.6455198708858744	0.9674045231147168	0.7242577376619305	0.3744884190613296	1.182453254489157	0.8022800638018904	0.7149672632972136	1.1148706261270895	1.0804617819966822
SLC10A7	0.15501819346495557	0.1698198732125982	0.051394270079357374	2.0939980400696266e-05	0.2405391912358553	0.046276986785267024	0.22995691555485143	0.20559639133600732	0.002485364411704804
TPR	0.8316560109829497	0.9526558237476337	0.6661187805668404	0.6772350105317081	1.2348768609322565	0.6430923326086234	0.9459813156138035	1.2016355361241602	0.7722815206062722
PTPN1	0.8390354469427493	1.1977622978260078	0.8292908169182146	0.5279860782707774	1.0563866605018883	0.8598391401523339	0.484799317931594	0.8699050183700631	1.0536020147826985
HNRNPF	0.65662848719528	0.9395974139049605	0.8439620223708266	0.7071568830862791	1.0287184994876717	0.8225597752562527	0.6837547581609478	0.9015672909371427	0.8963161746339168
SRGAP2	0.19254248406960767	0.35598980125089486	0.30998750582947077	0.18289769697020403	0.7304932911281343	0.06644195336005534	0.4221596557680944	0.29257914140382	0.019004501862442968
USP8	0.33601888953308695	0.39216267325365284	0.18674254091729311	0.07931711510807811	0.4249293785358716	0.33641846575845236	0.3675839628125314	0.6975420943297284	0.28441758587239657
RANGAP1	0.5035018480718078	0.785715216780666	0.8520507230496913	0.7205163385001628	0.2327823393260837	0.8278793451920203	0.8424395438786991	0.13774477162399687	0.4102895813752388
GFPT1	0.7576428276399695	0.8661568991479484	0.3794429997130162	0.7447764276997254	0.6391030667165389	0.6562278228765217	0.3223869910832274	1.1415885995861272	1.0680341102703108
COPE	0.5773003408245415	1.0100807074111928	0.9785948867157169	0.6970003646007579	1.0448736001928725	1.0379689407105164	0.9183231184876943	0.751103583735812	1.0705399322970823
ANAPC13	0.16310320910318188	0.21392309269066573	0.19568362665864578	0.12729128651829952	3.7155293005817894e-07	0.9058131984275797	0.012034208292720124	0.6413763981507545	0.5196694115765489
STK11	0.12487071797375882	0.3833606706533439	0.8858222130335475	0.2850000798348197	0.6019531475160732	0.7454335060027192	0.8957849768959918	0.14899415277882813	0.4282276802444015
SMARCA4	0.7319195497736384	0.9432157667701967	0.9744622526623108	0.7476102831991213	1.1546274669346797	0.8598356242704432	1.123936779999997	0.871239646557837	0.9611942562889457
IPMK	0.05055716448342107	0.1388506185714939	0.15608643288560733	0.05713183930690372	0.10682561565879652	0.04567779463712949	2.6108712687144038e-14	0.273564956864078	0.16315222596263348
ANAPC15	0.17174545842482045	0.0972283337868473	0.254804211889012	0.2810578192697509	3.583112074609243e-09	0.6000216255118123	0.1529587694704337	0.28008211477188394	0.289387838961036
BIRC2	0.6201315681099236	1.1401395709276645	0.30621744549988256	0.3171037278012192	1.0259185404535245	0.36786153169410446	0.7669415806048719	1.3319410454691654	0.6796397432116923
RBM10	0.438320702947842	0.6386598507294841	0.8626069857246911	0.5109734879391702	1.0277177435424605	0.5205057521425807	1.005235890161311	0.3928948046358744	0.6636374919910424
ANKRD35	0.01938934677850416	0.00205842997632103	0.01491737390263737	0.025629822882390584	0.0036928661467728317	0.03724381344159607	0.043974928808781136	0.015859765672146902	0.015292335716218946
MTFP1	4.45612539742216e-21	0.026751474762645663	0.7300160354472669	0.05311743181486212	0.4941053711108128	0.07623008738136579	0.002211217199257814	0.07145985224992758	1.2097519663989866
DHX15	0.7727324234565611	0.9550317981561308	0.7600593606355907	0.6528086457469218	1.1770169800805825	0.7912700278668688	0.9717116420639532	1.0809828013780673	0.8137663090629838
SPTSSA	0.11850242122881807	0.16912241379385343	0.07488322841767794	0.13176574021622975	1.0026388474484274e-08	0.5787563803258104	0.12284564590591825	8.462964639718376e-06	0.1926537313965285
UBE4B	0.48555735510958226	0.6165518323083733	0.48643990420522304	0.23076237017086704	0.7613391659784676	0.6140151172459551	0.850320134533934	0.6890992163635484	0.6732613580701154
SMARCD3	0.7183072170270222	7.463277122963792e-09	0.40706572585312595	0.6982750464506315	0.6104429833402114	0.8782110769924951	0.6253136283869699	5.263049705002248e-09	0.000358844593988755
CCDC114	0.2510652189007864	0.023229622708075274	0.0368098951071679	0.01112913243411901	3.4837779514685963e-14	4.003287538972002e-21	0.11432540874138723	6.355542169418214e-12	0.038534488130760935
SHOC2	0.7561915141511479	1.0443064407851312	0.4209573326140503	0.5022749181366654	0.9033904202705685	0.7948219016475503	0.6144823410960191	1.3744293885267962	0.7932074197814198
CUL2	0.28655100948164713	0.5950298796304355	0.05074950339956718	0.3396574564421231	0.234843402411819	0.29965174675385625	0.24785875483909414	0.7034071854988675	0.20741016073484583
PGM3	0.27613573830104626	0.4151397044330094	0.03174060179386873	0.460070711709291	0.5893918415517885	0.09935490594819481	0.35125087614418643	0.5533909092864521	0.3543529114197603
TAMM41	0.36123880979395756	0.22630150513098413	0.0960661699277057	0.11988643421628456	0.35497788186164747	0.0836898788444008	0.4477492800771724	0.32881442696222474	2.356043694830519e-06
ACTR5	0.09371010663294954	0.12920122398058057	0.10940813007340836	0.0844170052882432	0.29788280949173646	2.5142844664019305e-05	0.4959695980980572	0.052230363551378216	0.13584129569485723
DNAJC9	0.1726810929923232	0.18042074103587685	0.3950242885059163	0.5257639300784841	0.2272529533420093	0.16419572543553096	0.4700471019209249	0.1621899690123491	1.9660644782062676e-06
GET4	0.061975886106571676	0.16280122533220748	0.6677403082543225	0.45842132667781604	7.528664196334211e-07	0.5276798182865611	0.8267359326152248	0.0023525564743214116	0.6928905511035806
ROMO1	0.4947071742168377	0.945760615348914	0.8390801802427549	0.8103708716312952	0.8532139845423029	1.1298614151116966	0.6740365282649743	0.6980578488569129	1.3404636112482053
SOHLH1	0.010080384075094996	3.645203053599852e-21	1.2364522612201181e-06	0.055131561693024966	4.315655553905546e-21	0.03405347321072756	0.05494475792686858	0.02595955511032705	0.007065427960873778
EMC8	0.06324683795568888	0.18620501036124731	0.2607813691341063	0.24210553525817954	0.07426614131978584	0.3380397438823772	0.27994386559854834	0.017914061905769937	0.22209538215240174
RNASEH2C	0.25080700313471826	0.2663361133390358	0.8303290871596946	0.36837871320800164	0.9422363208162072	0.7202399099101344	0.717825370172311	0.39610505301805443	0.4783606971610029
PHB	0.37881936511935593	0.376346318054107	0.8951715890416753	0.8753648015625749	0.41574233320596954	1.0636853244151592	0.765864259523113	0.8168885623876976	1.281869477594553
CHTF8	0.2526241893054671	0.646244735591463	0.7478000412211516	0.31860138459116133	0.2671494865868773	0.8088427950056901	0.8619620386523418	0.6103258477804696	0.7300352546586137
SLC35A2	0.14752718032649315	0.4353124366676164	0.319818720012384	0.37867881049321805	1.3140745725403176e-05	0.2787636177444963	0.17570803393688902	0.002788191403015818	0.594000140778144
PPP4C	0.5135192630530986	0.9829038846169424	0.9573188600148496	0.7301118338445668	0.9252104139827914	0.9147331496112711	0.9093639104432827	0.7539185895659634	1.05987972935563
RTTN	0.3963827805032056	0.37337345279482115	0.17963496421301883	0.1444249751320749	0.6628363667269529	0.1610077225243686	1.1420944515942943	0.849016898425242	0.04686698642454743
IARS	0.5857163533613253	0.9279084663288165	0.5763852114545457	0.8626853063777985	0.9676582740767588	0.8231873435589774	0.7711302271646315	1.0248822475450934	0.8412741442829242
GNB1L	0.00637177258663519	0.030092888465478893	0.06764803472204976	0.06351842153467385	0.050519828957150605	0.056849354391137516	0.07921292817755714	0.006918219561365138	0.02676330675095266
MRPS34	0.31117925285248055	0.652256606765696	1.0236229328087327	0.6381253008416863	0.5992342854540069	0.7641576531226283	0.5497801989173491	0.42088765159321834	1.4294924151601218
CPSF1	0.465981341288546	0.5315074131286049	0.7171629773512226	0.5470852456600873	0.9128180312307864	0.31555346820910685	1.269108699872974	0.0010891279421063264	0.3143604336189751
EXOSC2	0.029795210518814272	0.045807257477355506	0.21210870203981003	0.2112493044007918	0.4108259290816277	0.17273384552525753	0.26841367675670885	0.27923176105367287	0.09149238754653745
EMC4	0.43450223939617216	0.9167369415277883	0.6700656565892313	0.5569963584189621	0.9223283092999129	1.0136510816263398	0.8041208963040948	0.9788192198592746	1.1078420289940227
TMEM165	0.7981443414091276	1.1437280452925775	0.7655721836768313	0.7301270511487619	1.1903109990973664	0.9318255212585406	0.5820217571485058	0.9566906646451447	0.8638784484728691
VPS25	0.22663540229980075	0.3660520244610449	0.45832107029043345	0.5876302039063922	0.4271707725620303	0.47893418562482826	0.2802643889689728	0.23322211412591223	1.01825471672337
RBBP4	0.27022153556403194	0.324903121995807	0.07737924804164285	0.08699326652436155	0.23810760351859062	0.18541568836236094	0.07607248614132128	0.6434204109305914	0.30336517939470176
MRPL38	0.3519398223905377	0.4264210529831729	0.9445469220871459	0.6461806992718276	0.39342722022478044	0.8351476214181758	0.9267975742812894	0.3699481437302001	0.9933749004512527
ETNK1	0.28620672668586594	0.4350556552690024	0.26342177214670554	0.1619350729696773	0.1676277227705633	0.2224969716964176	0.3646810955682941	0.15977073779969883	0.36197958098127964
CCZ1	0.544120334374593	0.726079132945293	0.2256563594760186	0.6428202465023655	0.6410551874657714	0.7408139460093199	0.37123641812423636	1.1531113608200931	0.7227955986073793
TIMM50	0.16755208709834885	0.31157722527346077	0.4307814447705062	0.5617648617267604	0.1689301438337326	0.6414048044533158	0.4048694333322418	0.1980340174091199	0.8721534699622449
NMNAT1	0.06197860790035089	0.1684709026255373	0.15318028570398678	0.012261618473732399	0.06376388613326196	0.32956606987020914	0.31805330084148525	0.22795743574833685	0.24470325075795693
ADAR	0.7099647229611671	1.1051839997139374	0.9036807167072414	0.6830287569062059	1.1410067487749687	0.8824520572913062	1.048549308257924	1.06038206390829	0.9306070341168217
SMC6	0.4843974037827273	0.46361530490055125	1.944344873492619e-09	0.45607602391252217	0.7279987356812437	0.02584815968128028	0.6702348637949185	0.8783101202360046	0.13261449357721533
PPCS	0.05853837933973151	0.6883529828400112	0.6207987534804871	0.17447999509844841	0.016315108619583626	0.4892953560271037	0.5121929795451524	0.18435259762620837	0.8175439005748403
WNT3	0.07484741865304058	0.006510079879893937	0.08222928543278357	0.341031786493246	3.739324318905368e-16	8.684845376641165e-05	0.2173135271983925	0.05154679932256559	0.20342490482816744
ACACA	0.7380338280066447	0.6649164889912986	0.17977447948144407	0.9144291789640463	0.22064385112532747	0.5878095095818978	0.921677618012478	0.4703410024396818	0.6108191278284707
SOD2	0.7542928714564625	1.0819404813648785	0.9320988826651473	0.7528033931518144	1.1586496448466541	0.9883131045482563	1.0411721723436966	1.095951849762842	1.0814291955454411
NARS2	0.40998216984419766	0.16315987785389416	0.2076612424640537	0.25349772679890714	0.3011708650456569	0.5462453753492089	0.8722100779536047	0.6155663253463503	0.5028896036894285
COX7C	0.7286068221602767	1.095586963933827	0.8399122925830314	0.7187517874752686	1.1414584852872973	1.0035537082675323	0.9974842144187783	1.1332484782691787	1.120650030234983
ATG5	0.26240965585096404	0.3834223370702808	0.008439557654928103	0.22448948836968166	0.18418206056041844	0.31078005164489136	0.26495291609822147	0.5623552759301526	0.1283334796035519
ATG9A	0.38283892638598227	0.7218805518989893	0.7282920787160083	0.40640600912832575	0.42399096320459156	0.773080215442351	0.9534436914617507	0.3539766357743349	0.8031822965905931
CD274	0.0549370351306623	0.655022222042571	0.06739276388002542	0.13421900986132293	2.6624181118653275e-09	0.08445883019737696	0.026691429328364262	0.1736434984765999	4.200892296566747e-21
HIRA	0.22789863160255192	0.5561591494345354	0.8079516689779942	0.35484520253321145	0.4231969342520782	0.592538905822847	0.9958466327929699	0.33949510372089364	0.4515503967209102
MRPS9	0.23896627449856886	0.042526016235496636	0.1619618343996922	0.3152137434107867	0.15058360088267916	0.4735739136077007	0.4021016071528454	0.631192611425881	0.5391724051989758
MAP2K3	0.5201946743467772	0.9607386431213834	1.1385490800167322	0.45129478333462775	1.1107184829446495	0.9253713421562162	0.8930587751011361	0.5558892595957111	0.749478760498218
WIPI2	0.22941190143071238	0.43770549134545644	0.5974034688516883	0.44393196452032896	0.24592423571107547	0.6796477426464268	0.6347812917107671	0.22624115845029752	0.7306445822346311
VPS18	0.06487378355518032	0.6125746995647126	0.7217224732948032	0.2804011538339749	0.08625825246640716	0.8986959631906796	0.8410049887830753	2.7511411729463066e-05	0.569994107591219
HM13	0.3600871058746888	1.1640614483800995	0.5490048258325856	0.7029669265727012	0.7252912527272949	0.27488555059172803	0.10313704347361388	0.17845735457013737	1.2908742538079805
PEX3	0.39599999562597826	0.37617179715264915	0.21812104042347358	0.1811330545925118	0.3635754991366654	0.5023219449985175	0.3229550292327993	1.0338341382718486	0.4983483647375952
LRP10	0.5020654193857909	0.8373161196621405	0.9655295183612039	0.4500618482528773	0.8482111853044174	1.0897389292207902	0.8310317339136492	0.19028184687875338	0.9274848499410835
USP9X	0.7374595590305104	1.0985953242829274	0.7441697524243335	0.6643990976813227	1.0827435029271895	0.9396983452907198	1.014471683304358	1.1148185039519065	0.9957384283119407
NDUFA11	0.2697270062583736	0.593876964094607	0.8608748973355872	0.5380971547399875	0.5392642340343489	1.1592796455235501	0.7854318507645186	0.4191148304286784	1.1532875082640266
NDUFB8	0.7041687839239097	0.8733504065828592	0.878599306455528	0.6568329704327242	0.9968165641700539	1.0687841550003878	0.9839908156363465	1.0524647760326125	0.9393322201818659
FURIN	0.6350305351330143	0.9434110047386675	0.9966740746572194	0.6536058914381806	1.0856684046697616	1.0372882629256688	1.088250182648905	0.7133754999080307	0.8824063383692564
PCED1B	0.5084070805591904	1.6580005147536194	0.7477871444907608	0.028716622754243103	0.7804130802502683	0.04615246943171384	0.0002010871307981896	0.10165206466585333	7.840265007615785e-21
PRPF39	0.7586034740382159	0.5073372852684106	0.08754406155436797	0.28537539860353	1.01812118148934	0.0885966828184465	0.8711237619982368	0.8199888422892941	0.07174771294872179
SHFM1	0.7583080625617281	1.0610550822819864	0.7745409522880757	0.7783255180907414	1.1519541102274078	0.9619665222998434	0.7816324938434766	1.1204008168250483	1.1248895026646177
IRF1	0.5782914248311537	1.706872517232249	1.294615694574803	0.26198259875873875	1.3041861029568842	0.093111853710619	0.5410982867192549	0.7545512179516647	0.23770004101651276
SMG7	0.5655232607790619	0.7430912893753504	0.5520852859641961	0.46212153663777583	0.9525056719450371	0.47838134107700386	0.8415077924362292	1.161813749502434	0.7792109223166747
PTPN11	0.6295881780138314	0.8371515360752435	0.1741822206556413	0.6024277057953398	0.5176666091216199	0.9185411635066598	0.49923131816539795	1.0844341043329728	1.0218876585855725
CCNE1	0.0588822461641222	0.1930071795403756	0.028624256551919334	0.4638215683007504	4.718242522587082e-16	0.09457025337369718	0.06045589247235587	0.06790464370256176	0.0984103553160763
MED14	0.572209632793938	0.8801438806843628	0.38120883991006865	0.494926270599679	0.9789146342170953	0.4852288619414706	0.8147156442117258	1.0817264620894869	0.7048507356963124
MTA2	0.6519076731325913	1.060451325580556	0.8760350342841448	0.6460103579842965	1.1244847267060196	0.8923900949785236	0.8892224091920302	0.6478291965472326	0.65443093220258
MED26	0.11263910149702783	0.1141413693030526	0.43975503409991656	0.15068502047898283	0.2598587701380492	0.2570506781224481	0.28874804030801005	5.138355201075174e-07	0.06049564658402773
NDUFB11	0.2876878324183779	0.5275216364738138	0.9183281862137614	0.7128530247533514	0.5314988392186059	1.1730547580438704	0.7210422832762727	0.5709075068218763	1.1517058433829679
ZNRD1	1.9894762926750346e-12	0.03638112319448933	0.044606579393501274	0.03797381450402011	0.04108537356981306	0.098022548884235	0.043245899895824266	0.0879324540619392	0.07952908374853124
UBE2G1	0.062165557710418734	0.12433241395934518	0.1114796445653889	0.09058613334524554	0.04776454023799778	0.24954625148700751	0.051184122907589495	0.16829109735009856	0.1258129105182515
INO80	0.48481419519714825	0.5372574589420447	0.37549259145607927	0.160569540841586	0.7078133751134789	0.2208598219474502	0.6760593986464767	0.7639296802668553	0.2565030551623003
MED20	0.06479319336306391	0.034231810203008674	0.10795163834942713	0.11440990590866902	0.03089965056128304	0.15031849306760686	0.277764143547483	0.08743482293830003	0.10926929880534177
CCNC	0.3614725746330926	0.28824016104345146	0.18046766968557587	0.3375841617545876	0.12574659682505904	0.7596843818475573	0.29357925671170354	1.087445523764439	0.2831994544216536
USP7	0.7580567342489837	0.9094913065945607	0.5150737438181656	0.5543334807066296	0.955799444970703	0.862722708980495	0.7263362279119531	1.1447876881639936	0.6698643495385334
KCMF1	0.18614183020239558	0.3771070905018455	0.13889626267060545	0.30735543023101536	0.2100170778388209	0.22814950979236215	0.058929997620206835	0.2859922459630983	0.41953207201288245
DSCC1	0.05787696753595026	0.04270432960483418	3.2730435683297002e-19	0.24616829094110573	0.09263149084006425	0.03335196301251712	0.051243526611258965	0.1626912257713653	0.06383112208305818
CHAF1A	0.2506358621324573	0.3012766851989327	0.6632042422469622	1.0955482620470112	0.5424807102528785	0.006602351428331406	0.6272060300772294	0.3033596347124473	0.10857320442306088
LEMD2	0.21427699779169207	0.27479486578458184	0.9694811129160135	0.435519253138245	0.779608603566976	0.4529926425206385	0.688216123297451	0.15528568466277445	0.36531488492748976
RPAP2	0.3734803521503288	0.3984450170290922	0.03610041538797113	0.1403595207296161	0.5523678663917775	0.12621890399246635	0.3334031272655568	0.8145031615026673	0.0802840407547171
HNRNPAB	0.5498346631987895	1.002345922143932	0.7744292794217128	0.8647347177298303	0.9514984603862467	0.8932467920667058	0.42521850075121864	0.7583909862775963	1.0659042844879787
CDK8	0.43532601560791845	0.16619237661924005	0.06770621576098824	0.36232677370093647	0.23568666898243898	0.6107802945366827	0.46207182239575556	0.7387371441514438	0.13716522355446045
FBXO28	0.08521068651914024	0.18791235676212706	0.1573049023623356	0.08917901180252165	0.21286953416742557	0.07878251078566732	0.10648290722322745	0.24940637329648602	0.29165106578418615
PARP9	0.3109907491822737	1.3259252585878485	0.5506345364435631	0.10715499949729226	0.6293956101214447	0.049891432391138336	0.2457128610603147	0.45244317515206556	0.09688039313705991
ZC3H3	0.5762980011183676	0.7527277253802864	1.0356403742573403	0.6077677359279364	0.9107545380973985	0.5027245068665451	1.1102641590462794	0.21628765503875605	0.6978850425937516
DPH5	0.11987943420869641	0.11101931429179838	0.056987193957958995	0.2483510730907806	0.12308122530683327	0.20043624319657347	0.12572200856083662	0.49327887144170635	0.279200326431773
ORC5	0.20918694361064746	0.2640025423012901	2.5371562987478987e-13	0.342342206476768	0.06441692570479371	0.21898478416452788	0.2283615945192053	0.5198557937981988	0.2724657496011021
ELAVL1	0.20444329455100202	0.29624679515468566	0.39322121220421846	0.3697827983865467	0.34669264955606177	0.4805344254281545	0.1864175229586879	0.22396342761171864	0.53724208299264
CCDC115	0.036141612279451035	0.03300994874856203	0.33960525362852484	0.015278492498270117	0.21513882982198992	0.16884463367674815	0.1899607134703965	0.020134749244055332	0.313541303462388
SLTM	0.8322137017927931	0.8191412160439874	0.7268287531607592	0.4829364768806059	1.108118803964512	0.5761697217771784	0.7822115738584777	1.037457686964159	0.6127974398095689
CHP1	0.5901722988427125	0.91371586081787	0.5439037678529284	0.3843876224803232	0.2160522255897251	1.38957123732167	0.7084190581912164	1.0116151720309872	1.2263073890201825
DCP1A	0.08722543068659322	0.08272565983176744	0.09133143734428749	0.04574555774152831	0.13964723405904791	0.1201302502409025	0.12793269839596427	0.08037388487894004	0.05671201751884107
NSFL1C	0.25412962531270333	0.4366757064328586	0.6459470219534443	0.3185028081004065	0.6564897916004386	0.4580124159098942	0.16926624648353458	0.2355147466676869	0.7825524571772837
ZC3HC1	0.09032035170373662	0.40026604182632614	0.6737771113836787	0.2671333813233885	0.5096447953374227	4.4940104803116055e-05	0.5619440446568424	0.5697031897083857	1.2245509043764304
NGLY1	0.44772873892499393	0.6578671396290185	0.21555258954623624	0.32155922568253553	0.4651668651170669	0.4019317282808077	0.3624580123061556	0.5662103516940833	0.21999691012605796
CHTF18	0.09310597240810681	3.2414606335175824e-07	0.39463636171499905	0.5795735950391679	0.23969819586483354	9.26646503327299e-21	0.5902929972746811	4.90027540352759e-21	4.460107059388929e-21
PDCD10	0.7864074819359099	0.9882294530409601	0.31963907173306366	0.6723403537125843	0.8786652101576298	0.6636436402341985	0.21648971537168857	1.261438616582876	0.7044366314346612
ETS1	0.675485240758243	1.203961652431257	0.836616848378358	0.2461635009059607	1.7403081686480748	0.7651841862908115	0.5103387459644505	1.1829007319920957	0.5167933441712006
VPS29	0.7179469275109209	1.1653792634136493	0.529614089603522	0.5644201556369088	1.0775807068849474	0.7670973129790076	0.7310695385068432	1.1739903963593277	1.013762244602105
AARS	0.7094113274881458	0.9861428570647967	0.8124865029168822	0.7591870338040573	0.9721132428257115	0.9225957922079664	0.9819651196092165	0.8677694376659152	1.0771069013449373
RQCD1	0.38049386571815574	0.6450801714007044	0.2611283634660732	0.4170221580503966	0.5231813164877096	0.43503376839132357	0.31574268921009363	0.6998216793424922	0.34845219786130827
ARID4A	0.7210255189681404	0.6016765818318726	0.1978612597826637	0.0637287387054505	1.1410717363171308	0.39002767819206946	0.7136764876928579	1.2060232314989334	0.23751887558828355
INTS10	0.6152404935141538	0.733513320603899	0.40435211153267936	0.46315774560740813	0.8444398726567786	0.7450611703553583	0.9535321362673087	0.8377584301763659	0.5421121523007141
UFL1	0.27316045453933047	0.42043892673627936	0.17868067485426203	0.24078505546605614	0.7379016980673636	0.24506636871996992	0.46466759378395883	0.9129137751114679	0.5028722981241935
XPO7	0.48603034759119157	0.6677012060491148	0.38224173616084944	0.41152651354058667	0.6308201102179168	0.8199028984735695	0.9032111187915817	0.9384935677462045	0.6262779734784335
PTK2	0.7721592336574059	0.7402883108726472	0.6327649693429114	0.6810299195026237	1.089309180554298	0.8423979620364845	1.0540103713928237	1.1272554288746046	0.8863252452488499
YIPF5	0.16111521746616686	0.7202001147965955	0.0007506925343852601	0.3024598927104569	0.5804236977165779	0.2753133822391567	0.008095660606567004	0.861469926953935	0.9137868470755274
NSD1	0.5880919919532897	1.0206412538652851	0.6821235246720542	0.46312960861562535	1.1969005823826393	0.4754361108768648	1.0925044375595379	0.9275279381190552	0.6787870029247403
HNRNPR	0.7432027794456444	0.8476288840050784	0.7232193603315661	0.6401817419943158	1.2661920690349988	0.7487370645486813	0.6384745307600386	0.8237299906278399	0.7143061619337906
RIC1	0.46228576609226	1.0974425132431544	0.5079207158311406	0.4275490510869596	1.1692503271377435	0.5985518659528899	0.9572420254622602	0.8524038791318244	0.12949355958319475
N6AMT1	0.12315834997774196	0.0003276060605299616	0.10890462544510782	0.03310144652300855	0.14398204637256973	0.08232074757460481	0.3338408114259391	0.14644492702449066	0.12061001415735487
ISCA2	0.05458872362124396	0.10774659163559727	0.1256577861127679	0.09563533283918929	0.02867271899635723	0.5608874094789358	0.43062780977625537	0.21805456233492446	0.28273687389782204
BCOR	0.5254997118806157	0.6979998313688562	0.7950122994008415	0.28802086458473825	0.7931952232659637	0.5847178570064225	0.9747382227784095	0.6009002403559964	0.5328699647048653
ATXN2L	0.7233211210452944	1.0592771933985519	0.934542856335432	0.7038545809280456	1.1218817962420793	0.8479400652065172	1.0264030071785746	0.9227077069505712	0.9990565057593787
PIGU	0.4301527233947809	0.42173542724304613	0.09028426270246684	0.5031091681648537	0.2088481187054861	0.27752978114699833	0.04724181498586877	0.4294725468613567	0.855230327689553
PARS2	0.03527752016629162	0.006080799280099361	0.19508138994647928	0.12118767952645763	4.905906203239242e-07	0.1342303297156104	0.37214255193994206	0.15408034663101414	0.23126862912311877
HSPH1	0.7333377447908873	0.9691295782862	0.22972614822847398	0.9244775889773135	0.30985777222523375	0.9072746995404524	0.33452399990725534	0.6870355622079796	0.48861235797007463
SLC35A3	0.4272703813110953	0.3322073942001383	1.3554287291888427e-10	0.12811397851685133	0.17921580448205215	0.1724454944970407	0.22669287254827117	1.0437369719276168	0.40307288458760193
TBC1D22A	0.4664289680103629	0.8310643055554953	0.7157390520623333	0.13947320719661654	0.9155174412875521	0.12392445271541437	0.576799475153595	0.276159819593763	0.5386846112639694
RNF4	0.09970685802604844	0.3765011613112953	0.2914966267811482	0.1563111834659379	0.319324963051657	0.3143997793095872	0.0012350654930381093	0.16351015615351652	0.3010413771365084
TDP1	0.17560629672540193	0.38432482478921476	0.1861638191408217	0.3929889562552295	0.5507300269450873	0.16789698941367354	0.3009785386793653	0.4964882312583277	0.09148506245737649
CDIPT	0.1995048018006458	0.4134076654709771	0.682056016538644	0.14737424343433544	0.48608291352225574	0.8042962393436353	0.46773420902003277	0.36562425349917227	1.231423614006755
PIGB	0.1927307569315402	0.5690223050476851	0.1442440163261616	0.030129815410812975	0.2949114542459741	0.12550262256134115	0.19964900462208113	0.7495378440627721	0.3733037216413735
SHARPIN	0.4415038627105553	0.7261860070726527	1.0543320717580298	0.6618973132884672	0.7518636711539992	0.7332392695865942	0.9641207585988243	0.3608053947638451	1.0703818817682587
PQBP1	0.3498239886473327	0.5255273432652378	0.6864536834594996	0.3835093579804957	0.8956900175812202	0.6359869808245902	0.5652295698363048	0.3841173300636689	0.8948303833402751
R3HCC1L	0.45717164025275714	0.5951194896767011	0.14079662731323886	0.19123225600471086	0.44591743432925735	0.010419865922459989	0.593034170662544	0.7078242109927863	0.0033790223919559553
PRPF6	0.7062598300123507	0.9200150168972611	0.9036860822365482	0.6757783039507387	1.1936233805573835	0.8285088213968143	1.021629271729195	0.945842243108706	1.0117678059941353
CAND1	0.6279096967874259	0.9783737597932575	0.28408898177348313	0.6386371440430808	0.9733147553255992	0.5168987560046231	0.6859909501495924	1.0967453496485655	0.8698547052868238
KHNYN	0.11459051778402414	0.32999370651344545	0.634003421867115	0.08585704778255965	0.6947936817691056	0.3818492919936229	0.9355930776484017	1.2575996920392352e-06	0.005753666845310662
MED19	0.09645889820651588	0.11314743551807717	0.09709704857672041	0.08971348365633666	0.10399004169944831	0.131956812714327	0.05594294317301744	0.09357114670407744	0.22267654186539734
UNC50	0.563266151801438	0.8732919398922827	0.16846298236929208	0.38428346681359643	0.6402494447993584	0.6479410020499378	0.32739883458094843	0.9819035872380064	0.9548316096689025
ZC3HAV1	0.5475929313767992	1.2254372043197068	0.5329442343230435	0.39564399392017946	0.7882924522325386	0.4035347585925541	0.6175670244907585	0.8997239272231718	0.28106146527908316
RAI14	0.5263172816883345	0.5002166451126817	8.10760784413354e-08	0.6400292369904413	1.2105930868463177	0.24763416610210748	0.39779247590638667	0.8594509944356837	0.6098073008367191
PCGF1	0.021018552857707436	0.11878210392844205	0.11127631339550005	0.07026992259477693	0.1450888455150718	0.06866930045611164	0.19206672594097823	0.19206772618590723	0.27747003105075974
TMEM117	0.19263768733951553	0.10933956758168155	4.06884027090419e-21	0.198801619037582	2.8246408064729526e-20	0.2746671796800203	0.1757263430712456	0.10047677980221587	0.033023037663901675
PIGW	0.017311249208045693	0.08673467619471249	3.707606420884009e-20	0.12935420700171998	1.170059656134143e-14	0.1275038241711595	0.10082638849175403	0.21685343238593707	0.06133969014066183
TCEB2	0.2609390576684546	0.46720698907930314	0.5978195941277902	0.5467480105824446	0.21895114398987173	0.8978311379050128	0.3959864444531576	0.29336784350470313	1.1386273118407326
CHMP5	0.21514264343829106	0.49494448182503986	0.2547812284761917	0.2957994114377662	0.5487471681107929	0.5997802428402219	0.043494635136094986	0.7591406119981128	0.45248866783610375
TSR2	0.13204154658482234	0.19799693590860792	0.4122401400479832	0.11879592745499196	0.2933896898991582	0.8608483129900985	0.10509387124841119	0.40079760199676623	0.5983730076998095
URB2	0.04991634915565288	0.17194959948343397	0.16039239621624085	0.3253657718958199	0.14077438697001568	0.19731271812833218	0.3684307135860805	0.10165409980523081	0.06800565521762657
LMNA	0.7178804742820728	0.8888402336262846	0.992811794334763	0.7477890223766105	1.3260391657468371	0.9968513110271556	0.9344579156135183	0.8428630417618839	0.8896269671188237
PAN2	0.4126148993052517	0.39375557386186905	0.5140802241495983	0.00016728716117197484	0.7800213457080685	2.134342679240546e-08	1.0957107629342628	0.320883871828365	0.5729665395267305
DARS	0.6379352172850391	0.9120567805156784	0.7466001009806305	0.6257193305468322	1.2736909788118858	0.6873064756615092	0.7167312444767818	1.325724993567117	1.1174452747810977
STARD7	0.33585661202685446	0.7286776946571746	0.6104642974587905	0.4160921018244225	0.07880962783757786	1.1371015057355256	0.6551895227335797	0.8905475403815447	0.8894369792610561
ZC3H18	0.543934325847077	0.6347631602704371	0.8270965896176083	0.493933387697106	0.9872852138940339	0.588279614255702	0.7133805056081189	0.44920072075511647	0.6613282053080743
KLHDC7B	0.08389630266926393	0.3778257941324871	0.25750425876028493	0.006768269828329901	2.685540700549817e-21	0.0782629895577266	4.297860679049369e-21	4.056170663284015e-21	3.609285759652749e-21
TRNAU1AP	0.2340375574626376	0.2844061564465601	0.35090740206691745	0.13909808887329222	0.9150730836679282	0.02494755971363439	0.19157151817659201	0.2013733327002216	0.38010275655406467
RBSN	0.38751483913691426	0.3414378127445264	0.2709521270308536	0.18126342346936794	0.40715591973353243	0.47685245893989375	0.6745853351724472	0.27793382603750016	6.888563800046423e-11
EIF2B5	0.4468546382131525	0.6591548755204352	0.6954442115730892	0.46652362445579054	0.9822388504894624	0.3987713177088797	1.0326049696937494	0.651790785029526	0.6953915503445139
PRRC2C	0.7903655942441387	1.1015695756723891	0.8422485981256276	0.6971829821736989	1.1963754609019355	0.8267547694839382	0.9984896325784397	1.1170282330415837	1.0028456045988776
MYL6	0.7533539211723844	1.0559339217193076	0.903369337987938	0.769582770409899	1.1630389119721751	1.009910140155472	1.0177112430852049	1.075336626872687	1.0482483538112564
PDS5A	0.7352045332089335	0.9639526307381121	0.49689386607708325	0.5553660074024098	1.037900976709241	0.6864062963416758	0.7849025285663693	1.1979129990415467	0.7867694438168342
TUBB2A	0.08274625658496995	0.011514385283311399	5.02866222335543e-10	1.4226658883818253	6.842292835182968e-09	1.308330213075058	0.585942597445313	0.0016880037030616941	0.16825139248184173
SMC5	0.6359488372726053	0.4332084559379101	0.21135901764864404	0.25665291102492044	1.0309909647534463	0.18355496509486716	0.6692202078641097	0.7710680117662834	1.769995080765222e-05
CEBPG	0.29109650204435056	0.6822436762574676	0.00012079470858472034	0.43163927389457873	0.009611396955629426	0.6184971819790283	0.4457535144628277	0.8021878173852374	0.3548429847484043
GAS2L2	0.07370546299436016	0.034986391362040424	0.008783363790936017	0.023230494850023674	0.014436704007379435	2.895309283050257e-15	0.02788359184013645	0.007956855437344701	0.058111190208584615
LSM11	1.5417605926530395e-09	0.0013914381095858105	0.07863956104452481	0.08078005967747316	0.09704938233830086	0.07899664437352864	0.13825213469623232	0.06847198082796979	0.06991844937760038
ORC3	0.23387836356353167	0.18777254979589345	0.05325461823782868	0.23748499963251202	0.41714141405897603	0.06341810545835706	0.3568835855359172	0.8120858595202297	0.12949276134967297
SRP72	0.48692061870560893	0.8458493912583118	0.22026081005080309	0.6098070954453876	0.8242679569302513	0.6545776288154228	0.39775669192844343	1.1835159996119355	0.710310717297049
TOR2A	1.4512084653243392e-07	0.12470620680094022	0.16861360600621145	0.03821911574295894	0.044562867675469325	0.16165301588514563	0.16923603332431264	2.37633961532844e-05	0.054715795672753316
MRPL50	0.08852061087485831	0.09537557255935934	7.587967181796631e-08	0.09763361840935407	0.04908872736986018	0.523935079149243	0.2338619378303839	0.6498402584354551	0.08431233466546796
MINOS1	0.02531599950196846	0.023524101915735115	0.049577163903356765	0.011242435880021844	0.04917522932211664	0.04329532021899434	0.03905039543919304	0.048088083209424884	0.018253264982860274
GLP1R	0.06577485595195834	3.504320992981808e-08	2.0775383851463757e-14	0.05382227031838133	2.688849355628358e-17	4.1757297261525984e-21	0.10718310146780112	0.033773046984756874	0.06369250404261213
TFRC	0.777730895989311	1.1646086737076855	0.6029364141447018	0.8634236673511296	1.0496780671608439	0.7960831329225244	0.17365359296122462	0.9443160348453011	0.9414357756104679
INPP5K	0.2777614190583492	0.20016873840431296	0.6428300628984752	6.427188748241682e-07	0.5795090898112395	0.2183095420123947	0.5250590118646159	0.285711882150104	0.27745404223871617
FAM50A	0.3701628199474121	0.48088840083999873	0.7808803879413729	0.7271821386639512	0.8554139710314237	0.6139447650842675	0.42929175805165715	0.21433411116775766	0.657926698528386
FBXL18	0.0021862605591394415	0.07114751833059574	0.1857720496222945	0.13663926755323386	0.05314026779337989	0.1294488020275883	0.28827798038655694	2.1636814636012657e-11	0.05537281525793221
PSENEN	0.6999185409021358	1.1506182068188395	0.757687930468865	0.6954931556300743	0.920946272198785	0.9777448621237493	0.7706287200073906	1.0105592930111704	1.1634786866817137
SMARCB1	0.6656341068532693	0.9129326596919101	0.9142934833300851	0.6852460704024569	1.1560368704856128	0.9444230325087943	1.0006307033686526	0.9109451958410112	1.003038608105087
USP18	0.0032339219041499986	0.5583720662567268	0.38143698821032535	0.1894322264942016	0.1267106234983536	0.01909143691897018	0.1282495497008704	0.12015457534887972	0.196803394448373
FECH	0.10649524154123458	0.20801634068535138	0.23499342982332	0.01638977800643129	4.751454159889835e-06	0.7062429921759852	0.6400392991363445	0.5396364806608858	0.22442135513323908
VTI1B	0.06552624920491112	0.13494137827969013	0.060175048257363924	0.01073630563271251	0.045877029032531824	0.44135129835954157	0.32356054025081554	0.32538424643016717	0.13496743755538052
SDHA	0.5743600971530255	0.9183105415710472	0.9216178102630713	0.5520728311301053	1.1338387100831355	0.9180538917464381	1.024202850620876	0.9028833280379569	1.1740804900193467
DDI2	0.041860864840960445	0.11317194566313368	0.12471701308021017	6.441984281372637e-08	0.1174791815576518	0.17006219282196425	0.2272775466872987	0.08356654881406371	0.10948193487783277
TUBGCP4	0.15281117343413592	0.27019827713608585	0.20690316268907136	0.1872876887149818	0.3801162113634887	0.2411410241766303	0.7322261944917483	0.5323060798931062	0.36519078802078964
CLUH	0.26747043154973915	0.36279264444301285	1.1929165589155664	0.3615808444882632	0.3710617115404578	0.6278253555115672	1.4596201518226584	0.3519532491171256	1.2304984284263385
EID2	0.11668044248118582	0.20489924112296423	0.11313857269868036	0.05717987262050866	0.0778057061301582	0.4071854616814966	0.2236931850226276	0.12577804009426252	0.24204884421778897
COX4I1	0.7291164182356504	1.0504589142272063	0.9207056396368789	0.7685834347555545	1.1157806204683844	1.0196278252537516	1.050505869613712	1.0787622396791696	1.0798831280719043
PRPF40A	0.5421243740292407	0.590472762476037	0.2360829716005285	0.5741246473987388	0.6647860705265471	0.2472086025546679	0.19469176500012525	0.8525774169317497	0.46322834227653087
RPN2	0.7376239773782819	1.107889764902501	0.8692688832210781	0.7706761975107972	1.1432517361625898	0.9715652472147793	0.9740509035654596	1.0419598728142712	1.1136659841644019
MDH2	0.1347591496612805	0.5988861341846361	0.7416115572089157	0.8275646416536887	0.35855903445932175	1.003274504182863	0.31706028499945904	0.41864719346239787	1.5027372388009423
EWSR1	0.7677171779601522	1.0328135666723077	0.8922388553078026	0.6949813282460786	1.1812572969173187	0.8938337238998674	1.0657148377816308	1.0394024258502077	0.9292963345768873
KEAP1	0.2291434184198009	0.7130723793848293	0.9909602094967963	0.5308215292422699	0.7478402123460318	0.7127409450723059	1.0262355046819807	0.4907831159430336	0.9345276329702911
GPATCH8	0.6857348504216436	0.6545084817136867	0.5532575150056059	0.3677482550141831	1.0164876590939773	0.37940744830521056	0.9951440323541039	0.8930423368573681	0.41279904247906996
WDR7	0.3928596226212943	0.7615998499901314	0.28791199611375373	0.0015677767604558549	0.7020065036770231	0.4473233019894636	0.918847098725287	0.7101998376854566	0.0002324753789069997
RPIA	0.23883426753335288	0.340789146697459	0.3155616835005003	0.5489931210462938	0.30933573213600424	0.5669462713630422	0.47875478579394054	0.6450672989433403	0.14598884130456652
OCRL	0.4675587258945253	0.5708341856736717	0.23096149204322636	0.6323655614525707	0.3894120052907245	0.7955623084662466	0.6486049763660054	0.911143399670957	0.7900024704254816
SEH1L	0.24323860920579787	0.09906441904668394	0.23631351899154804	0.46670748107624943	0.4135634841048291	0.5195385408492185	0.20877425344929607	0.8261571716535214	0.45927940969113396
AZI2	0.34568933326139534	0.37573796621640315	3.0891319435966578e-06	0.12050809902395934	0.31953323516181986	0.4966460574937127	0.11491920272922794	0.4514186509985407	1.062435210487205e-05
PIGS	0.18848086956803123	0.44397340379287037	0.5993391953947897	0.2327797985230039	0.36176079322505894	0.5137434525465876	0.4292556304163129	0.22857505511052	0.9746635108657264
PGLYRP1	3.2037439221984553e-16	0.018931151359047542	0.021962957454111767	0.012277105170691882	0.0005195308796510986	0.051435618727688516	0.050541412889041896	0.019701833766386116	0.006781738172966116
PISD	0.349564081344866	0.3218560594186977	0.92892595535494	0.07843673242070703	0.4339130246874678	0.2950872242266312	0.7243145930821964	0.0103835799480043	0.5165851231529025
HDAC1	0.5842950035092204	0.9737442165314235	0.6590989976877074	0.566745632899136	1.2517328694683485	0.6153247059380115	0.761097633264374	0.8181439391439974	0.5630688244185252
NADK	0.16771346684271263	0.8106446019285576	0.8487149563914191	0.21928169346738927	0.2818904018236348	0.7228559363740872	0.6419057668671985	2.00712684816929e-09	0.25822670341843035
METTL3	0.6699000958025332	0.5731834921666618	0.5918373997985474	0.35744136012256283	1.2992326439133515	0.4030658077201292	1.2482497730167446	0.6071558525487796	0.1648164357542864
LSM10	0.09295148872061339	0.9521735995512288	0.5148946634539469	0.30974058818142675	0.12237471678803873	0.8214755929009357	0.41925521177548986	0.021713333063451128	0.5145580051464052
MTA1	0.46926667458029325	0.33112375122622667	0.7520464983827584	0.5228702416713613	1.2324977616566186	0.5851285076848677	1.3752402041686251	0.2298936607511708	0.2487653151368921
METAP1	0.14579184826768474	0.10019346456469719	0.10170762142539308	0.13355511718567445	0.21517068770466208	0.23519306488999497	0.07101930695158994	0.3558714584966845	0.1185068769480826
DPH7	0.16046957525170363	0.16874073023417108	0.33768878218597975	0.15293919035638182	0.3063144615878222	0.1553018941602112	0.6559734337041228	1.4712710919579013e-05	1.085252611325388e-20
GNL2	0.4548459853006228	0.5833266101722329	0.5331661015929096	0.7461034614281943	0.9480051723866292	0.40844227641643943	0.19829434942542848	0.6596344817037165	0.7083239370800409
COPA	0.6338006031723744	0.8994773786602464	0.7318589384175445	0.7329865089090001	1.1653256767479425	0.766670839907465	0.7884150837460048	0.9959488754678567	0.8924004117866667
PUM1	0.7165414690867936	0.77726775230068	0.7519209306904073	0.414834268931147	1.1851355293467893	0.5946306412966192	0.8106186455629896	0.8210566476856017	0.7742758738625917
PDCD6IP	0.7087825485345138	0.9317606272865561	0.39245353119795773	0.5271520977172222	0.8731006043113136	0.8063283764846236	0.7580935923186619	0.773407487332687	0.453627930454121
CALHM1	0.003432200579460066	6.39716598274443e-06	0.009110564027680616	0.03779225278319676	0.0028623313448071595	0.026268825918168825	0.035473679495918134	0.03132626506083162	0.016161420254110936
RBMS1	0.8407938952171469	0.5710857124723712	0.2835752112194075	0.3875885904168087	1.225074996315697	0.5667224726177118	0.12322912074175381	0.5751095786085798	0.12880969787238897
COA7	0.0011145150615841095	0.07391530619956287	0.08135911461877	0.188678815751988	2.7002847563877986e-07	0.2901731053245818	0.21047668833434457	0.10806765143227247	0.18740357786904882
MRPL15	0.15212876666391373	0.36173424087660677	0.07643194971707205	0.7103383483846494	7.695758827868968e-09	0.6974282645253446	0.16401916915788253	0.4957654873839169	1.049267750966495
BRAT1	0.07316731838496811	0.40107483760826007	1.0653402794332536	0.5570119164068987	0.8096226596792884	0.5877422837116603	1.0700474926868075	0.008743725324366841	0.55418278163859
SACM1L	0.7423670260662384	0.9381070085735651	0.10664550075475286	0.3025621571234521	0.3944045074831997	0.9138284105462713	0.38071571647520164	1.0275203679694656	0.30551935559564847
SLC25A22	0.16267417179687618	0.5775347861550607	0.8730363647540639	0.7010190816885808	2.489082421370879e-13	0.4002218891131686	0.5027953671939374	0.012999316153208177	0.3038776974220404
ATMIN	0.28341724915039207	0.735120944556844	0.12408708344391105	0.2617712933766308	0.28743683818169097	0.7812964142757183	0.776949572046627	0.9285895707454812	0.81632722161908
TBX1	0.3958263871189615	0.04747681953158471	0.020515617731953664	0.10232371172690116	0.06443800794742097	0.08953133255228163	0.1877773525942523	3.604541936919031e-21	1.6048369403079928e-21
ILK	0.6713437534019246	0.9327734090253422	0.8640571651108752	0.6047392973670085	1.32796729217717	0.8932556315008792	0.9728684725283044	0.944090614598329	0.8916883645279503
LIPT1	0.15309434442210879	0.20005726186324357	1.1495466144143499e-05	2.343479037414977e-06	0.07178156634054753	0.014491478496538628	0.38950098945704714	0.4335234416056631	0.11552929805520042
ATP1B3	0.6336792987480847	0.6081030446261592	0.6185124965920176	0.6366156882082216	0.8308542466511025	1.1344240652958821	8.852081960676232e-10	0.39899555096592665	0.6602091760707776
DPH6	0.05026941902669924	0.019590836010916282	0.03696541392113934	1.2482016713075915e-05	0.058906486183069866	0.09121166094272468	0.17033110515152017	0.17275481706963183	0.06856306253927553
AHCY	0.35228063460848374	0.433074837700905	0.6847056999496085	0.8484807284148639	0.47013142399578983	0.769159124754771	0.7834425098305094	0.7905877609441895	1.4332791842205301
VMP1	0.8472143517253337	0.9839095704862076	0.8590276431082299	0.6741931480905714	1.5556173435673515	0.5478127752014419	0.14289434833216375	1.0012445614295418	0.8968289468027519
TMEM259	0.603843638607417	0.9853425764324083	1.0801712366971539	0.4845841785910719	1.1917410341964751	0.6772264077270671	1.205686570762918	0.4619888104746539	0.9114480854881962
PPP2R4	0.2693107006235444	0.7834349117080168	0.9102788613372149	0.6008568736815976	0.9457659197271293	0.8635600133957688	0.81721719398821	0.6019280727329551	0.9067378077398155
TSC1	0.42973061509878874	0.35660131494318775	0.5048209070545506	0.16975552399028546	0.8236668018448775	0.5109288963845555	1.516887302254808	0.8855595591861876	0.08820781511028601
COG4	0.5953942322528348	0.7931650239987819	0.8598753983114779	0.5023821471236288	0.9190706407741109	0.4998497300849829	1.2062699863548783	0.6779809650388569	0.7335152623344813
URM1	9.08705433810756e-11	0.01807761647849414	0.12719682529306017	0.05433842944384595	0.07009751809622992	0.1683138876965724	0.08709230738340962	0.05941022995226996	0.09216182436487731
LIPT2	1.6178658024009856e-13	0.02699001576662548	0.1217347172603166	1.1667782518795967e-06	0.00029524306720513874	0.07041427054296726	0.19156600548821762	0.0637693947857412	0.1553041162942253
NOA1	0.2673039923819319	0.40378907947381376	0.7043557879920698	0.4651951370413853	0.5875110344766429	0.6418625871480759	0.7669600448220604	0.6046719739012597	0.6686009819372133
POLD1	0.2587030190999594	0.6121673467807403	0.7984987973939776	0.8634715541638253	0.8108249721838886	0.059999979657669775	0.7755480258581182	0.00037291540880005525	0.3823276148148097
MTX1	1.8260253507634924e-06	0.15398310657575007	0.337197839235818	0.22192979498498075	0.04712618745884612	0.2717423516526282	0.18135469744418084	0.1337120195485717	0.4911877812285985
ATPAF2	0.2633319123700506	0.2670466548981248	0.5686626017115821	0.1175141704178312	0.3137260016864751	0.4879722651650772	0.6040081412120196	0.32012477783609805	0.4856515987791079
DAP	0.5717506945913219	0.7438823010887299	0.4819041861652551	0.5831409668928663	0.5951032727744602	1.0309673181131422	0.6082776050864096	0.9607152576114015	0.9921910953251181
TERT	6.606984259610219e-13	3.328926449033867e-21	0.02622510417810673	0.14182977203532207	2.9775832150207798e-08	1.0125370824809975e-16	0.2636897277916102	0.032205218345930875	9.47534950815853e-21
PCNP	0.40820021718832444	0.36482284488872624	0.12636466896635545	0.25580290960005186	0.654643984337765	0.39946858320101236	2.0613664729838442e-06	0.9809254498636272	0.5076397336499432
YAP1	0.8384323156766932	0.5767193893747061	0.4840538412410063	0.5413346944163878	1.2250797060650003	0.8185746661953287	0.5940727621990293	1.08551393959754	0.8291841030435503
CDC20	1.8613927216356777e-18	0.07678568237503987	0.09760267759127973	0.7932470404106721	0.1012081422882392	0.00017332395051263558	1.6114486036784474e-08	0.035929453393845664	0.0029865035984607945
THTPA	0.02455059087061977	0.059683393318253744	0.3123408411020296	0.006877276978262668	0.20927504174917247	0.27389157180917073	0.5497609003202314	3.7840178447495023e-07	0.043069899804311286
RPS28	0.0008995346842177072	0.15901676139677257	0.5077158023124088	0.3078524088306032	0.6012769343017976	0.43438131935540053	0.5487066556795868	0.2091223318407811	0.6144951930748167
DOLK	0.0435493369643571	0.2414384437277916	0.3897351978544855	0.24009628807903832	0.002252353524681249	0.7994345676234162	0.6804283014029104	0.043719408549834665	0.23275408267184847
C1QL2	0.0003598120903606885	0.010113637815318715	0.01145627105232829	0.020869445073608196	0.004286998744774624	0.03212575751329884	0.028120295083548203	0.024894620866284634	0.02272111731593424
B4GALT5	0.7038974116560799	1.1069326826778996	0.8332374158666791	0.5990569089502192	1.0167422067709222	0.7426269707228064	0.71175074566721	1.0919024202784362	1.2207108226888823
VRK1	0.4741513125393357	0.5651045857525029	0.08443163793473091	0.6854825089695197	0.6826476034606651	0.573426687297856	0.13983410478751748	1.0531994757178982	0.033224510659588764
GFM1	0.5459042185000104	0.8962670103685874	0.1785736099690368	0.5659818937979944	0.40976151909600905	0.9291439479435553	0.7228406801339489	1.0605134038237307	0.8968268483779516
SIRT7	0.28695874211556793	0.5711816528487978	0.7570312965297255	0.41436557329341484	0.44225917413638305	0.0011684064858162263	0.9042816091252756	7.975467540227529e-09	0.21242422093852603
IL18RAP	0.15654812251047417	0.1910720997607224	0.14230073006792968	5.437194901554867e-18	0.27002669244757904	0.07354589694410239	0.048280737884117846	0.055893480997388584	4.030967370523454e-21
RAD51D	0.3838177696104721	0.4549195181803514	0.34030234253124203	0.3865505239552957	0.4017834024045429	0.00028904910637544615	0.6862961161094181	0.43713140486939	0.22268669697315488
PPP2R1A	0.7064518652599667	0.9893153472952648	0.9353573367850263	0.7454076797126531	1.1199306096935673	1.015568439687363	1.0206297120526642	1.021285057942315	1.0617186941499264
PHF23	0.34793171725611877	0.6210036500041412	0.7639976946552863	0.5260766555291475	0.4752014634564508	0.617966726547734	0.7867460785387373	0.44547533539087736	0.5222921969196616
TPSG1	1.7043049246079068e-16	5.8085669368257214e-08	1.0035090657319892	5.737403910940579e-05	5.03595079483026e-21	4.807852880141999e-21	4.217744496277369e-21	0.19817836232857663	3.496725841017608e-21
BABAM1	0.46419336061489574	0.7275566868542795	0.8517673221479789	0.6365461763386236	0.9135613662080124	0.8296238926950356	0.8415530660494984	0.6428663094544608	0.9724451692564128
KLF3	0.359695282688332	0.592175758431569	0.4703041935468968	0.22696439453858472	0.4785765872930209	0.7447377505050111	0.6430462275623461	0.5863755728867966	0.31643792809249177
NIPA2	0.3770594505598692	0.9413746189831463	0.15439213965930654	0.4342378486476929	0.0005769961578067855	0.6903138900095183	0.22427518598344084	0.8375888197247671	0.4674076854557798
AURKB	8.548315523387442e-06	0.225341249322043	0.20372685894580544	1.1237666554139998	0.15958809527817724	6.6182835197451715e-21	5.248980132641022e-07	0.06367894006626078	5.305710455485906e-21
PSEN1	0.5138837736353443	0.7695857081936864	0.13143669767510924	0.29542385156444684	0.5020430799966326	0.9209111526858136	0.5985280878830631	0.9455181041643849	0.5356218605930271
RMND5A	0.1366434717674835	0.14451226697785102	4.5383182937903806e-10	0.03067494995382923	0.01409245453601372	0.6191799988905724	0.556908711560827	0.7512836643611032	0.23366839835990807
WWTR1	0.734979344688936	0.8670879519954382	0.763146003313121	0.46846336958760026	1.5186463049363013	0.5874096584735742	0.5452701119090311	1.1488147716810773	0.967171323592143
NFRKB	0.2827525827273407	0.2239712400335568	0.4355843624794921	0.09310375157986671	0.545731724762135	0.034176220959804	0.8976854597757029	0.18653169485386517	0.21144441066650538
CBR3	0.004194400892427966	0.1692768657086619	0.07353401693919084	0.1593831131234503	0.2767744037938023	0.1579919862487819	0.05896062770440897	0.03311351053175589	0.08574138563271769
EFNB1	0.4294525045773261	0.32631242270411465	0.8256588276639806	0.38696633661069946	1.1613428726921136	0.6747220355396965	0.6168406863690606	0.26239615897440954	0.5403807893887618
RAB35	0.4810860347418497	0.994068862254582	0.806336166236596	0.5338394857715609	0.8495785279334179	0.6908490763122405	0.37683202479748723	0.46751829616925017	0.7121164597376825
PIK3C3	0.6177015889615066	0.5944640390644262	0.43510051865200794	0.3104915430685404	1.0924980674854154	0.5019230411978443	0.804564465855565	1.3361464390038331	0.42309674765338084
ASNA1	0.23746717513283197	0.7845623117128141	0.824061564001581	0.537220851403172	0.7066949683724779	0.9943474173473794	0.638297727295169	0.5622008453309723	1.261091339354182
WDR45	0.2628200860234276	0.511222345824131	0.6973265971124362	0.03541937895972508	0.5195407426985166	0.39363993790997176	0.7519390647775634	0.0946439477058287	0.5373720557667537
PPP1R14A	0.7749494322976707	3.6115440451487194e-21	0.3977731050826166	3.86532398128673e-21	0.8650584230015667	1.4596247077426683	9.100262058104914e-21	1.2839661468564516e-13	2.8035555598182525e-15
PPP1R2	0.38412522919631764	0.3526006403241	0.0015312469997691314	0.24915258345446545	0.39814346690395364	0.5498191279797592	4.2607315755631525e-21	0.7014742957677226	0.25460381880573724
SERBP1	0.5647712336728465	0.41476481348362154	0.4815644831032636	0.7210669672655509	0.9401945851181209	0.6472956087465259	4.6638368471987027e-07	0.9098669089350386	0.9157163609430952
SLC4A7	0.8064882081206555	1.2471370112888789	0.530457698660426	0.19283841792262232	1.405779259866126	0.3683885388123275	0.12443985094749696	1.0116059187190856	0.6091421211331576
PAX3	0.035723540935320666	3.2335070306821683e-21	1.047267218178585e-20	0.08290534604885288	7.49810744258371e-21	0.007429047332071206	0.06743876556676323	0.031120068042995247	0.0027378258963419817
DIS3	0.5267564149271363	0.41016408376037333	0.1991402983247314	0.19834248081435232	0.6925842157596778	0.19109658954550462	0.42362014357116146	0.9535952336220964	0.2732338451915916
PRRC2A	0.25061706327371	0.2658825985077679	0.8042387691095093	0.6148818143025588	0.613233490882263	0.6495783560961368	0.8040290442143452	0.3131965600081571	0.37577228032119503
ATP13A1	0.5284537575390935	0.884851663003394	1.0230316905432764	0.5784705707018821	0.9131701405939543	0.5134817590342662	1.1065350210157032	0.32597759420412403	0.7478974951161921
PIGX	0.09182363340336963	0.18253761906931276	3.033524574572832e-06	0.16807827607372722	0.041080855430009174	0.23705050604971603	0.05538605310775976	0.4611796629755708	0.44081215250778855
COL6A6	0.5002916664467449	0.02406840097914653	4.944058153900941e-21	7.596087183544767e-07	4.3297251949848054e-21	3.8124554993814926e-21	0.07280407248101965	3.540235782605604e-21	3.3500639125368753e-21
CDS2	0.09894890169153259	0.3214927927878124	0.11776931620388767	0.015499657486751776	0.1957832418691749	0.6500275693654534	0.45267451112919355	0.3675030107430432	0.43274722015511063
PRRC2B	0.6183955100689634	0.8659531690259712	0.9525538712844881	0.5512654049131339	1.2507292455270294	0.8877033308530272	1.1744631042878473	0.7540603148905697	0.7513601819996242
PIAS1	0.6052559980382853	0.9220380569264823	0.3290119485661421	0.10298222186021008	0.7958281417028633	0.5374850768009856	0.4302485912314784	0.9533770730614144	0.48929233163833097
EXOSC5	1.5860272045502078e-10	0.15767989917095002	0.6572701735604843	0.39822225004002826	0.5604862392036224	0.0009482394881727527	0.3503842924963923	0.0007548453803941584	0.9666036618742614
SLC25A29	0.761108936488483	2.8759122046491314e-16	0.7245366201352449	0.0007555750505934962	0.057527069575931476	0.3924705726361718	0.777540910511882	0.017722504752147712	0.001716890977321991
RNF114	0.49157760586140087	1.1391948862545307	0.6173798055132352	0.4399784653194142	0.6606784265035365	0.739275606521654	0.6482001933810528	0.9709874128096037	1.0227886477589396
RPE	0.2351026601042074	0.3375558795255631	0.16015273412679615	0.11959984987189134	0.2925202042788912	0.20787717302652692	0.32944614712288656	0.4369142314191235	0.1908876219965367
UXT	0.33424125319788084	0.7642467353353145	0.5716681720385886	0.5722630897438935	0.841379210727442	0.9141246945855965	0.4212801129602596	0.7372953910631652	1.076212563377458
SYNPO	0.6840819382304139	1.1388637554592405	0.9814985553309022	0.3437490717265172	1.4284385058507234	0.8650374354751452	0.895064408822715	0.916863670180851	1.0840013050953778
NUDC	0.5527757952583837	0.6661879565662756	0.9010672648166638	0.6883348722503719	0.815060671252866	0.9786110469063671	0.5547910018842133	0.7303800446023281	1.0618168827498253
RNASEH2A	0.03667459084050375	0.2958128442700876	0.33226949289832586	1.056660175314501	0.4007255900002133	0.148630026427503	0.18305670629663534	0.10958358013984974	0.4917470850798306
MRPL47	0.3819022765961047	0.5785144585243205	0.10836314781298469	0.7216853501399246	0.2264802289187717	0.8673849165678891	0.07474867138100585	1.0465251341670363	0.7968501374720035
DUSP23	0.5763137620245565	0.9565604021995547	0.9468278135622478	0.5474902896011128	1.0513647642884456	0.7724696073059908	0.7315331495024269	0.8771309248269087	1.461825434612122
PLEKHA5	0.5328045041847259	0.7270768345450005	0.5154465042394745	1.8487170859226285e-10	0.8355742819477697	1.5951913719047753e-12	0.37524838939843486	0.8171594073223041	1.4388858719640902
MESDC1	0.054064825465626895	0.42244407796838235	0.6529556164603784	0.19252792455964046	0.4492542881337267	0.5401717338997926	0.4788376442958336	0.00727863807652378	5.545606249667676e-06
D2HGDH	0.5636630746119397	0.5580462318738245	1.141378921106858	0.25736807311416543	1.049573753905287	0.5993351692702766	1.5898217520192839	0.7179843072167518	0.577876901513886
OGT	0.7647969201426186	1.134285694724525	0.8505282495810585	0.6183903844301625	1.2490474476760738	0.8474960841622706	1.0664950132866802	1.0947876121371287	0.9100373544619796
DIDO1	0.5733677097343263	0.6989742152254668	0.8196462115462491	0.40531271178864436	0.9938996236761636	0.28844913647136217	1.1019481880517354	0.4759323952498471	0.598753451740709
SDHB	0.5000309732604509	0.9259433324126414	0.7293099490590295	0.5577226176809633	0.7247276264694086	1.128762784652259	0.789271328200915	0.8828677078586026	1.2000474421006186
CHMP4C	0.3880306456616342	1.775241918877114e-14	0.16009380015829883	0.1534405746094258	2.482235672032669e-06	8.857943455137058e-05	4.764765334195947e-10	0.2868875714577899	0.6974646769652246
NT5C	0.3003410536777093	0.2139246385395588	0.9692876516796423	0.530186958100937	0.8303866893786487	0.2133814539761647	0.38106313781244655	0.24273488227375362	0.7211851318091916
RASAL1	0.3731471185786823	1.9058643238699745e-21	0.908582068962988	5.321369958364501e-20	9.983544657803504e-13	9.470894045669556e-15	0.25125249608560624	0.19886981696881756	0.8148344266884269
LRP12	0.3546108557515049	0.3731139038956811	1.2583849954415736e-18	0.6503859760121222	0.48702606523451125	0.347662887276607	0.00012962986698013092	0.13376366452197436	0.29208388956339304
INTS8	0.6637602035123978	0.8567798250609171	0.19031879712815705	0.5647063868076929	0.8786729071640413	0.14432150899543297	0.7072965115076051	0.997882441175899	0.5649001639360973
RNF168	0.6739404646446636	0.8947691516205168	0.7927858634290456	0.660376510274916	1.1776175648874203	0.8552645714063082	0.6938686269154244	1.1445807017510623	0.6173606962579203
ATP2B1	0.8888079035995444	0.9204740037640834	0.1882595002146458	0.3670587628421057	0.7421300038801992	0.7006519572833335	0.27680682392164646	0.65018975824082	0.26670361976917417
ARIH1	0.687010776934661	0.8708083485381549	0.5809913525262691	0.46147133426812825	0.8505287973542387	0.8773454195685809	0.7008429848836387	1.1838412404390397	0.6756462116630102
RRM2B	0.5830880232844333	0.9828249009633419	0.13695567104099837	0.11797453517234188	0.34790370635695295	0.5420895888951541	0.02401917256413254	1.1724774539001928	1.0410309333628638
TAF6L	0.09595766481880763	0.1448967988973132	0.5014301644985942	0.10877745689303098	0.20783480376197605	0.304846156290113	0.74279163980654	0.007151990385876012	0.19766315593432726
RPF2	0.033692416347593776	1.23194845186443e-07	1.58520968635516e-10	0.2074303738237973	0.2105058466741569	0.07618078026048497	1.5341672336496773e-08	0.47878982065366027	0.21776661512722303
TFAP2A	1.0235045265445422	5.6073895520420334e-05	1.3609630022933925e-20	0.7751558380843286	2.5352187106199517e-21	3.5679189220128634e-21	1.353238726692763e-16	5.2619626079386825e-21	0.275830693091519
BDP1	0.4612229858326302	0.3279528780084286	0.075663880837891	0.14167877640774962	0.7289214211083206	0.005857345029522311	0.6494777495609501	0.6427156932670659	0.25142759908389495
GNAL	0.17744642916709405	8.292341511271895e-10	9.366752803688665e-12	0.07242094259762555	3.42802844381275e-06	0.22404265912317453	0.07867436562750953	0.046716696173904115	0.21064924479116087
RAD51C	0.3727722772737082	0.5762857906717124	0.01257230647974553	0.5696826957426165	0.3789250450637209	0.39965477708817154	0.38951810790267716	0.973444831291938	0.5671614431630975
SIN3A	0.5913133243953601	0.6592302050459905	0.5754926973124195	0.30649836380615386	0.9410092522008565	0.5311065474649278	0.4617680629795285	0.9231840474016451	0.5278363210509157
COG2	0.4059061536955954	0.6171698125501088	0.3466303812595476	0.38602947599347887	0.34335505179437353	0.5170014585687044	0.6062134156648539	0.9257230633496905	0.7046196418379801
TSPO	0.5038751589037838	1.0937740125332447	1.0861201428893121	0.7569578358816155	0.7291530600111339	0.9293934453678515	0.8202143224446486	0.4425909955038009	1.0000657810043303
RNF32	0.0017209588594211435	0.0005087744523949588	0.03562285744109252	0.06606908351255711	0.011041622407669422	7.972616347775494e-21	0.038438006851789844	0.0781492854452628	0.05567349007654096
RPAP1	0.05927660259677951	0.16484695975402294	0.5696155752148285	0.21971143084799816	0.2961884493009974	0.2138988681495633	0.5628198864649051	0.01751508022923633	0.3869949801892676
TAF1C	0.5718113475378942	0.5332534741564688	0.9989837345508434	0.34643386234964646	1.0943028478809989	0.4133001088220966	1.4324412374301125	0.2031179272886045	0.4098847806155393
KLF11	0.3393068816117507	0.48887435713884525	0.4334129043679326	0.13427639043538975	0.8438192718293017	0.6859760102094274	0.860461849467126	1.0677982803796082	0.9091713714613137
RAF1	0.6893503107212117	0.9926956131983837	0.6540728998833326	0.4817505324503735	0.9883620368728931	0.8921955296534206	1.053140267603141	0.7973675250426357	0.5777894413732609
EAPP	0.7258395279272772	0.45028516702721877	0.40481390168243575	0.2674290969885799	0.973968331893942	0.8893154789804183	0.24142626796621747	1.1198669144035909	0.7916509075558954
NAA15	0.4318288429501825	0.635230205559794	0.2515990296316481	0.45732032364321135	0.6914029670509731	0.4560224379048768	0.4068410463920679	1.2122868243242313	0.43524494251770485
ACTA2	0.7723924766905935	1.0518989057521557	0.9224022129787117	0.6914249298508601	1.2745073610255933	1.0109575024895634	0.9379068189139627	1.0653245925853128	1.0342206844241613
METTL1	0.2362402916739413	0.23070900072567394	0.25918954914452197	0.4008667817527628	0.2285276309430005	0.0076614553468707675	0.11085396318715535	0.0043947638249449555	0.7320066328426129
BCL2	5.894168281805686e-08	3.870532815325763e-21	0.823701314168908	2.3567777782422546e-21	0.7231102424637655	0.410955566334737	0.6969078141604779	1.2467514518199045	0.2968031927860901
DAXX	0.01719225032115036	0.13353826039690098	0.27078788051030345	0.12653300300695772	0.16866869227813994	0.16942778103958062	0.1570979861024026	0.0930950510395727	0.11413640605498475
FANCF	0.0046598880297445055	0.2853771262166459	0.3283128262603102	0.19877528096564517	0.019999304974365993	0.16248099993321607	0.5129104495894014	0.3722866158191464	0.34223937887332084
LMF1	0.49795030482574426	0.18635396147330857	0.6455849731136257	0.2412383553385784	0.36188191445634704	0.36290436898713174	1.2680184009892939	0.01633762442307096	0.40151479833251813
TUBGCP2	0.31924316128061647	0.5390836473899351	0.8716724435625219	0.5208056984029812	0.9170882239137578	0.4093912973893027	0.9238125673860383	0.3063199396859538	0.5804866572658565
EFCAB12	0.11031917357838504	1.493059709994841e-10	0.087586878296517	3.780550200219443e-21	0.07395147628435637	2.176362551201677e-21	0.31041923254217946	0.033765167956462436	0.1621213568548931
NCAPH2	0.11255847680491608	0.20277228490029464	0.8537195928650344	0.31477736322325145	0.7231505269902293	0.40019294955091594	0.8253766710990469	0.038247874114502776	0.4165690654120292
PITPNB	0.45134345259899816	0.4803277643693006	0.33884296437369776	0.3310483071934245	0.8881933181564559	0.6822482256900673	0.0008847179148510569	0.7474357129813369	0.36965695979395324
CKAP2	0.1877723114457965	0.5313288904055655	0.10087008661571276	0.7229711928007837	0.3950318955738399	0.007997842576314933	0.12469717970967276	0.6004600010688999	0.14583921226148092
DFFA	0.11841100496372681	0.09149150969180724	0.33011770369605603	0.18877078594873184	0.2295396702501514	0.4202542436015714	0.374324143270334	0.06042915508412042	0.35852214895839135
CSNK2B	0.16778913826605438	0.31141943008398904	0.3809341161269952	0.4798756692170448	0.5603532212666553	0.5735598387701322	0.1864124709247805	0.7157085357257318	0.7132479188261764
VGF	4.199412747609517e-21	2.0847662019650338e-21	3.3555237791696635e-21	0.2817372393850574	3.777007713383094e-21	0.06271249872466225	0.029437974944366223	0.027816384901717235	3.8136326181179596e-08
FAM43B	1.5132968416981502e-06	0.013769454891523094	0.012839522766323387	0.01391612530616772	2.4399504320392353e-07	0.05953517010679782	0.03313142969285994	0.011529823770803905	0.02472419684922243
RAC3	0.03734414548065912	3.3170740169272334e-21	0.22182534125870265	0.4800088912500781	5.364533384146091e-21	0.16493979475780546	0.39288198157510773	4.4104165573372046e-21	0.29797078502795105
TFDP1	0.3565345813327418	0.6032447173753935	0.5120921733266133	0.6638236598426722	0.5848575164917663	0.8647264085646635	0.7265795602347979	1.1611840526543633	0.2604338266666189
NAA16	0.3577569623246735	0.17939158785141418	0.05118284601540084	0.006960685035535814	0.2845215953139294	0.11200978858255696	0.4646141270746976	0.3250501994115336	8.678429721326327e-10
MIDN	0.5867500168219436	0.7470685227427795	1.2088226077763249	0.5118424345160119	1.275251936346208	0.8396081004707263	0.7852596310786706	0.38233991938487194	0.9586388644526626
TICRR	6.284555564874093e-18	0.08363334604977657	0.03853213010245586	0.5637251652250566	0.07370239359200086	4.107590497703043e-21	0.07700376754021224	0.02773854070514756	1.2190364073477425e-13
PQLC3	0.16663208371618704	0.7717402591430936	0.2563053421666389	0.012194906532885462	0.6802885986691268	0.35523710483301824	0.1839175751216113	0.4720828472422337	0.47235087050362246
MAD2L2	0.11392571471612588	0.38235326718544044	0.3502847945387661	0.5760308824376625	0.21602541388327148	0.48352247175063046	0.19558232458383348	6.874245351393913e-14	0.43704370636324963
CXXC1	0.5281885498604627	0.47650846745838865	1.1531335358643906	0.3295931112868666	1.2499740133819275	0.4343523954021204	1.2831124461973116	0.506590462265246	0.43418838773697577
BYSL	1.6560690870418738e-06	0.04025472538863665	0.24708265780694455	0.5270698467819556	0.11964455672798262	0.3036952889664888	0.29404913979946246	0.03116018001894646	0.3214321043867002
NLN	0.020144092517316057	0.04861721100312145	6.493371064846623e-08	0.31872768611008573	0.00831910229226784	0.17148282473704315	0.14654204574329233	0.24654962225615343	0.32563354437515785
ICA1L	0.049107586041873895	3.9731750743563543e-16	5.36063573652627e-07	0.013328199215908837	0.058120563230118785	0.04506934761454586	0.11793021505755485	0.1351706629617937	0.029341547207461884
CCDC47	0.6526981797858685	0.809117927019388	0.5488749957876345	0.6631292705590709	0.941733605093246	0.793173299412162	0.5619947922256593	1.0076089280387628	1.1691312293635727
CYBRD1	1.1424154748658797	0.9209918652291796	2.4941090190973306e-06	0.15838800704823283	1.2367034185083456	1.639709478575866	0.2279291372929776	0.7062743303858432	0.12699080652034564
MEDAG	0.024221321283210712	3.358271965227655e-21	3.3338333284425403e-21	0.11385129096641512	0.49075455846058164	0.6350080476342654	1.1299559381443207e-21	6.713357937714438e-20	3.0899297069011755e-21
PIGT	0.7327983299188395	1.0746655015824216	0.8711367474918469	0.7661031844482239	1.1305723192830437	0.9451380103606238	0.9571686936162884	0.9320538674956297	1.1022841115145325
SRM	0.07295763314062546	0.9025761692603363	0.7315234006648209	0.9578501894565947	0.6833713705045673	0.9383976239184236	0.36647968001453907	0.0005277224955603913	0.906279522576307
PAX5	0.1471690164762489	0.16561251204482144	0.05657173023100847	0.06620983848599535	6.6681969939742916e-06	0.07887386157104083	1.206727572661748e-11	4.0881724542127685e-10	2.0468071800779245e-21
KIF18B	7.73892469701874e-21	0.06695420961833456	0.11277427651353707	0.5999343135606418	0.08202397728858317	4.2375098586546044e-21	0.07479929011608032	1.1218664980875005e-18	5.957893053325421e-21
HSPA4	0.6596150810719124	1.0009531616262244	0.527781839191902	0.7625416393933908	0.7867281183728306	0.9321288593419431	0.6575151381763686	1.0858016930803007	1.031292737110611
LELP1	0.00012872958828750013	0.010230570369468575	0.012137984795477898	0.021087968853423306	0.007176709065918757	0.028589890566475006	0.02682981303686048	0.025168505303924414	0.021698697069395582
EIF5	0.30428906535054523	0.5637660137465369	0.01200888637750614	0.2651771308592608	0.2735875395917233	0.7434580131954194	0.8345660515116332	0.6131451142041332	0.3406310275516197
GNE	0.09701082927569459	0.14102225748798738	0.3796528421651601	0.26842179238658453	0.3432419830423259	0.6016127128590865	0.6636256134891696	0.8946041738312187	0.4116835784054157
EMC7	0.5099774162705515	0.9880810421622576	0.5609699178189296	0.4864942126410713	0.7622490974132821	1.0033277533242793	0.41350511819548313	0.9662883316955195	1.2441226577195805
CLTA	0.5915210472030997	0.906282678455303	0.8060695330551445	0.7546331707696764	0.9743057619525247	1.1211244566182115	0.8548740598609248	1.041312938710151	0.9192140326597531
CACNG7	9.622881070371769e-21	4.462729194847338e-21	0.014833334546332145	0.044168708111551554	2.3512504802178747e-12	0.05755106882302715	0.06288079668870666	0.01011012905116629	3.49374566222316e-09
RPS20	0.7287918631388336	1.0301979033825688	0.7220399548789828	0.6937387110027865	1.130036060044969	0.9364376225787598	0.7097696369097963	1.0790859640654786	1.1580758029046554
RAD9A	0.4907746283940545	0.5238450591202509	0.7459739700872292	0.35447670191302966	0.7471206756886243	5.825958891170192e-05	1.2469174799645424	0.24954163203552676	0.2923557364345607
WDR82	0.3366247465556749	0.5345909345389025	0.21547916472164427	0.19497393998573392	0.3203875662237731	0.5532333193081074	0.18018699761612772	0.3212544793357384	0.0843837483178104
CDK7	0.23070899277020684	0.3139838785450634	0.018975308736749387	0.3662369253617064	0.31531741398955654	0.0045395026941231	0.03587834652650392	0.8169224285778023	0.7577227957687573
SCO2	0.059138485179012955	1.4231210210113827	1.1502051371316646	0.3597652851029843	0.6580438811221008	2.4130216074292383e-07	0.7421784718927771	2.293293899072629e-12	0.12835475601874943
GEMIN5	0.10543433684099443	0.1642087035127519	0.31050684429573205	0.28807007611097546	0.7126482501355067	0.036230528930286734	0.4330695394556593	0.43326321473510704	0.6607005173390142
VMA21	0.3461171613495175	0.7239639880267978	7.976273225594435e-12	0.363714281484232	0.1563986523525144	0.6172009394366145	0.0007346888492468828	1.4644357877671093	0.81465452108954
NUTF2	0.1928428096818223	0.412169927945141	0.1376805834432129	0.5941892699055008	0.08458668307618711	0.5466337266503314	2.3938550951328244e-14	0.4451251016444838	0.7165032228026966
