	C0	C1	C2	C3	C4	C5	C6	C7
TBK1	1.0832247126308254	1.2334049613166451	0.14190935501032964	0.7390819591550418	0.5692515379947358	0.6294911829973779	0.4320411495550432	0.9407315346196539
AGO2	0.8992370376251797	0.7862035658891041	0.5276294244529091	0.6564707417937407	1.0749641440669928	1.0903108953933514	0.5849997316454902	0.8617323944553429
ATG10	0.1933458914293837	0.1624882444497587	0.1096150999763178	0.10945603432598972	4.0099995268393386e-21	0.0924267853966383	0.00020728373525784829	0.12252871589596599
RNF31	0.7890872080157878	0.2954106462656242	0.828228171601895	0.36603330930802946	1.269976862379378	0.8367920151864021	0.5222427813874375	0.3894387714419122
UBE2N	0.9722502907306485	1.0235717232123873	0.7593605288227429	0.9455117544238527	0.4428549832977936	0.27969418750012104	0.5104266277914581	1.1196572616001028
CHMP3	0.03503684878305401	0.0015979847306886272	0.09836467073566021	0.028293548106288587	0.047372366984883035	0.026827098456667055	0.032930922945245834	0.03659322678407524
TRAF2	0.31317297783215875	0.5029214924620959	0.5148591414161985	0.4687929836471443	1.1474073242324168	0.7097739257945954	0.22582156571292086	0.0637013043020098
SCAF4	0.7679991577341376	0.7469222109717742	0.32423960040353145	0.4232449390683271	0.6405644586404938	0.7114799686365592	0.4608866250263541	0.7981155888231626
STUB1	0.7179569781317543	0.8722002753413203	1.1283334233114541	0.6033360062465356	1.0632941877557514	0.9523804657397512	0.8107671665345865	0.7735473761093411
BCL2L1	0.877357205339085	1.120997576160241	0.8838537621246121	0.567049000258951	1.008442785610692	0.8545833093852437	0.7367964558360045	0.8495657712978817
PSMG1	0.39579643738759956	0.3338467357151557	0.23568128112232653	0.5160307775452831	7.948207983637225e-07	0.006006098061374555	0.5112995636845467	0.41136919183482895
EPG5	1.1400967792197652	0.12680361671540868	0.4623239364651618	0.3416668876557719	0.475830901478396	0.6826163798305223	0.3832813568955022	0.2628414290150181
ITGB5	0.4063775820718899	0.8724293451186469	0.623423825876649	0.4766713979150792	0.9883320603548595	0.9130290121475694	0.3539010654703973	1.045187212182188
DICER1	1.433381328459813	0.5398647052017598	0.5245882991706396	0.6699383566770968	0.7590331566258014	0.7548499407710475	0.4160293026798194	1.0029810110460862
MCL1	1.0307675009832475	1.106358979933071	0.8889862894857138	0.8003069170640955	1.0910437874534464	0.9539036822153907	0.7016208535429546	1.1270568778536676
XYLT2	0.35194353666825545	0.8237553659836704	0.6535477021067939	0.4979808462972951	1.0792778192778607	1.2338405995633819	0.5289413200104697	0.41196157303182446
IPPK	0.20307043472189348	0.022821327385587578	0.15041606370517413	0.1193344739375533	0.2803769314461435	0.1574704553962999	0.16865837322779254	0.14825065888893021
PCBP2	1.0515567762004254	1.0833729779161796	1.0060131017545402	0.7754376064976973	0.9682120651219832	0.9115190571954308	0.7447430597388347	1.0308124409340123
PTPN2	0.8413836860363204	0.6840490138676021	2.0195794902571897e-09	0.42662855609275424	0.5426825663284209	0.20714831723006333	0.25142772642470984	0.6995011186643739
VPS13A	1.59808421733917	0.892071353511466	0.6444547510185228	0.6240291765292645	0.4895675477896725	1.0280970974917776	0.31692997662819444	0.7272971920097631
FITM2	0.22774641959951578	0.4244232134237511	0.8008028174397288	0.0005838482903555329	0.29195210478023753	0.5547438018090594	0.6309889196339861	2.1647353047228646e-06
IKBKG	0.0668808274961301	0.00013596411303445381	0.18161369553409543	0.0295248963201187	0.29269769141341073	0.13676999853279634	0.1243734012346926	0.010744858819955419
RBCK1	0.978125311865753	1.131788744486471	0.7467746416974584	0.7898979479756113	1.1501001799469497	1.0221492406179582	0.7036824375891577	0.8885493985490731
CFLAR	1.236009558656594	1.1710847021790693	0.4516374270458423	0.3173966881242341	0.8490543835625916	1.005228970431524	0.18319742173703796	0.8817413095771454
EMC3	0.47426596577175373	0.3004930162562202	0.5923154079850754	0.34604220675288877	0.2959377656281755	1.7019229897933414e-07	0.532498610497691	0.43796784501863784
SETD1A	0.5051958168464079	0.6725975867057505	0.6896239915130793	0.3782130443593536	0.9573265195294577	0.9806966502075124	0.51501742667856	0.46799138019580044
OTULIN	0.1605802333457229	0.4767890207938377	2.959312918516816e-06	0.022455327337573588	0.23906353573495012	0.2241548217071791	2.1211380189714886e-05	0.1611298269667196
CHIC2	0.24945459406925619	0.3531859850435354	0.31305692123985707	0.09555226187925227	0.38337693165896103	0.2476212481980111	0.1373798565422065	0.8221943839115683
TCEB1	0.4678145089102116	0.5869722625189001	0.14228555214300712	0.5162639627894842	0.14796258208820262	0.05114090630086605	0.4383294204590654	0.4047051542422869
RGP1	0.8207654307652333	0.29241156299546617	1.137216518641791	0.4384708425644353	0.7729025761060712	0.7127528934835027	0.4220118663026222	0.3764363858520185
TAB2	1.3034565544148464	1.0273951777835861	0.6898387939559266	0.8176490753657389	0.8797947446676326	0.6895604253116189	0.5964298013868149	1.035287209109938
TMEM208	0.034877087130049854	0.6487254694253853	0.8651579976451501	0.32228175350429117	0.659607347747496	0.161557363380587	0.5563489992941308	0.16391837188301098
IST1	0.6194781872864032	0.8832756944624657	0.4461782031135811	0.3601278191581813	0.51147823909591	0.659044533794115	0.3566418610687053	0.760512720770133
BAP1	0.6566134104830429	0.10537062008701202	0.9461731372669455	0.4015077263993143	1.077089504578791	0.6533735761122842	0.690255245841738	0.6138044897708802
UGP2	1.0195798966410317	1.13598592328694	0.7674110599654793	0.7654312074714796	0.5292767716468626	0.3595117137107567	0.6302131186968872	1.014243214729438
EMC6	0.11452322159080422	0.5556622190100966	0.7354429956567019	0.4040963040468702	0.3002286959864247	6.716946960796514e-06	0.5390563864037411	0.2540944462713553
NCSTN	0.9932193057630597	1.0958170818031643	0.8557732254240782	0.7945327674465194	0.9139813542256572	0.8687477777028122	0.6072112397765685	0.9190753478553423
UBE2M	1.916617652157543e-07	0.36636601007891195	0.38111237434041045	0.1455943547088018	0.29516670260733235	0.20604084155727517	0.28370556384058665	0.25253991957968747
KDSR	0.7880020148084145	0.560097945462049	0.9035595427231545	0.5103088893712748	0.06731424163302435	0.27430064772607615	0.29526209586836893	0.5912816274111474
BIRC5	6.9507885258543e-21	3.177020433625482e-11	3.5430277911113496e-19	0.8697563480895188	0.21789673527309228	1.3169573475500584e-20	0.07081880919197292	3.36989606651472e-06
VPS4B	0.6895329354050531	0.6208034014169937	0.6541320110285984	0.5176629169796492	0.45570082463132616	0.4647727741384116	0.18347129286021271	0.9028459636711842
POLR1E	0.4499728353506304	0.1923100711589057	0.6906816719630529	0.6150020157876208	0.1674918167607395	0.2535267398134866	3.3793674266538278e-09	0.39998250746953146
NPM1	1.106364823590548	1.1570291473675867	0.9035515431321925	0.9388942536238558	0.8538807204411116	0.9326383972950829	0.6461628825339903	1.093188864817354
BARD1	0.30137475767144173	0.08839107543995903	0.07770597142001369	0.3121179924191544	0.17508794954796328	0.09436684649402283	4.691941485956659e-10	0.24453387671909727
GPATCH1	0.5503140428270586	0.2807079434785881	0.23758022481021762	0.1918394924240938	0.2618847911916889	0.5769332785351903	0.19345680254893005	0.004985613530608371
L3MBTL2	0.2557088274024352	0.3837779304195051	0.6210125831184957	0.05628106954401688	0.7238342714828156	0.5948335743280275	0.26096500216386237	0.19058069886573456
TFB2M	0.34312206168133286	0.25546607108673236	0.2712347831613382	0.32492867520889884	0.004675464366162327	0.08417166234937254	0.35310500246416215	0.08460576807177428
MRE11A	0.9881141586844702	0.4820797640034525	0.00019850009377556617	0.5532453643446945	0.12986148438222792	0.6672464346373623	0.004353275879726759	0.5491974994903581
CENPO	0.13558556030355318	0.1007564660750221	0.0882809672913692	0.5145015644590913	0.476589816940322	0.24045360318481734	0.17979736068783878	1.7587193898949945e-15
CMAS	0.403928080686726	1.0316866060885606	0.4598426219391998	0.6814915736628486	0.12435523112227952	0.2064644621991383	0.45542173376640005	0.611674429055203
MAPKAPK2	0.5749602634148818	1.0404428636703371	0.7957323473096072	0.3607531848820083	0.9283559827781934	0.5565432460439168	0.5611641335780364	0.8486645766237841
SART3	0.8005729579923961	0.9337906567647373	0.4743744546709769	0.6096919421482148	0.7566162014805262	0.8721925227470121	0.46942527303034204	0.8517700342874934
KLF5	0.10462902897803156	0.11297142511278215	4.213032272366677e-08	0.09739495042406636	0.2538358236601692	0.3105356303384974	0.919170847092397	1.048270097301589
MRPL12	0.34380390371258696	0.7901227153128328	1.2610841103373331	0.8302414458698406	0.904230694177435	0.5595184482196025	1.105220181524117	0.4360881222184477
MAP3K7	0.9459878046340224	0.6038237470768836	0.2702325346107438	0.6340444259173017	0.3774907848718775	0.670650753138187	0.33871887724842986	0.8254639336288558
UXS1	0.4325177075632296	0.4941943075846856	0.41535874724090766	0.4439500217168219	0.31874180638508626	0.4256275131533681	0.8594606206226909	0.6102387205201099
NAA35	0.6734520359878821	0.1949042464406383	0.3700267777731303	0.4572343828947801	0.1853327322262598	0.3696357147237674	0.21785930261220826	0.5192696765768752
RAB5C	0.6134773107636712	0.9483843685273732	0.8992405623813303	0.5636960198702324	0.9380155646016928	0.6120291701390709	0.7229167760615574	1.1235130081936078
MRPS15	0.4297919068992655	0.7916697638548591	0.9298429768010937	0.5728182081920692	0.5854547366252558	0.29717278713492323	0.8135836810386774	0.6363993624457748
TSG101	0.9686972312534688	0.9667714460905631	0.8970923359851104	0.8084484636855206	0.5059827412872492	0.5554705074646937	0.5669607044630827	0.9762523275868563
ATG12	0.10621337621852585	0.09645947753098856	0.08301077953869468	0.0798217880426745	0.03598368596549591	0.07536739750036994	0.008537465813475054	0.08628663249542484
ATG3	0.7294674539430692	0.9022006995645543	0.3382946904352386	0.6632305754612711	0.30619876753261144	0.0009653818480976055	0.28174642532601507	0.9470228820004514
ATG101	0.09909771583573745	0.6584537798003455	0.937636752435453	0.47806684385635495	0.8150966453702782	0.12846203317181473	0.8209440987120853	0.5783953034606863
PSMB8	0.0028302603216424907	0.44842506338678173	0.3620551840217596	0.12647015697497638	0.3557542886094998	4.003887434009865e-06	0.06071713097989778	0.0778752393340437
SOCS1	0.006743965135935257	1.0562090408400857	0.10815313968479844	0.05501430803710715	1.4861859388491894	0.060385737228484886	0.6780434623555458	0.8025150719605049
VDAC2	0.18584118324725651	0.5526211302216351	0.5194529508683156	0.516401741786913	0.10684850337683169	0.14657608794828791	0.35702355292434396	0.46328180603948865
JMJD6	0.1320142942208625	0.3775095132662491	0.009487174389725846	0.2454127346383846	0.6102366833013398	0.4595812127857178	0.3109887300921799	0.30360111367462095
EI24	1.08612381251667	1.0185140147164333	1.0479965082754927	0.9155511089875136	0.5412706917286546	0.4900414778395981	0.7120424242051523	0.9708963164401985
MED24	0.40487231442407623	0.4076682195273954	0.5839017454825711	0.29810894881362077	0.9218364099663303	1.0235911297306852	0.5679306612361869	0.25964642145779754
SAMD4A	0.27105730884004897	0.0688470649153813	0.25671170311517566	8.021254512053177e-09	0.5863022186443309	0.709894989359377	0.22666646017083272	0.462107644651709
TMEM127	0.687277745483433	0.8314198206182823	1.0026698465510209	0.347118369089013	0.8434680836582773	0.471713578265392	0.6876125128623949	0.6681574270016734
KDM5C	0.638102447730452	0.5442585876049219	0.575888872447602	0.4310410819206497	1.0935126441608873	1.0589400271908262	0.5144463849813864	0.5467587592773423
GLRX3	0.8242356748825289	0.9821709134694072	0.388588550722736	0.9892212237372636	0.42729723644714007	0.5373879605322663	0.5188870808878531	0.9257381368019355
TNFAIP3	0.4099620519200632	1.4442203861153282	0.13338096748980138	0.2570396455327909	1.397543851602811	0.7054622913147076	0.007898950546931965	1.4995507857799737
SRCAP	1.0869481613521477	1.040797698687584	0.9490306108356112	0.7763140781491331	1.0667669700074491	0.9523633403537449	0.7478092434139987	0.9714190852995551
PCBP1	1.075704780809841	1.1040746290499432	0.9809542097824583	0.8283707241952669	1.0631164047847952	0.964990612649324	0.7475879485782023	1.0380346246177055
MED16	0.1870402448529961	0.43281308624448595	0.7805482197665518	0.13410476242561503	1.1010584875409686	1.0820451249062413	0.4004452249238455	0.289844848342652
SETDB1	0.9475227751305919	0.674482006866679	0.4274435791541311	0.5015644429993493	0.7456156436521756	1.1334801645793828	0.22362394818313505	0.2551853710714902
RB1CC1	1.3199758770196908	0.7880982973624691	0.36002056868282106	0.6658793813382954	0.4126852531809651	0.6928977683821944	0.5992823659263916	0.8714882118569042
PSMB4	0.9830176290356395	1.1115377525869952	0.9513258301266567	0.838893806914754	1.0036172462220012	0.873156373057299	0.7150973106508562	0.9927455411396785
DNTTIP1	4.906325342436599e-10	0.9359483558622818	4.531287771763375e-08	0.6894597160965631	0.7578223234041898	0.4646187901014303	0.28667863734987714	0.5333652134329682
HUWE1	0.9905593528039375	0.9255179510944498	0.7882693987945927	0.6449060958222307	0.969485187362037	0.9750895045486095	0.6389117401024559	0.8252515668714671
PRPF3	1.2941120606092444	0.5954620457448536	0.31111022490710954	0.5464737002403336	0.7608882943735191	1.4102269358643755	0.10004339996876313	0.44180203736168033
BECN1	0.6309890857807331	0.8640663601098579	0.6361212880927439	0.5258512332124128	0.6055088565285975	0.5156578378975571	0.6239636410367939	0.9248955795154403
TNIP1	0.9967561972767367	1.1730323318848426	0.9563300703080787	0.7613196473377213	1.0502897102716822	1.0399480641059426	0.6264133613617268	1.0188256027218432
RPL28	6.859245324251951e-05	0.46972301707681674	0.5619134080217085	0.43364573428809844	0.4904510240262108	0.2083105809397663	0.2489184064750127	0.3530772531859884
TAB1	0.37790634251143573	0.450410184518457	0.6708277475328597	0.06868171641760491	0.8067103534495617	0.9327808926244445	0.3463138847943037	0.31900358818489966
PEX12	0.39969818106972943	0.24354041930864834	0.3964078605969182	0.23685872835692712	7.65232889192581e-12	0.010955950669065434	0.22922318739714403	0.09917112310875202
ZC3H13	0.9370025969704602	0.46695649927678506	0.4323046512219469	0.4363211697709502	0.32196016966355334	0.7179484880102747	0.27821056898147273	0.8846774016173982
ATP6V0A1	1.0845036789730615	1.1853920059241074	0.7761755792629471	0.36459357641411144	0.6673957830363456	0.9535200444511321	0.7042536050553856	0.6248064394794095
YEATS4	0.39088615299864343	0.33919157595136135	0.26089958916946054	0.5245861640583166	0.04889276722979155	0.10585891706380014	0.2960243402245714	0.3183205067103519
GRB2	0.6721332924124573	1.0712380456135397	0.7193941500494583	0.5780080960037118	1.0841567094825533	0.34951283845522857	0.5917546406504506	0.9310558552875483
INTS3	0.6462245639837816	0.8776247175253772	0.19131010645081464	0.24473205692711716	0.686082318934975	1.3870253910587436	0.2746821673140141	0.522292502804612
MBTPS1	1.0012265462669452	0.8256849375937942	0.8135997114823711	0.5562591901582572	0.8921518937462292	0.9414335479455024	0.6372636450992574	0.7886461691757903
HAUS4	0.4836098845943709	0.35887028008431937	0.7240868012851391	0.3448862783037875	0.4399231547816763	0.5830917974194049	0.06780410416010821	0.493089702433855
CSNK1A1	0.7848315433115102	1.124149073515689	0.4155765298195997	0.5964333733968509	0.5312253822693639	0.7410674934841721	0.2934749932620851	0.957802476682101
IGBP1	1.0060184324458465	0.9666787396859416	1.0482312767820046	0.8544351088477994	0.6019678503329023	0.876633531547563	0.32587895723371557	0.9222827810765762
MED9	0.02798420216592456	0.033330570160818904	0.17986010987388293	0.02410498234428843	0.05237421884924321	0.07104820587270883	0.09236096646413584	0.025027324318570833
UBR4	1.009663719758594	0.8588157228357092	0.7277675025258445	0.5041755914273136	1.0773244928444468	1.0342012192537182	0.5829299214419407	0.8065430013017001
YBEY	0.2297746608651996	0.28592959349403674	0.27807635591984375	0.20768549253576274	0.012752039960058366	0.20279071299360615	0.18433374715749673	0.15320045532048718
RFC2	0.12925017421120313	0.7201638733062112	0.32670317133836957	0.6090966316175617	0.4256340416483632	0.49258728486893383	0.15052043753516542	0.36908978935187076
DUSP11	0.4605536073179694	0.214059646483777	0.20771278342836114	0.1974815447670818	0.11257437187333043	0.35773944668435603	0.043482011592895456	0.1862102170966838
TADA1	0.2855022402715108	0.14542335585741709	0.253824017313472	0.17541150649307918	1.1124259271299054e-08	0.1392939447047874	0.25841654824828353	0.0031620975400859157
TRAPPC1	0.799983615629773	1.0118135151369847	1.002864969119262	0.7902161606406064	0.949423607264065	0.6589482984989377	0.591554410469157	0.9853965776062158
PTAR1	0.38007476673987634	0.07137044737471289	0.3324612335456927	0.12478013526244737	0.0826387804585462	0.28600395339614776	0.059365214101051104	0.08810717722262572
CANX	1.091245966125984	1.167665611504938	0.9337131974877715	0.8716904432969871	0.9691286979496894	0.9439221037108656	0.7132524077916829	1.055374158087624
PIGK	0.13630817091128555	0.31540351178709614	0.16562158059577917	0.14396748179264846	3.7564727937935246e-12	0.000690999107805195	0.14129676856500056	0.3553792946492314
MAPK1	1.0137824706474754	1.177405936580931	0.8678303192238537	0.6178826676975432	0.7182464193532787	0.8315112619278692	0.47683023577186856	1.0644125329140306
SLC10A7	0.316609032651066	0.10681353828189072	0.03584608740961576	0.05394096705449637	0.1276138604840782	0.1756545644874464	0.0060538111766716435	0.12801418509942458
TPR	1.2170927526126123	0.9858779456970804	0.5987180611750558	0.8573272141292563	0.8303232901175464	1.019129546696438	0.49294484029302854	1.0004870984272423
PTPN1	0.7613729377128238	1.2901662142886259	0.580838155681772	0.5222502889082846	0.9874865974245998	0.7062663207774926	0.7090242727119561	1.243227655027499
HNRNPF	0.7624686818537186	1.0072884098799477	0.7476966757098427	0.7356913332679103	0.9573450661521788	0.7773724139857446	0.606645460386574	1.0206330508561086
SRGAP2	0.3933942415634363	0.2645625264749839	0.08496102266496595	0.20177222900605318	0.48075920306911524	0.5321623132593102	9.380396415011755e-06	0.2943372219849406
USP8	0.648007727001271	0.43349685141792743	0.2906973851921741	0.25895649808073407	0.17292890476684136	0.30735854042518884	0.18527205222481952	0.4566620980736165
RANGAP1	0.3500112095261906	0.4241061413868997	0.5317706655965583	0.36784210863466815	1.1668122455790098	0.44794281934088387	0.9163829757620012	0.4136808977842317
GFPT1	0.83972293014031	1.1590239544759904	0.4563991889510919	0.8481200350093936	0.39623500421429436	0.4801182013834701	0.6964043865089562	0.988567466062731
COPE	0.7618894999713227	1.0038329779503403	1.0466864829502576	0.6989069864071268	1.1369869267944477	0.8278995123809723	0.7436383046082614	0.9529970473811715
ANAPC13	0.2657496195180515	0.378359135723073	0.6583675477273968	0.2543006170496254	2.838752702698418e-14	2.942674376098766e-12	0.36760226508861094	0.5958447779035029
STK11	0.2917302585057594	0.2603137528078098	0.8876051790039265	0.17523882800858687	0.9213353208441679	0.6540570954439213	0.4255890275003825	0.3502665314288858
SMARCA4	0.9619833195514392	0.9578775184308959	0.8771029078274718	0.7425034081232219	1.125376816200938	1.093523810423022	0.7355099167266546	0.9024739568303273
IPMK	0.06924254788967978	0.32516874215465574	0.04214663424246144	0.07518987395055184	0.05838589093695689	0.08832589543144924	0.0311947802546977	0.18422009305732986
ANAPC15	0.1367405372851411	0.1317180023938007	0.49414270119466314	0.25501831200088476	0.1660770143873064	5.274955626168971e-06	0.38922904145909587	0.32941099810058505
BIRC2	1.3998981580996108	1.1127735546834552	0.39371289994597186	0.7098944169152674	0.5307174434620273	0.6654555378741516	0.26304855721250187	0.7441568781200193
RBM10	0.5949105399876375	0.6010565066715817	0.6914401094282813	0.4533961226189007	1.031172223932119	1.0185966495474472	0.43969925307926633	0.514648918506478
ANKRD35	0.02453310026030084	2.0091979098996786e-07	0.034444071762186106	0.01815210701361526	0.01918199261390259	0.015338044008013781	0.0349990914671671	0.010718042452047109
MTFP1	3.7640335926494065e-21	0.705764700016031	0.9191650609217756	0.14903140500891382	0.13493671309168395	0.4694674213570621	0.026149705883228198	2.0167606905097723e-08
DHX15	1.1184171231462179	0.9497897523326722	0.724499538924452	0.7771874441578601	0.9147353385785927	0.977043136630075	0.5873508397809963	1.002522748674682
SPTSSA	0.040422234145478846	0.04624202436752224	0.2631332480684274	0.052350687476674276	0.17978249124056633	6.096521930489012e-17	0.36881489971705333	0.3060743874106683
UBE4B	0.8521593416665842	0.6165770686595533	0.6821342693128215	0.3676733085287108	0.5731653508944146	0.6839012612876932	0.4457666418109874	0.5809530628588496
SMARCD3	0.08873773186266178	7.74152284782486e-12	0.004520514468862709	0.0001843027313543583	0.7432968669645593	0.7579811777865626	0.8461452367568758	0.9418498106833023
CCDC114	0.12710867464647174	5.52755080339269e-08	3.4961115543941034e-21	5.4580464015121234e-21	0.06858160199079762	0.08019655249709812	0.10017870154336145	1.261985191502663e-10
SHOC2	1.2373422021072062	1.0774918704537217	0.5998993199825543	0.8161263557993681	0.5271836171740074	0.5611319345017214	0.49912457476775507	1.077979405834369
CUL2	0.6425387090334831	0.4705356789424764	0.11445782891343953	0.48645998217795716	0.2108683685705929	0.08882544002481711	0.24740001595144215	0.3761486622143194
PGM3	0.5521961540510167	0.492158353520915	0.022749480807930097	0.5666711653207926	0.2115269208264617	0.4695711574020216	0.1079280483813355	0.3855729914522667
TAMM41	0.5372105070505825	0.06761147351992533	0.023514484628249187	0.18689107659383214	0.24368392266908515	0.3656672213466749	0.11338909883985925	0.20902180338987306
ACTR5	0.2615078102746708	0.06027622107255131	0.09447448767990319	0.08498183957786544	0.23860350801572902	0.4188531220250694	0.08898047153021509	4.0069386369198094e-12
DNAJC9	0.22865813120680936	0.026116595155485683	0.17798730179242223	0.4081025576743754	0.5201226718782122	0.35324221998614863	0.20241324091732527	0.06759854365099874
GET4	0.035705806885308	0.2695331532724477	0.6296777292787314	0.1444324585017214	0.5797697599703749	0.5764510536467813	0.8354260904447397	1.0592770824829092e-05
ROMO1	0.5733869915004531	1.0894295013026558	1.1293891622160686	0.8142037087271401	0.9438396785784927	0.6223198529399707	0.8282659495764038	0.9653654079532509
SOHLH1	0.031041138986663434	4.021193285078822e-21	0.02741908476981767	0.04992656972073791	0.00042582271465542215	0.01819966169343081	0.04598825568228797	7.956296352705467e-12
EMC8	0.05497407237269483	0.12935032226997611	0.25707087027642256	0.11983672232695129	0.32454863310122817	0.15720989395851317	0.33580899110281026	0.12456917539088942
RNASEH2C	0.3747432575695067	0.3824380827250354	0.839322234586387	0.3634858238964314	0.7512731947996272	0.8039501072812643	0.20274606825322758	0.6646443321633094
PHB	0.4671168380640908	0.7924527506397606	1.2757649820381196	0.8083853558898478	0.5973447510029468	0.6398636244528862	0.9435399339125015	0.6524856756194735
CHTF8	0.6446895376919645	0.5671211053438778	1.0256763700890241	0.3745589035948392	0.721876774085468	0.36628379918825577	0.6474479685014181	0.3091163366855373
SLC35A2	0.002986690090108113	0.4608049186213286	0.2714288094395568	0.19938619217763348	0.4457982326145847	0.08517940486652137	0.5169677215561959	0.10038821880065973
PPP4C	0.7380059912751304	0.9967213425258193	1.016316712667058	0.7323517700388609	1.095345661114837	0.7806036964535455	0.7221685078388069	0.7939708680048546
RTTN	1.2222959711656038	0.13535586412161715	0.38491500125654576	0.43888199270371064	0.32440653903516026	0.7403005651296595	0.13172273149591915	0.11875734620442525
IARS	0.9617251547403399	0.946645177132893	0.655516244288662	0.9420971089252896	0.7810685012666455	0.7342340346586126	0.6435871401021453	0.9144754944092626
GNB1L	0.017650085081173047	0.017459590170502935	0.05520422041335334	0.03819214950757936	0.08515769687268078	0.06096218602892344	0.04810214523412028	0.021021748748912376
MRPS34	0.15111839045606057	1.0825032515725952	1.0333578543542994	0.49121618451588234	0.8475862480001237	0.7160713611001658	0.784821238694704	0.612970268479284
CPSF1	0.5284035292256849	0.20408265125173486	0.3748261277742527	0.30054249133523353	1.176319211375123	1.1210554246708115	0.510973572579335	0.21820853997189987
EXOSC2	0.21947740355895928	0.07935212582185654	0.3080507034208708	0.2810000779241209	0.195339454163391	0.2794798299335509	1.9230662097516332e-08	0.18402423927419062
EMC4	0.914350463406874	0.9950143531553027	1.1370485233510532	0.7805369993373433	0.7495213715370485	0.6011017879124076	0.5811791235795368	0.8730531684990787
TMEM165	0.8810992708714711	1.144837166556142	0.6292229509710457	0.7534948352244563	1.0266842081428478	0.6967396177251388	0.622724612387167	1.2632406188972005
VPS25	0.07632473119496867	0.6349395608865785	0.6570556411884096	0.5102410701921332	0.4409343195327902	0.405745222416381	0.5457280046034204	0.42689175036571864
RBBP4	0.46141068569061916	0.467812739517557	0.1529734025890849	0.2553341228470279	0.0025734899315323903	0.12039341891251527	0.11879406267693289	0.3843740996422662
MRPL38	0.3445274421802419	0.5719870860959174	1.0550647371592279	0.47482770876246055	0.8463000255409986	0.7151063436331905	0.8435870193338424	0.38682460858567497
ETNK1	0.2836700702725961	0.3641549311373775	0.12971818508050428	0.10085515961170222	0.38350346953159253	0.2964132654429092	0.4008000168803317	0.17914837391636187
CCZ1	0.9058616861967201	0.8729391891508295	0.5024031936229677	0.8344489317233912	0.29179577900297504	0.34033177468897746	0.5008503987397984	0.9159319028904035
TIMM50	0.11289359573852656	0.47413347703313047	0.6889452465225544	0.4411812291786187	0.4188902609292398	0.29409319259023103	0.6711170958715772	0.30911335685063024
NMNAT1	0.2701551278937001	0.15485776545834412	0.3608669729611536	0.06657133612185352	0.1317304180348175	0.09569554209836158	0.2326465694581035	0.11241870988315422
ADAR	1.0996138674117817	1.061863008133413	0.885460771189172	0.7852842319644279	1.0856830409000484	0.9436527702250574	0.6698231262529335	0.9544590183616324
SMC6	1.0839579108177027	0.3467187124553286	0.0021930279602250047	0.729512845761144	0.17989240283820304	0.6118681205251522	0.09495947383257966	0.3645726322910442
PPCS	0.23133241968725776	0.7013462251565601	0.6940171594184079	0.11166138523354202	0.6563439492360229	0.15590884368638488	0.5771295223571546	0.0434958533077946
WNT3	0.024494705237966992	0.11986081573423497	0.00034172804432250093	0.1648784535209492	0.09455567922815038	0.17735360135429953	0.3066499662853115	4.594043326332764e-21
ACACA	0.7949984924102682	0.44938708288278106	0.20738385787937835	0.735000570432254	0.6034748512588654	0.5473594039693537	0.9884425984034951	0.3838219709309931
SOD2	1.082473900279729	1.1303087926331554	0.9719988327454804	0.836229629266831	1.067375696228659	0.9742004049221307	0.7614170068819166	1.0512587766104995
NARS2	0.7947522942616683	0.17226898580053707	0.6340391069342654	0.3770976448783793	0.17646659822585006	0.5227588890209149	0.5337415964256206	0.2703490704692428
COX7C	1.114959104804232	1.1454129536966493	0.9796761151375825	0.8586318089008389	0.9778850950945827	0.920582948332623	0.7471157998291711	1.0598146791785745
ATG5	0.5679783511596758	0.2525539220386036	0.15068044139779596	0.3858623265343443	0.10950281310212846	0.09982502839940063	0.1795345421709155	0.32674349959863697
ATG9A	0.557489009902129	0.6456283466425086	0.7882179559595338	0.26035998226014606	0.9035005459634511	0.5552241409671874	0.8134920807951913	0.3865600440681278
CD274	0.26199268717820146	0.13005012882267114	4.33352486296901e-21	0.3102918494242277	0.3507875313582927	1.8508547908102644e-21	6.4270799687822245e-09	0.003910303400685369
HIRA	0.5352563726337695	0.42037301662062565	0.711745463946571	0.2503999962847614	0.8796205462268243	0.6277274381721196	0.564193399267	0.18758900135245468
MRPS9	0.45719532156346787	0.2512125020493017	0.5972361756875396	0.4417780690038432	1.4692057377065877e-06	0.26198945767863013	0.3582187996373795	0.3157689557174043
MAP2K3	0.6072999848727237	0.8653841092001597	0.928125317602531	0.39348547171665615	1.2733187557421093	0.8710708139619707	0.5309734541362505	0.9385187984842714
WIPI2	0.2519904983253561	0.4687292394971141	0.6980293250964156	0.2844174138302967	0.6402246428621923	0.4083076142653219	0.7200364045727639	0.30670117382622697
VPS18	0.1710152828920184	0.3461644768653771	0.8205369068950845	0.036619189630381764	0.943329482213168	0.2946986320612746	0.847425433706694	0.1713300730616869
HM13	0.10389080027306287	1.3459625583126844	0.19421370944454214	0.5381172057987965	0.8808194470386401	0.5109286308438346	0.6115713187124397	0.6087827689441121
PEX3	0.7683933873513368	0.6300067727881816	0.3975943229325855	0.4411392796149251	0.00041785056146660486	0.3650270807791256	0.24039403467525877	0.6313596592606189
LRP10	0.3891681753122851	0.6548738019664925	1.0759965660784507	0.3259176830660608	1.2096819364170837	0.6275925022123879	0.7623736291926063	0.8223638733218553
USP9X	1.1568197554990707	1.0778010290266449	0.8488897094116613	0.8015231711848169	0.939785605527277	0.8876728658380448	0.733596606363972	1.006401164545159
NDUFA11	0.3589743268095858	0.7149453870485618	1.2637027719119804	0.4738096686910914	0.8301725404106908	0.5346028085895927	0.8312528883825743	0.663200107501498
NDUFB8	1.0132089433677436	0.9020492220681793	1.0381814816578119	0.7635028955926866	0.9214828451811129	0.8474578503465493	0.7223601019540444	1.0176322377171014
FURIN	0.8479903654305082	0.8483123452630758	1.0330848214230786	0.6281405770300652	1.208698146461969	0.8888038099216574	0.7213140046407344	0.9142824843801743
PCED1B	0.42957335051208023	0.715976370509776	5.91903956428829e-12	0.03358632431112696	1.4845060804291033	3.1066072425352647e-13	2.3441169060035474e-12	0.5502399336687179
PRPF39	1.1655081385902841	0.2897766252903445	0.00017232927962301383	0.48696119709640817	0.37030596403342175	0.9041951283522286	0.19594597463109584	0.5529097460857646
SHFM1	1.0222526174777455	1.1698631302315718	0.8968897218618382	0.9234567693788914	0.904226896507282	0.8317838342237991	0.6696921000461127	1.1445395968739398
IRF1	0.815927783848678	1.2352107066956324	0.3671557733706716	0.36677889444783374	1.6802477559170539	0.6367814959684154	4.514997237635561e-06	0.678285891785315
SMG7	1.1040619707252746	0.8866172914526913	0.6864237185524619	0.7182613185324868	0.5538429875553905	0.8133257427896655	0.3883233444510735	0.6644447244491194
PTPN11	0.9530732245284078	0.9903303697541249	0.6196812819727541	0.7680175022594821	0.2978631300971667	0.3231930288245166	0.7826543232808733	0.9222889280122888
CCNE1	0.059475652831609736	0.09828029185789276	1.1375689714539837e-08	0.36259140024534764	0.17144592494205627	5.298868258955619e-10	0.25680775213743395	0.019681832632384214
MED14	1.1466060523240624	0.895585307515701	0.4732229778672862	0.7212778145926424	0.5683917038527204	0.7626257704165262	0.42131193094815966	0.7099794733724817
MTA2	0.8103195478484367	0.815331695547092	0.736840280191335	0.6197775415211513	1.2164524623402309	0.792093538376946	0.5901842292619291	0.9602145686459084
MED26	0.007049434513192665	0.06596693554055354	0.23793445354036852	0.0006214538651770142	0.4642485029909224	0.2868387887764989	0.18467179562388303	0.1976693799659149
NDUFB11	0.3650967648069785	0.7465946114606233	1.3129627941733593	0.6544595738409055	0.808364990602896	0.5098531892894488	0.8043409567917733	0.70338729581089
ZNRD1	0.05280734940436683	0.04976405562545032	0.1376513144461233	0.07344131249450483	0.025987649731324974	0.00877472077721259	0.02638946448306481	0.05226158684586365
UBE2G1	0.08718819438740368	0.1308656395598131	0.183552520137159	0.09748509927565593	0.09741377951314996	0.0012355432569128857	0.1317738913673709	0.18968860716185357
INO80	0.8798298506351186	0.4857555877895589	0.28199904269676485	0.33247405798187346	0.4471546547130217	0.6307910245365889	0.17234489109269205	0.433414891773621
MED20	0.14451413180359815	0.004470407104628435	0.14905000046321037	0.09512067045661562	0.10800947818432687	0.1772116793970719	0.18638118344093627	0.015628739702334964
CCNC	0.7363276497724297	0.36384157530432076	0.5677646622483501	0.573885052280814	6.10428198702751e-05	0.06641129916731008	0.3541669266285135	0.65647940810387
USP7	1.1047957456457316	0.8653537426968966	0.6125729974108293	0.728325498417112	0.669858037469361	0.6609622292624601	0.56660913981854	1.0736989812407172
KCMF1	0.18429421056917092	0.4573836462737171	0.15617147507455026	0.30319534367944323	0.22086539044777279	0.09210496689640361	0.25259472678700745	0.3143843018596099
DSCC1	0.13394808237419797	0.06118380502435109	0.04012376534997284	0.2807767383894394	0.014544825066867032	0.048930129011867295	0.030132172893386523	0.06824716510632317
CHAF1A	0.2880487099805225	0.25803013667473845	0.15865688534991781	0.8853490138274743	0.8388213044705467	0.6930769107019209	0.18796016375291477	0.06473004476742139
LEMD2	0.15424388616885196	0.3138836724453432	0.6258654564980825	0.2570714719982268	0.9069824819882145	0.8361564855365345	0.282255312804644	0.4117132493680662
RPAP2	0.7873292920842758	0.41582382096311693	0.017102903677967247	0.35457017392150714	0.1003648557320051	0.36026876615228565	0.017833802214030713	0.4611416232539582
HNRNPAB	0.539314043753975	1.1753304434803447	0.6724338970771705	0.8265632536164105	0.9272429848939611	0.6235759237417344	0.6323133853579364	1.073337697406313
CDK8	0.6777846603707176	0.1335662221242521	0.32492692098074083	0.4550699279507288	0.07744411419950087	0.23751588922765868	0.40586523940281677	0.5494738127008376
FBXO28	0.1631853028815038	0.33733007708253804	0.1399171740024746	0.11956403600891374	0.11294218043584658	0.17840618499276328	0.09971454274151753	0.1565602801998312
PARP9	0.5871956489688701	0.900294748922792	0.001335091213291848	0.18759913619705806	0.9787352688124905	0.16906622312703284	0.04519826992361564	0.3460122334150681
ZC3H3	0.50790526030021	0.6918559138140824	0.5254764453130468	0.31309488716301787	1.2731096914373408	1.1091713387824913	0.7131904044349903	0.4692711364343226
DPH5	0.29172455068320874	0.27704862471503094	0.22089715897186052	0.3189752152117074	2.0721733903192085e-08	0.09945439492753025	0.1691644993211725	0.21591384760641985
ORC5	0.4876406065629311	0.3179304114649314	0.07147694883305145	0.39056978962144284	6.804521045743561e-06	0.09719780473038751	0.35324368471602885	0.20280499147401185
ELAVL1	0.09101424876318287	0.4293330861817555	0.40540558487698525	0.2815720191678441	0.3844000403031416	0.2734901443333222	0.3902245433041619	0.46303934230076094
CCDC115	0.004886945860834451	0.1661664217750423	0.3454251118654511	0.00048014745734678744	0.20184449893529985	0.2704021032401306	0.0853853403728855	0.10695511014338753
SLTM	1.0097075692302013	0.8803837661165144	0.4804689119046059	0.5824727476652488	0.7926735172061199	0.9446323649523504	0.4447250617053799	0.9839149818539227
CHP1	0.9072726983314897	0.9442954842071044	1.2606315033991122	0.5434301544949258	0.541097687648977	0.11804735341990603	1.0470455961213345	0.8932474096710313
DCP1A	0.10650349985098365	0.05663476121608454	0.09683850364541058	0.045073905806900565	0.11958865997091385	0.11100950247561094	0.07207453739670348	0.12408294202212324
NSFL1C	0.04158082432786537	0.7209192073989596	0.5103625049129283	0.23354346742326407	0.5702186941801025	0.4975358033148263	0.31214702041437326	0.6280303026139837
ZC3HC1	0.3893145525441257	1.1247254378719742	0.4544714875120392	0.28623795494258913	0.3138311044538828	0.9375957697720512	0.3605892795405226	0.018704592529354302
NGLY1	0.6295903592417542	0.4433260692596659	0.15078480058353536	0.3849320272706403	0.45785668774552957	0.2637463981213912	0.33265474844626153	0.5545352786127873
CHTF18	0.040647382192352685	1.5064091629575974e-18	2.607903776684533e-12	0.28032683494415295	0.5892149460851089	0.5751005362996627	0.11612070448998399	1.2261589155571255e-19
PDCD10	0.9898258743619593	1.0773662036268665	0.35332757881240756	0.9168820302954992	0.4555729753035981	0.3924205035258116	0.3971817211817791	1.1631076556019964
ETS1	1.0747640412717847	1.0863416227710583	0.7558468523850377	0.6060824389566979	1.0310133840167108	0.7609293939142793	0.00045298399582338535	1.424399612709803
VPS29	1.1635738111212037	1.1702684963735057	0.7087754835493025	0.8287617874006001	0.7462672427944839	0.6999588706494733	0.5503047073165017	1.0224930673720103
AARS	0.9191231314351411	1.024429272691271	0.8292501663678371	0.7494337488283004	0.9865467365957525	0.913549686161839	0.8556268968729026	0.9083551195011224
RQCD1	0.6216601236922481	0.5812614082202127	0.2689730893219725	0.5196475775868552	0.41503369114985095	0.27777343950101024	0.28145315093068546	0.5976846389497077
ARID4A	1.307156865934603	0.5447362350900938	0.34971903124799036	0.49079856573381087	0.27773458007803536	0.7524814001224339	0.03125327448133145	0.8953706964932068
INTS10	1.0570011395392704	0.5777807792962352	0.6043932551492337	0.5845181300281599	0.6589641596401784	0.6737164892796313	0.557421640215933	0.7313255490789543
UFL1	0.8091786278410342	0.5979279660315625	0.40715051285456394	0.5735247036371365	0.1272476032064072	0.556087334428206	0.027268622110704167	0.4832768499854344
XPO7	1.0416437615854697	0.5345560779161259	0.8513918636087738	0.6315797313087744	0.5107415364415114	0.4822064427947394	0.5714559850839139	0.6200619980539056
PTK2	1.1561891250137393	0.8684525229395919	0.7774618177037784	0.8094370180840603	0.7076840934926327	1.0214490900629183	0.6606814916760692	0.9528478605822404
YIPF5	0.625149867015467	1.0389656940688266	0.37736591002056036	0.6581058606185873	0.02038316668374284	0.11811368158880688	0.09989255083475218	0.565219407768877
NSD1	1.1648950616485503	0.9066499534248991	0.6140325395034075	0.6607886182416026	0.9524045616060292	0.9954827204064381	0.34776786159840534	0.6485812141016247
HNRNPR	0.7783754918382986	0.9019633415199173	0.5264841126817357	0.6746599806543834	0.8969419460628256	0.914424941740955	0.439383925920466	1.1662112219110823
RIC1	1.1534987697008268	0.6206239934261757	0.44371006444261707	0.639334446484081	1.0025924203986927	0.6808406244658664	0.17434898008016092	0.7286752627807898
N6AMT1	0.2296669540608188	0.03133824741608531	0.13956768718733994	0.06071251500648999	0.0699631183103065	0.2959616081426428	0.11166393450169465	0.03485234552095164
ISCA2	0.30817374100879924	0.001160858701092043	0.6294949240569281	0.18417499954203934	0.14335616731125866	0.001548207764628753	0.3367294891815475	0.13663100692426217
BCOR	0.7854117815269085	0.582021041143124	0.6547617623832762	0.3053573475839557	0.8738148191038941	0.8370513920795701	0.5150441988427791	0.5362816995954105
ATXN2L	0.9778962092041683	1.0570591082117848	0.8479042213324692	0.7304183866855947	1.1086592080079658	0.9913824848431853	0.7351413484390303	0.9280417027314974
PIGU	0.27972875492573684	0.7307371889097978	0.1408418173927931	0.47892149370811543	0.10063162987141948	0.23334448844216282	0.529082852562368	0.4579565841468072
PARS2	0.14579645726422322	0.0765412996229592	0.29497046282936784	0.09157503259554943	0.11162027200402834	0.18090984530288082	0.22418476854151148	7.014344328295372e-19
HSPH1	0.6241122236281512	0.7393166203389343	0.0695031176828382	0.7771787725814588	0.630511065759778	0.2367796183227068	0.8907952969779898	0.9698538372215121
SLC35A3	0.786360204172312	0.5404673125928182	0.24194966200449566	0.34137418970559713	5.081929354045899e-21	0.059408777106169555	0.2491105945666822	0.36163951982419185
TBC1D22A	0.4881489006628373	0.780859734325799	0.23092172619039278	0.11261488011528185	0.911704291957903	0.784683422642069	0.23839679618256435	0.4402803242439028
RNF4	0.06294964143694415	0.3989797695444671	0.21873832152971723	0.14188594257203904	0.3372273693357891	0.10329098353771689	0.1415176387801149	0.3877559930898722
TDP1	0.4904104783823798	0.2717754266593897	0.18819739126055998	0.5288664564695215	0.3342557221453377	0.2869515927237621	0.013987557619367518	0.3231810435539123
CDIPT	0.2373135153857785	0.7668831645400171	1.1349839840899378	0.18676635334508485	0.47165888040117854	0.42839986659856405	0.5592651601147156	0.5449248275785201
PIGB	0.6353178869166588	0.6429473127943081	0.21607163485725694	0.286511115955145	0.12175693464260579	0.1472009975100072	0.06987511904898036	0.26710278910817037
SHARPIN	0.4278160639337208	0.8672278280184238	0.893330279390582	0.4513386010158383	1.1166536175087365	0.9123962678526542	0.805237594609089	0.5121115278551788
PQBP1	0.3623510279424083	0.6883567666442071	0.7900601693966082	0.41268311257726126	0.7080551141865135	0.7174860839890715	0.38298548794608767	0.6851404138612285
R3HCC1L	0.8902853632615718	0.35442821826655274	3.3407339256872573e-06	0.3587416542090547	0.35083323342758155	0.4233321919727759	0.14132622936932426	0.21378801446795603
PRPF6	0.9779520727819637	0.9967402700371473	0.9141922502420768	0.762175107217211	1.009761116809754	1.0428005752009226	0.6226863128696443	0.9423728055139098
CAND1	1.1142671626838745	1.0135299370591189	0.43111012656625974	0.8940978827993622	0.5257251721505383	0.7166239187110742	0.4600746916494654	0.8157248890374063
KHNYN	0.35913999628327087	0.00014036537920712906	0.540659984311795	0.01421618083469745	0.8845069898300738	0.6655190661251424	0.14988908886470273	0.14796289410606375
MED19	0.06285520310560917	0.18290310997819004	0.11915629523802619	0.07890246173422495	0.08902453738371802	0.08993170205761193	0.13307871864825818	0.14423334487765652
UNC50	0.896084590706901	0.973294134554221	0.542548991431146	0.6674012462710066	0.27164709051195945	0.2993987515066635	0.4945846418447629	0.8407428389109726
ZC3HAV1	1.02718232679482	0.8453307667174259	0.285970054847867	0.5687034891832906	0.9126391591824485	0.41676142331740595	0.2734270248388032	0.6304676737341978
RAI14	0.8843178717585662	0.6780952233705043	0.1709347402784723	0.9454401360609545	0.18582796137473226	0.7308628880296832	0.043344828188492016	0.8623529864225487
PCGF1	0.16919870800558134	0.23273742936294436	0.18958719944606478	0.1122699719873166	0.07134796660963508	0.17840796516231452	0.09762374163116866	0.03904331910865828
TMEM117	0.23312197574887691	3.5361051205002925e-11	0.050299421633227905	0.1688534798408603	0.03962979610114083	0.00016406031730382525	0.36989372182667113	0.12465101035056796
PIGW	0.19015274410982733	0.05336879203914567	0.10269340685838929	0.18509691385139335	5.011033927354038e-15	4.1878007953355274e-08	0.12412264259856731	0.03153398448665302
TCEB2	0.13471673104569476	0.7158077522808685	0.9231894280365929	0.42462040763445436	0.538863324977798	0.2738501805021343	0.7969515587267194	0.5327509549443911
CHMP5	0.4744921039438846	0.5680567895358352	0.6064287200878741	0.576806564659094	0.22781825871578232	0.0671433998584326	0.05208270297421188	0.7072680051601227
TSR2	0.15138634303509396	0.3801190241035434	0.8579877097582349	0.23699937396424178	0.2190314563259664	0.05803778788827581	0.2583866723736638	0.6408326461138332
URB2	0.18169433047541456	0.06937261697674152	0.1248202993894524	0.2269281854610574	0.3011535755945425	0.21579422621176897	0.2380130532803013	0.05160117958940562
LMNA	0.8324194106065703	0.9401014750510148	0.9128112409689421	0.7414402131671641	1.1388514376298433	1.0337302512528241	0.5940513003494052	1.161767724859926
PAN2	0.7912800189425202	0.5181492219250249	0.21377072306590458	0.031151560930322432	0.5393000936514301	1.2522109838906998	0.25193882042303134	0.0016950327638723388
DARS	1.0761966965233631	1.2440970484528568	0.8224249765029825	0.9111556043146362	0.6541065007372838	0.9946586294881167	0.4026414262274306	1.068408088027941
STARD7	0.7432850338943403	0.6876437156543744	1.1829247891820087	0.5557696783250966	0.5426579288392644	0.05615617771566871	0.808193987711789	0.5549679048509915
ZC3H18	0.5068792728011278	0.6532978919876464	0.6182489089434764	0.43104519663582397	0.9329911517988668	0.8567213093049213	0.4499076494669594	0.739027683937271
KLHDC7B	5.453110846243305e-14	0.117142604413608	2.1611359462611914e-09	1.032190265607499e-20	0.37027725904365016	2.2233445914782362e-21	0.14442813243219468	0.05347920633029353
TRNAU1AP	0.18342355381127193	0.4704224768195311	0.1377251676848105	0.14514381327210357	0.3987384571813476	0.6235143891204473	5.321311752817917e-07	0.4609580609834166
RBSN	0.6038525330590911	0.0004227482126094589	0.30125429517909735	0.18346788156602395	0.5529201418875256	0.33789804406635227	0.25445835017692786	0.36900763668419473
EIF2B5	0.8455638051428063	0.6507828596141726	0.6792671446447192	0.5778389812539982	0.8097955111933308	0.9940329054388718	0.3604213681555743	0.42706252431082137
PRRC2C	1.1270764354017007	1.138409684102049	0.7939550675700336	0.809918301541443	1.011466984992782	1.0042269358328288	0.6769242867922691	1.0269271408831484
MYL6	1.066616282293482	1.086852754710573	0.9649678621610444	0.8537479796510985	1.0538566138439445	0.9517401309707135	0.7449744390404538	1.0729414012278826
PDS5A	1.1842110106691748	1.000670709846278	0.5797065326814194	0.7717016811003888	0.6567951332073242	0.7606785889087531	0.5117186536577334	0.9620215717620295
TUBB2A	0.0006414795507158793	7.120525077080128e-21	0.40402849805117713	0.8258549853652909	0.4527706353766832	0.000640141259363197	1.0610979104881955	0.5092810092378718
SMC5	0.9848292298136394	0.25329496175327726	0.061569921025179344	0.46170502076256154	0.4317176693753884	0.7816594387451037	0.0019060737586888172	0.6783440655093008
CEBPG	0.8320306161352218	0.5019248335115729	0.27632986738883025	0.5578433732018552	0.1885711426679033	6.0386909629030926e-05	0.5654537912608109	0.3472483236088799
GAS2L2	0.04032730069045631	0.04645403572472444	6.596631689181738e-05	0.004265063767860322	0.03190245873770394	0.019860699147188566	0.04841561138130814	0.01897067041797395
LSM11	0.06724392795191413	0.014850791425240907	0.14751471834660823	0.10016615246462758	0.067791178372519	0.11076772946706927	0.022718361933863566	0.02316991081316807
ORC3	0.6768146823476996	0.2710000089533984	0.17235516389813305	0.48089486786777647	0.00032684075140535315	0.37855557224411224	3.628888030232563e-06	0.25296454632453047
SRP72	0.985065509321716	0.9314039521400637	0.5304096696572662	0.8967390929009359	0.3645341334195858	0.3680759887250598	0.3391049289390664	0.8996614410457537
TOR2A	0.04419591686156544	0.0345369670494764	0.20141294870800028	0.01893430363440551	0.21925729022649273	0.0327386576661488	0.09388057345673594	0.020173600813257465
MRPL50	0.4530445911937262	0.08259265072908716	0.39808719337276244	0.2568688568774215	5.12197695172973e-21	1.0258980002385348e-07	0.13277090021677443	0.3174723534030666
MINOS1	0.03431079575854817	0.030916816517996097	0.03267645108031424	0.011649951654438977	0.03559988593309458	0.050818280207446345	0.0206090413700916	0.05367376568812605
GLP1R	0.06553910480406916	0.019772384484663258	4.022864762438233e-21	0.04495191323748611	1.2872749915139587e-11	0.09356903676072872	0.06559550492596812	2.7506271168415262e-21
TFRC	0.6957527834098315	1.239399171678122	0.4188064733952112	0.8950956810055004	0.836081901581144	0.49970693673694566	0.5882371969736223	1.299189078716775
INPP5K	0.36080843201529983	0.27265974979886615	0.526654086903968	0.011004532443864557	0.5030140153459415	0.5794813733739081	0.0469409298975011	0.28396661859510347
FAM50A	0.09439398096834008	0.6169161444325737	0.4711464431179064	0.5090169844971407	0.8837629509918794	0.7601545380032626	0.4373525272461724	0.7563687257113899
FBXL18	0.03307995498161361	0.0014831008516340458	0.16325858170492855	0.0371548184994301	0.2589091342783149	0.14997179298222604	0.16812901879470196	2.3203232623566472e-10
PSENEN	0.9635158635008594	1.1806602781687225	0.925755654078558	0.8180385273551037	0.9295175315910387	0.6584123160178297	0.7542229512308656	1.0070202182243564
SMARCB1	0.932301968903065	0.9596692610621811	0.9956783126773816	0.7541620058778586	1.0249472929410866	0.9599023795423605	0.6678325065167287	0.9698705971120263
USP18	0.1128370598865011	0.41343620288278254	0.1831162864673486	0.17831476956964112	0.5244900962876686	2.4625502597128143e-05	0.0709844834857419	2.360978509310452e-05
FECH	0.5968214929172422	0.0052614078056481585	0.8273828816559881	0.20332428388768178	0.16550413354742696	0.022386606523112085	0.44470256121956747	0.16169677792234263
VTI1B	0.3650741458167012	0.045764942939864266	0.40730645104334484	0.1270613644018283	0.06049787637803837	0.010555832633349046	0.21253372058790282	0.17090102075588356
SDHA	0.9067980472039355	1.0903255093172073	1.019544607617696	0.6327424814666357	0.9532507267226894	1.027059413634351	0.6920551533101823	0.9099190120112386
DDI2	0.14932501469785703	0.09078942390451052	0.18948134186042687	0.0018137481899505711	0.14888388184882834	0.11813902185648019	0.09570004030675676	0.07853350496767414
TUBGCP4	0.6725881009759588	0.24717360930396795	0.48550687675183435	0.3821070643395313	0.23218494497509404	0.47648502275387444	0.19280690570198258	0.07547545764556335
CLUH	0.4949455523440002	0.6533409113179496	1.1714662384274233	0.18374491010137686	0.8811115979200712	1.2016386831491965	0.9782081076111976	0.0002392440637494734
EID2	0.18370840897366786	0.1324998287993885	0.29589340030234607	0.06457066892863066	0.16933452838018667	0.05882915078081908	0.2778540159328636	0.22958348991005212
COX4I1	1.0666299335723861	1.0899763583692414	1.0080467449608663	0.8492336725979118	1.052968922269897	0.9445423966969936	0.7781023753512208	1.0273920603683362
PRPF40A	0.6405919726783448	0.7532795075963512	0.04331674681712296	0.6610414673431767	0.3090161626816331	0.4742415648849004	0.2535474836336442	0.725667245645522
RPN2	1.0416971987729864	1.1423645879421593	0.9375981166892785	0.8559922061216756	1.0474847071298148	0.9182722035799316	0.7572888999262358	1.0465823942495578
MDH2	0.03172453392287301	1.0350301781511482	1.1322442205074958	0.7075346177816011	0.6341427109425373	0.31719070464808746	0.86943378798136	0.638719640180398
EWSR1	1.0957345922181199	1.0198653800092918	0.8658464249548179	0.7784208496599019	1.0587052856707528	1.007734778040885	0.6837474543676366	1.0013880230385304
KEAP1	0.5548930967038637	0.7667666197127764	1.0687205172090244	0.49179013193414467	1.042812202598251	0.7842261891309712	0.5794114858139172	0.3730860053972361
GPATCH8	1.048066875159746	0.6172393568274268	0.3411647200010282	0.48201710220018396	0.6786428791895088	1.0403691352605038	0.3598797428296943	0.6707372705673544
WDR7	1.1080866718743552	0.2928922016189059	0.4058862604472751	0.2528971809294191	0.6090549850880634	0.4700918629552798	0.13893403845471816	0.4100177718834307
RPIA	0.5617887432415307	0.1754230128994426	0.5320536555583756	0.6812018895482387	0.3944507755180982	0.1958556204593201	0.22049281921369795	0.4136762130256086
OCRL	0.8317366808683355	0.7249348641602719	0.5381763473268812	0.6991238301042226	0.29676705394759173	0.43313863334013974	0.7159459776810498	0.6496060868528073
SEH1L	0.46677310582377685	0.3705219700797699	0.5847015638032899	0.6386068119781523	0.02935997805880507	0.2670687636147325	0.1993731457361011	0.5763805741776996
AZI2	0.4926921000098498	0.17621017231381783	0.0990868859451258	0.24242913015010453	0.15694118097605583	0.00969060017635975	0.15571687892729905	0.6188297959879288
PIGS	0.15491178795991187	0.6807383925979757	0.695075314623508	0.17536451523137853	0.49736487395593176	0.4597643006204844	0.5502887753347204	0.36461763689387744
PGLYRP1	0.028297526371926295	1.7777167009355542e-09	0.05519311731878484	0.020212949377928686	0.029156876764586906	0.0038940943655523756	0.019366064084586073	0.005576035555281214
PISD	0.1674290470072435	0.3502391695588934	0.41924156680032487	6.989288142453325e-11	0.7201620773205771	0.9000166771752565	0.4841120553598466	0.17220890925993912
HDAC1	0.9390141605585515	0.7730250795251484	0.6565842039538741	0.7639760668442918	0.9608332210953415	0.7729554444567046	0.245034750930667	0.8785856847748973
NADK	0.1072297824398145	0.3620802773329884	0.5534422931118308	1.273197669801239e-05	1.1678927362548404	0.30075980446593975	0.6026674792249539	0.34679007209524515
METTL3	1.0754273311561606	0.2652172256903969	0.41476655093556897	0.46413074575448604	0.892206533706612	1.217188323624766	0.2450287246330255	0.6086326731682591
LSM10	0.20045023366996817	0.555054078812893	0.5556457519928308	0.17038795511212626	0.90475473471938	1.6319809402389964e-06	0.6255373628978509	0.3242084382630846
MTA1	0.7295450921655106	0.011940964111602071	0.7208365324647172	0.473138776942448	1.059705596926467	1.2449119030410998	0.3595246438589251	0.46448226587234914
METAP1	0.23644061038709124	0.15553498861934956	0.21236397824826062	0.21709378840142166	0.05576796787011328	0.07598046202281564	0.055619925066759786	0.30258292987238816
DPH7	0.28135593986969265	4.598807560486489e-16	0.08907226879822443	0.01889331143106386	0.5433794863947706	0.5004961728079251	0.16424160448036834	0.05576120973443502
GNL2	0.38377666621144957	0.8891782616856136	0.30619222314954064	0.7084019692621231	0.5783550025945507	0.6317705492257103	0.282772508154362	0.86430953892624
COPA	0.9169321586447975	1.012217324874795	0.7080504377143753	0.8180504559107648	0.8621091506975483	0.8996608149840175	0.5352217461652495	0.999470950933522
PUM1	0.861043153572256	0.8797537236687485	0.5925587590107478	0.49818283599573426	0.8197581704062519	1.0173858392584028	0.43229758379245503	0.9362187965130683
PDCD6IP	0.9786018213990242	0.6137834402639399	0.506081058726112	0.6460099694680175	0.8017480744496944	0.5199160617265955	0.5140873850043568	0.9048979855898518
CALHM1	0.028502402940275166	0.0035269464398789865	0.03470585746122037	0.042283778960303595	0.005801910499507479	0.012612607705890639	0.016786647419712558	0.002690128446828453
RBMS1	0.5521852291463021	0.4748225254289061	0.04811887435614244	0.41425273911489163	0.5734336264266959	0.5459140451786914	0.12672393540243376	1.3437388876328384
COA7	0.1064092395447112	0.052163894954262234	0.3013256008719508	0.1617037843977913	0.11200575663503809	0.0063414044058950556	0.25779896797870777	0.053046943229554076
MRPL15	0.259431173129419	0.6484294881559234	0.6250016402223658	0.6631883197314503	0.05606975693522097	0.0001045860116427125	0.8971908494738214	0.31883861885791415
BRAT1	0.1961590163516126	0.3256126416218231	0.8830249169993623	0.3410880153803757	1.1742954552877871	0.9678129666244364	0.41670488549914547	0.21917811647159272
SACM1L	1.0659329622816078	0.6031671893712468	0.38319207862240756	0.5197122405619204	0.39207145661694065	0.005059922405989747	0.568682403015476	0.9612115434955577
SLC25A22	0.01832384360855787	0.39263652993590714	0.4580790984237312	0.29270596950751104	1.0128133725893667	0.13421708019657616	0.7451649114833995	0.002064590846638293
ATMIN	1.0165342549063352	0.6664168916777911	0.8266253877579057	0.5590238885721882	0.25103541561419784	0.20256789070665715	0.6116441777000965	0.40359987026870847
TBX1	0.16313957446715166	1.5046941172325286e-21	4.26802048403476e-21	6.0795262652796854e-21	0.28197930926942444	1.0384985201885104e-11	0.0869741687049132	0.1566482759948738
ILK	0.9953268047549572	0.9467013411115721	0.9292767925616402	0.7396677048921698	1.0157326144339247	0.995548409360607	0.49960545062720196	1.0505432153255196
LIPT1	0.5200299045242045	0.169934652651448	0.09435543138196557	0.16723067678622705	6.060688027039578e-06	0.19732114683925284	0.07896592384347609	5.13896142872764e-08
ATP1B3	0.0085890474197687	0.8166190647857177	0.42452199767413235	0.41148815575482844	0.6983278274766179	0.35843513121495213	0.6147075944178674	1.5353781877020911
DPH6	0.17933795294329333	0.03626886453112966	0.1219302845881642	0.053348609307347715	3.3724406456628555e-08	0.11268517010721844	0.05486051979298161	0.04452108760693703
AHCY	0.5247499248054132	0.9059605704317135	1.082825829496944	0.8357242942792112	0.4734563528602677	0.7458631416266809	0.8823164288984291	0.4991643904030974
VMP1	0.6146697112641033	1.3531068515060267	0.24504482421697604	0.6775153834941765	0.8704856793918723	0.9998836544193075	0.3389954254525847	1.5105308986668102
TMEM259	0.7711805820463215	0.8800061920799153	0.8072701341718584	0.39352522344475777	1.319650696334416	1.1837478575263873	0.6788933701916946	0.6654917752496771
PPP2R4	0.575502317917702	0.8549423438880419	1.0503549454000742	0.5996497855540474	1.0042652566529784	0.6885997119429125	0.5101877541072375	0.6720171384978803
TSC1	1.3213735306666217	0.057955265863340065	0.7494594326021308	0.43141445646809734	0.5898266051686842	1.004933839920865	0.2761134219436398	0.23389807077514155
COG4	0.9218049463284841	0.7352751663019482	0.6774482217455476	0.50086448144076	0.999182399189405	1.0803619128295605	0.6000146330586648	0.4660822032368039
URM1	0.0219437590223148	0.036438161360155985	0.2199825324709725	0.06272173282087559	0.09303313401050281	0.04354266254833958	0.053651609635239204	0.07393093583400581
LIPT2	0.057814957331886636	0.07423027845257615	0.18495556341182748	0.0010582934154410933	0.06476387232522689	0.09517050200790961	0.0884037720067293	4.45029110832334e-21
NOA1	0.5639610889829405	0.502010639169839	0.8987271104181263	0.5079763582099661	0.6401661803728107	0.5785836447345472	0.4406726724352516	0.4108678108913863
POLD1	0.20410260179979411	0.41271739560654147	0.31636534872466743	0.6279518912746718	1.2008643086614206	0.8461705949473907	0.2729522905555606	0.09525882156503983
MTX1	0.0016413103841331328	0.3345876296611144	0.41855063370401674	0.16880003891749518	0.23118345763028514	0.14597825899477038	0.2755728151548402	0.08364380906258266
ATPAF2	0.35492683638462275	0.31580195893455887	0.61570563233513	0.10806528423910243	0.45309891592360396	0.4756747329516087	0.4138672861111622	0.29468014240895435
DAP	0.8045901003078153	0.8786364216267651	0.8582312534565606	0.6795341781273736	0.5105142479814996	0.445584419915451	0.7730769353615262	0.9301635869309651
TERT	0.037060949928861976	1.818960645614873e-21	3.920559251595213e-21	0.15482465252882138	0.03709054739204721	0.18779788389658175	8.134851736677986e-08	1.958948608258835e-21
PCNP	0.5641220963434604	0.7372092165975462	0.28152098352327637	0.5125758045238415	0.0029596790515802503	0.2746066991394693	0.0507744522180297	0.8802615388679704
YAP1	0.9502919257549652	0.8659065745947713	0.6246031232303525	0.7041333039484724	0.48294979970750535	0.8660665411761224	0.4420400807342182	1.268764127073176
CDC20	3.600049968840914e-21	3.3537504660451886e-13	7.715267980202822e-20	0.7009916379574727	0.2474801238624691	1.5079394154552052e-19	0.02615964020494777	6.764025200702011e-15
THTPA	0.1811527113992142	2.675169624880203e-16	0.32450508136287626	2.4844161193024574e-15	0.33087239344733865	0.3247961562098161	0.13708564509036328	3.077881544123118e-06
RPS28	0.19739835438902548	0.26297318635790895	0.8715304688537057	0.3845692043659263	0.46763399678772266	0.49208730570201203	0.17130620514742118	0.21596224044201418
DOLK	0.2508374678650878	5.939952502785873e-07	0.7798260786587011	0.14248502994289056	0.5452164457413481	0.010768062417788878	0.5225080874968504	0.1183943761155392
C1QL2	0.02115785132933844	0.011718777539019098	0.03509280364025043	0.023741888484402285	0.009955794946473428	0.00848092757706801	0.02216290937295336	0.009203457833357409
B4GALT5	0.9467596118109532	1.3335996590308843	0.7645641901457665	0.7235389338918835	0.8441426490794403	0.8648925679358562	0.673741930958642	0.9787483695932374
VRK1	0.8306744055438854	0.34128959548407184	0.3268773518362409	1.0222999726446031	0.27733222307718297	0.0935491330857466	0.022753332346058953	0.8824970275094116
GFM1	1.084050564058022	0.844324389670922	0.6897909662978188	0.7778768879348642	0.3697244729112063	0.3119371961784738	0.7890524489252382	0.7204998951457944
SIRT7	0.22102719088528225	0.30775229648486735	0.15531395676750642	0.113608362945502	1.0813212287564773	0.7978553664043521	0.40692334815591497	9.220122037513384e-08
IL18RAP	0.1643832976939611	0.0540124105741406	0.05809842590858716	6.179032342627235e-21	0.2391500740564334	0.04276493594905013	4.262072724152767e-21	0.22862898821849856
RAD51D	0.621667168488717	0.3914398443928985	0.0012623840553773634	0.35395478400932623	0.4882032233898239	0.6454594751859154	0.29195987626883774	0.09683699060960756
PPP2R1A	0.9978316803615769	1.0491274366445595	1.0132577706500832	0.8103463090601066	1.042176307123146	0.9490230599739293	0.7518287303395088	1.0265961269164636
PHF23	0.48323262727163135	0.5468533693637411	0.5730915373871172	0.39795507682801373	0.8446980396593329	0.6243117012901152	0.5968269615970511	0.4291366641303771
TPSG1	4.994793763541308e-21	0.5508140329952548	6.313693262847232e-13	2.6063549102015837e-21	0.3712493091740164	1.7559953205988367e-16	4.6783146002376745e-21	3.718731478063396e-21
BABAM1	0.6293308640542564	0.8044006466023066	0.976469785953152	0.6528642682829003	0.9256198967734631	0.7877602164306223	0.6005165129137116	0.7396915080291164
KLF3	0.6815271538635649	0.3704352084739393	0.7037060646549884	0.3503207474676538	0.6111578094817811	0.2661388614056604	0.35409789580338175	0.5467539461618637
NIPA2	0.7240502823458685	0.7360096537155791	0.23729370584912665	0.5326260234193483	0.32753190316629205	7.931776230874308e-08	0.6211395693105081	0.5043083666091576
AURKB	3.139144590784274e-20	4.169411592755179e-05	1.8445762289712895e-20	1.0314682391302719	0.5184362841881868	3.9488391493797505e-11	0.002278390970008082	0.00018846412954148383
PSEN1	1.0316426308324862	0.5448912732365773	0.7046050317336681	0.5864895504823325	0.3452485827138951	0.14960000812657592	0.5246320434986054	0.7798519806594166
RMND5A	0.7188169025352696	0.0467864721213272	0.6883873431024938	0.29192057737325056	1.8330030776494986e-19	0.00014479775869390783	0.2995085954617079	0.21651404505127655
WWTR1	0.9420363508023629	1.2493723697473866	0.6204787384539648	0.6581785170884505	0.7255890985704269	1.035389418858227	0.2667543403462885	1.2268705256366796
NFRKB	0.5233364030213981	0.14412329127333973	0.27422502776419383	0.08842718427951785	0.517951880284035	0.8052264052158724	0.1911801135463327	8.091526114904971e-06
CBR3	0.05640181445486496	0.11995379765569089	0.17473497566798038	0.15902217267641172	0.22587657346036955	0.0001070177933968925	0.0003124464325685865	0.16937496424191642
EFNB1	0.33384448331637795	0.4185123433443051	0.8430824799608356	0.34987873381137136	0.892132408785886	0.7520830077089208	0.17963509263947314	0.8025676044212803
RAB35	0.4011028301299043	0.9269538891176579	0.5516754004155705	0.4500735597118929	1.0301000241568463	0.4772301933558059	0.49344237623252146	0.8619849341994092
PIK3C3	1.248953533639027	0.6723867777392829	0.578973757988761	0.6970875458337722	0.37364824474841335	0.8616895198449893	0.1336306293072793	0.8529885071597173
ASNA1	0.4334590565042661	0.9496003063466718	1.2123627077739987	0.5978995575081498	0.8101632645175137	0.5222154874107623	0.664622980228494	0.698100925258996
WDR45	0.34301547559073287	0.4546186096555972	0.5108620806275209	1.5430632311047905e-05	0.7568130477349002	0.6599797607933579	0.3882233440191478	0.23082918903480118
PPP1R14A	0.008077848693610806	4.322299219137961e-21	0.4770258684186366	3.955347217822776e-21	0.30462880203346265	0.36141209686138354	5.979018095417442e-11	1.806703193393179
PPP1R2	0.3281262960410681	0.564288457571354	0.12150675602837156	0.3874207526451329	0.03912655523388233	0.02172263656648054	0.11468262111604965	0.9834184778403234
SERBP1	0.3173477150781516	1.0098362447411382	0.5086451798381079	0.781908631993328	0.32011369434643105	0.5038193399897727	0.2818689252030249	1.2592956308310908
SLC4A7	0.8701118898458686	1.3556929045273673	7.279867329677722e-05	0.3256086998642831	0.7329113343534792	0.6918929490765896	0.1977209021824488	1.337654048933835
PAX3	0.0399503320350297	3.2477706088561754e-21	4.473357335135803e-08	0.0703459761212531	2.3544134027932358e-05	0.039292691385789495	0.05576008518728213	1.964983736152145e-20
DIS3	0.8638112897564192	0.5096768929942797	0.1816527360990778	0.44700492806754233	0.15421520989412327	0.5627361074860299	0.09637078157338481	0.5991110249228215
PRRC2A	0.3276830131709608	0.24772731524590025	0.730331737340396	0.4616205055812076	0.8179416719913724	0.6869243124146097	0.45093667259445985	0.40834247941005064
ATP13A1	0.6130510028161382	0.721687543294806	0.6416328639136196	0.4176866856768993	1.266161482402444	1.0539108032575932	0.6672348013369921	0.43592109867662443
PIGX	0.24531508663180646	0.3846825387632021	0.24837828785969285	0.2537613627756684	4.795393027143916e-21	9.776166336026837e-05	0.19725476682569268	0.20546809972257485
COL6A6	0.2638016933943635	1.244680370643554e-21	1.1073348118688302e-21	2.051823818819932e-21	0.11574154704392305	1.4302591048811817e-21	6.0379529904743555e-12	0.011215203114394588
CDS2	0.45896939433093586	0.22534618489620373	0.6187510953365333	0.16875400686221892	0.15484342642099966	0.10966689624019894	0.3708189518871096	0.3218397922482536
PRRC2B	0.9508938957782987	0.7522744839765483	0.936102371277607	0.6019831615710148	1.1395821008183518	1.079855239363185	0.5615065445683836	0.8708241469566026
PIAS1	0.977765176477825	0.8159313836873954	0.42227820517709097	0.38742064578853447	0.4939511872373868	0.3587687163355109	0.2592475802677346	0.8342240290787127
EXOSC5	4.1093749421163285e-12	0.575283192022495	0.5928229091767081	0.3648331415299215	0.44194665211859346	0.7158320367914962	0.0885486798211268	2.106879646689054e-09
SLC25A29	0.2865050976051634	3.71452544338538e-21	0.057418610640417214	2.7714131735092472e-21	0.3882582121005826	0.8378823378613466	0.5237494097925419	0.21108869220506743
RNF114	0.91896421888171	1.1216291959977733	0.8070855222158919	0.6475063736515241	0.7414552959938512	0.4496834832159085	0.6086188559737544	0.7017506890325069
RPE	0.45909417605112757	0.3074623445127611	0.13831498924553448	0.20168398925151357	0.20480799031887534	0.28094501928001786	0.1861518773870211	0.268778730042588
UXT	0.5601741748627987	0.920125751460905	1.0060061370415982	0.7438326356465772	0.6290128246284019	0.4061980348061104	0.4597217503037026	0.8759394960786546
SYNPO	0.9652101630080564	1.267174577295306	0.8627883562362992	0.4776885620919808	1.085437728005021	1.0738730660838687	0.4921662397336802	1.1446275366999386
NUDC	0.4749590402921572	0.9104765478565859	0.9911066091562778	0.6797404404796936	0.8153607177698958	0.6722236652795743	0.629912351787807	0.9895875067551445
RNASEH2A	4.057873290928067e-06	0.3379699312791231	0.3146456699726808	0.9743823909424728	0.5461305715984568	0.27320796642530865	0.16080612169478492	0.13656386793560432
MRPL47	0.6179010444401685	0.8095085761398795	0.5416242574863332	0.8791097780245555	0.06074527661247031	0.031600476628636125	0.5779803456031861	0.8325997544677866
DUSP23	0.7068157301139821	1.3730694032831923	0.9397355018434765	0.577981887976694	0.8746141316951798	0.9323095755758687	0.7386709666117881	0.925227871884046
PLEKHA5	0.6982335610990092	1.7418979879843142	2.940256763983224e-05	0.08214970643431531	0.18218513902913733	1.227397732604742	0.2355326160172469	0.4784270102131784
MESDC1	0.139915818538219	0.12815003627820687	0.552561159908503	0.09944807235253252	0.8352419843643344	0.20491571376192683	0.1323116579962211	0.3061832070086073
D2HGDH	1.0405130604957933	0.5025852776166241	0.9592473679222485	0.2847243976424964	1.078423663215618	1.3723893539624963	0.5353020348771619	0.4150764907694999
OGT	1.1740571369127173	1.0672278426043886	0.8046309144167011	0.7563550919159795	1.0621719448105105	1.0253718169948127	0.6455016739855235	1.0191075465271746
DIDO1	0.7596070006343333	0.6707896853699032	0.4152819087566452	0.3217561354567186	0.9911669206248305	1.1565954184119152	0.4833368560782886	0.4248216264619184
SDHB	0.8066586954363533	1.012555982799597	1.1280661051492247	0.6726885882302104	0.7684217637256042	0.5667997884319587	0.8077718750621111	0.8957934198747088
CHMP4C	4.999286968274558e-13	0.37322216497875904	0.20389859296370855	0.11654664994036618	2.948442991247227e-21	0.22924003844059188	0.34721398786273927	0.24183912936139476
NT5C	0.009836589791582157	0.601350672085742	0.5387244762755974	0.3783136799235454	0.737536548729643	0.8967689059535374	0.2101213324472069	0.4909711323851469
RASAL1	2.9872622636326387e-16	0.3414540126397958	0.10578766900728033	5.938782116051959e-07	4.822403117763189e-21	1.3233392979992058	0.46966552317343313	0.06552498332708555
LRP12	0.22745785531322818	0.26353605561268983	1.627653932922562e-08	0.6205085339965298	0.23550667931843097	0.14049919611265452	0.3179540889101951	0.5749387109378159
INTS8	1.1256910520840242	0.8554314623301474	0.07071525971742164	0.7551935372208418	0.46159325047578537	0.7639106108380244	0.3483519342282992	0.5607604861405944
RNF168	0.9979643154602725	0.8995923573693806	0.7726046248488962	0.8450794338340605	0.8847806414599236	0.7476542796502682	0.3254754738587809	1.1312131105243877
ATP2B1	0.7860869751406168	0.6049880187681185	0.08052973093967557	0.403297310189539	0.6142567253890325	0.253973497558333	0.4870657347131523	1.122727854143254
ARIH1	1.0681583988644427	0.8963253392261603	0.682059834809163	0.637913188435759	0.6323679292009001	0.6011138627392598	0.5620109536485117	1.0143329221433564
RRM2B	0.8550083972327776	1.3255921339022798	0.2466272686753298	0.414861805192296	0.00379435468705868	0.18932195457707854	0.5301565466712596	0.8859801063126855
TAF6L	0.2202776971662226	0.03330843003380578	0.4157497845537786	0.00447413730468503	0.5143672660512562	0.5139313093732782	0.3277352299273582	9.732116330240587e-07
RPF2	0.10944218106990145	0.23898562870874882	0.14744639050696642	0.2911717159417968	2.186981928733688e-21	0.09511170270097234	1.6830597499003064e-09	0.24628077913035354
TFAP2A	1.1670904247706147e-07	0.08901905506496276	2.5521635450509642e-21	0.2547423761185165	0.07163910831230061	1.7542592736216081e-13	1.3464859213356095	0.09501797870540378
BDP1	0.8361691455893441	0.3811810633694669	0.01027948217099371	0.3293768119411642	0.17620225320986538	0.7663028532968673	0.07396413496237511	0.3368619759174998
GNAL	0.07400396678200137	0.051981628379639266	0.12889619462371424	0.025068400259612645	5.116114152166002e-14	0.009492705996319512	0.2950693359043727	0.15607001206664545
RAD51C	0.8619595845267359	0.6302338851404298	0.34242546204417584	0.8291634796555096	0.09946487807957408	0.25649193310537993	0.3297914964090471	0.47711836622728293
SIN3A	0.7866511930886679	0.7649182005970703	0.5174737533318805	0.4815723758003799	0.55632457405189	0.620635211044593	0.23765280470318864	0.8873961486542142
COG2	0.8465258035795372	0.7142484387263061	0.5724840520979668	0.5600522233799811	0.3115232377935006	0.39781976025956534	0.521078350319321	0.4175816084940239
TSPO	0.5088248669650043	0.9654679852006457	1.004422834069933	0.6201953553613725	1.3453428434197197	0.5672599976720155	0.7887109563333777	0.6754689458612568
RNF32	0.03882080297159773	0.06897797933880151	0.012454776941605416	0.0627459259586628	0.00045010609667970225	0.06056535799729299	0.01186322094044979	3.8355779875014096e-15
RPAP1	0.1061809498437372	0.23703237028427093	0.42930847832345637	0.07697144467494345	0.5325124063418557	0.5097841001971368	0.3069106582102369	0.00017194484634715777
TAF1C	0.7013493098267846	0.3419614963511162	0.5248710694787743	0.14305966401716058	1.2080141204490518	1.4120548413280207	0.5353774214981044	0.36892386843652014
KLF11	1.03967875381405	0.7562669235195935	1.0265794839700122	0.515517958166079	0.2735980692475289	0.6889576491879853	0.2661776562591981	0.6166869335605902
RAF1	1.0684579610622318	0.7175119586442339	0.6945710647015957	0.5383468040989345	1.001388679141278	0.7566039667215098	0.6395043075830475	0.862188432132041
EAPP	0.8004806056611115	0.7660343889141842	0.7792799889320673	0.5643934245115285	0.20826498384614728	0.49184076579247527	0.32082982124171233	1.2912071660581168
NAA15	0.9718873921625824	0.7771106835483382	0.3172950732451413	0.7383006662489482	0.22492340889095025	0.4698657651618958	0.20000112300710174	0.7351738629663799
ACTA2	1.0411780248348272	1.1093464861102078	0.9553194568948253	0.7970424791818969	1.0506625393543436	0.9662159183425106	0.6651292485076024	1.1704094615117222
METTL1	7.906311892373079e-08	0.5401504878664658	0.028096009609271184	0.19625260137874406	0.2415410400198051	0.40684331432242404	0.440271174662192	0.14059790930437713
BCL2	0.8879905828343397	0.29369909477480594	1.3628762494726103	0.010488428894841213	0.04109234701336117	0.7592774110332312	1.7534855009984358e-15	0.3408341982844732
DAXX	0.05543371242384083	0.12271508020757083	0.23441319431416785	0.10120818960064146	0.25799740499732843	0.13147668876634122	0.0813266764241539	0.11366421859508356
FANCF	0.33778141946472373	0.30284638148048065	0.3856163183758193	0.23513388972080426	0.27238174837439466	0.21622021700694205	0.23817616658536114	1.0088920536419559e-14
LMF1	0.5095656474429736	0.07037034908606446	0.3610690685545103	3.7858149470346363e-07	0.7280273956623041	1.0339044795612864	0.7996336277505672	0.00042496551111537395
TUBGCP2	0.44514549880943516	0.5527819307267154	0.5691223041079697	0.4025828534042526	0.9782652223244861	1.0077717624150564	0.3831612359318713	0.40836400968167497
EFCAB12	0.17530147651248768	0.10186826266656125	2.9923323177908166e-12	3.013187336140845e-19	0.01693589931418473	0.37265427449232574	6.437074853318865e-11	2.7565853105892868e-21
NCAPH2	0.19699534685437275	0.20795131824097346	0.7554201045593647	0.21887694680068595	0.8379050012053105	0.8003441209908334	0.21172802972974716	0.18621984749361203
PITPNB	0.43505449722047396	0.6296279161794422	0.3570732142631886	0.4558670722024754	0.33449364215336996	0.32425077734253777	0.11981339167277111	1.1386546459729368
CKAP2	0.4672625079050073	0.44136432017586924	0.00014812575691191334	0.857855711167185	0.32342193338520386	0.16327455217265385	0.011100222088515273	0.23507877912216024
DFFA	0.10012577774684003	0.11671493253727251	0.4754004120288502	0.12747888344857353	0.320439868755166	0.2784841643962883	0.3000433064465394	0.22297219064590917
CSNK2B	0.36381248411491146	0.5965086008625591	0.7322644628696146	0.6528438567465589	0.22432817870085825	0.2967671812780623	0.21690007637251366	0.6168363802645226
VGF	1.1228329779528378e-12	1.9069123638075895e-21	5.383141912641922e-20	0.2360322765601599	0.013378722536598688	0.02725133106720359	0.09587383446066279	0.0029862182503880208
FAM43B	0.015479521217935183	0.0005372846051119527	0.051427654388923376	0.014219069454165064	0.01705386985265055	0.001235479548085763	0.04049149659577854	0.01664083272261535
RAC3	4.0753474285109494e-21	7.84451197736784e-18	0.2791465415208785	0.27084932118406874	0.1912340639985803	0.24002066969018132	0.4950207796306989	3.581548319005947e-21
TFDP1	0.9819063294117986	0.4517642966122873	0.8342280697427639	0.8998688180442549	0.5607616219846865	0.3313799951294907	0.330026167348167	0.685556839319762
NAA16	0.5501090674599072	0.0024830047459089163	0.04366813192945474	0.1056060902494201	0.15733055561166392	0.3535081584019099	0.13189109309369482	0.20466140533387248
MIDN	0.36287315057230457	0.9190422887470668	0.8256909700846843	0.3122702743416015	1.2250614199197316	1.1379868813241838	0.6190726338951381	1.0212887555088603
TICRR	2.639816059478158e-16	6.534598463211366e-05	6.173631136701765e-21	0.4918143623103548	0.21179632937213397	0.035833553895513987	0.023156761807995023	4.487604644806439e-21
PQLC3	0.5203219216653574	0.6282998188021394	0.5153245045633681	0.2923896194460686	0.45061000831102055	0.09960888454888812	0.0022183016833045984	0.4976423306543057
MAD2L2	1.2657461734619954e-10	0.292305684486412	0.365636013233871	0.3547482484800322	0.5896785823237227	0.11626550225397338	0.4703200002078685	0.2658436669256873
CXXC1	0.7668387738919596	0.4110347737292305	0.834444215298114	0.3425208531519621	1.1303408378632975	1.3453750462147793	0.2477468887579239	0.4967771886837221
BYSL	5.5632611583675235e-05	0.07948572601696564	0.347984585357816	0.4147030967741747	0.2822734476216858	0.2309759218377243	0.2917261410146755	0.06571857839147614
NLN	0.1347482862875074	0.17858883697207764	0.1848793245921386	0.3239056758695642	2.5256597707775145e-10	0.08612981147641717	0.22682240995518216	0.06680495509429982
ICA1L	0.12013209971684621	0.00026528678367781285	0.052369906083442934	0.05361038176243428	3.776613726035988e-21	0.10891161543172709	0.02933893111370714	0.042805628372810774
CCDC47	0.8215127698015384	1.0827309325774537	0.7641842512393603	0.8181711360434122	0.5536524928260058	0.7327979880811212	0.6038170205069987	1.0192949939593867
CYBRD1	1.0971371737985502	0.36064370535742063	0.470133510376384	0.4227756574689294	0.5428708776934057	0.022953109797518433	0.43723346083254344	2.0310048526274715
MEDAG	2.4458277243087552e-21	0.04749195829349383	2.3146052917988966e-06	0.09427988517863221	0.023455251722882712	0.03229691909660441	3.269664870444149e-12	0.9524791286985914
PIGT	0.9548226634046753	1.1130646917170959	0.8926882716988088	0.7985920921680755	1.0693412964141324	0.9244923238822331	0.7734109017126299	1.0228797255461433
SRM	0.00028648182032994953	0.7522474904721076	0.7902422797424463	0.6789717675136732	1.176841448111497	0.26644384092833523	0.6649434863433976	0.6437801868416422
PAX5	0.04254619418434566	2.2813171066578183e-21	5.6627867328925455e-21	0.09998034715874093	0.1780322305057231	2.365108939733559e-21	0.0024566437965876657	0.09501744674276191
KIF18B	3.0185397824555852e-21	5.234590072541094e-16	3.971867579490423e-21	0.47565657747282475	0.264245233594861	0.05987335550557965	0.00044773032796679334	3.1481732613702176e-21
HSPA4	0.9544966648072891	1.0786551460641736	0.7194501152074447	0.8869082048398098	0.6684313770768049	0.5940626326163064	0.7472191945506276	0.9967597291706302
LELP1	0.02093903019997747	0.012582786593498787	0.03467509403823163	0.024947072109798813	0.010530929104599808	0.009170196352887327	0.017630429075747835	0.008768274635738869
EIF5	0.9349572401240186	0.17595767980365962	0.6515985203295205	0.49934859432134515	0.32248738514200553	0.16754112397087234	0.5014456630132885	0.31273651001033226
GNE	0.703138842911045	0.3088412371553335	0.8713518059516322	0.5007551208659459	0.14629457728221737	0.35875799247425655	0.20052980161151793	0.3250401865356655
EMC7	0.7469500956155821	1.2002768336302416	0.908530655526481	0.6588055121230019	0.5776779493062753	0.41609057501663566	0.6688467198009299	1.0443863685383625
CLTA	0.9328612784443734	0.8962164155267783	1.0930969567584037	0.8838975936552053	0.9121083325934765	0.6698181299232856	0.6592493938708821	1.0339392190147532
CACNG7	0.012503235633941455	2.6769380083476604e-21	0.03992881407341959	0.034602355555495096	0.02634463440524981	0.024613690241809223	0.03159802955141965	1.395570016965579e-10
RPS20	0.9776223591227466	1.1543100739151144	0.9239108285380075	0.85463691175762	0.8443246427536646	0.7497385912680484	0.658841647602841	1.1245154288029608
RAD9A	0.7343602232077612	0.36304465463722235	0.19960814872798913	0.24034435419604866	0.9435713100312766	1.1927437386649757	0.35312572679646026	5.173433896059851e-07
WDR82	0.37594415581011054	0.24940456431742122	0.2653504337525589	0.22100139284736367	0.4465072926168991	0.0010798390708669891	0.268569401850338	0.5599682588411183
CDK7	0.3893584171512276	0.8027340449441167	0.15087812716553423	0.5009302689134306	9.102893318256026e-17	0.269766240497078	0.171875875931742	0.3162448423932929
SCO2	0.202443899930618	0.9196232580996598	0.03533248134322814	0.019064725129344387	1.7269179002149215	0.6671672981995532	0.26798094550871215	1.6280234594818286e-05
GEMIN5	0.370637804007743	0.526506426760858	0.3862321288576028	0.4124795141954958	0.19642995258985935	0.710009411863717	0.03870729919117463	0.2143407397208753
VMA21	0.8658400402421181	1.043386167951939	0.3343629739769099	0.6979207361369398	4.581676162713081e-21	2.756825176556857e-07	0.39185273877469395	0.7260066167283823
NUTF2	0.0865765381784697	0.7204026957621943	0.29763792987376786	0.5389477134862696	0.1682443765379518	0.0005708509934978359	0.4509866535945419	0.5676101576714568
