	C0	C1	C2	C3	C4	C5
TBK1	0.925593024868281	0.8405196200646343	0.7135243970229858	0.17588348589850253	0.7076652120293441	1.0033844234934892
AGO2	0.6149331319755486	0.9626333885641293	0.7864708894260846	0.808140440341979	0.9643197676688834	0.7775965088602453
ATG10	0.16960344574847064	0.009056100107365772	0.07518407770903524	0.0052314148889028396	0.11598217351852072	0.2208814301719637
RNF31	0.2689011164511485	0.8287548401384159	0.5656846454814424	0.9469593933182133	1.039176926005994	0.43258581467773083
UBE2N	1.1673884801948966	0.5960721700204903	0.9087480861877558	0.3736305932259401	0.5338879941748185	0.9299781472770673
CHMP3	0.036375138295904115	0.013089713128171478	0.0436764433606002	0.07150470265688233	0.042119027812153986	0.023661599230435492
TRAF2	0.09123947254756581	0.9613437951679652	0.2021018576133414	0.7354010821244595	0.5319374770841185	0.5062102412257209
SCAF4	0.5808955531987529	0.6164750330765384	0.6701632017171525	0.4680812609127708	0.6880325817247864	0.6742951259452262
STUB1	0.7870723614864652	0.7774888606977486	0.7437047976347757	1.199191539023552	0.820463165302106	0.8677937702602878
BCL2L1	0.8550721161489219	0.8381884038995362	0.7563464265742621	0.9391889081567761	0.8334680536485028	0.9927909806072036
PSMG1	0.8074291127851547	0.13907591636611574	0.29579451020276726	0.13645500278977504	0.18146983487896953	0.1548685401748447
EPG5	0.4358771622257478	0.3497557544763055	0.33884608379590087	0.3799935249888201	1.1100451060106262	0.36815260084746954
ITGB5	0.4221303566560127	0.8076698163946822	0.8817553912470256	0.8519192209376768	0.5082429207493275	0.8360929203992085
DICER1	0.7518277004044832	0.6936785112865209	0.934833032661554	0.3761101807956246	1.2223938045027423	0.6994879171444321
MCL1	0.9451743250650433	0.9683756734544541	0.996229828978872	0.9259177889879789	0.9318250250968174	1.0463491938506573
XYLT2	0.34600417831993746	0.9094342626952938	0.3917631299972694	1.1087918479747902	0.6359183126026864	0.8058541699654201
IPPK	0.12112455130129271	0.1873923980265911	0.17574003335398194	0.19337852769019412	0.2573901488946237	0.01995596442667645
PCBP2	1.0038886397049895	0.8414851970840446	0.9132230254241175	0.9568587287937202	0.9263049428785787	1.058522283731403
PTPN2	0.5072029315300858	0.6913353841704287	0.5924191715921614	1.5926472473810013e-06	0.5455573225254284	0.486624489950634
VPS13A	0.7981048645310328	0.5620507645466731	0.6272362007096258	0.41164472355807297	1.283925103105819	1.1573382274181077
FITM2	0.3987997004445265	0.021131289766967317	0.024431979902775156	0.8949013288185207	0.38777979806623775	0.43247728491074516
IKBKG	0.009043325202345869	0.15290607909590145	0.07435489396203034	0.24443935944712383	0.17153390129589796	2.8617598621729457e-05
RBCK1	0.8687929143135075	1.065681215290748	0.8006550752172961	0.9224185261376077	0.9334418830935285	1.007904161643049
CFLAR	0.47942045803474986	0.7756225070647159	0.7638155620884949	0.4641912500458168	1.0434377621675517	1.2201377452069313
EMC3	0.7131623603200771	0.17046877619686393	0.44446176861136105	0.3787180448636507	0.34203233414770395	0.16190929940458249
SETD1A	0.3650612039517323	0.7324663857425979	0.4726420314206066	0.9483454406882912	0.6917902159723718	0.7016506919721893
OTULIN	0.051097863798233216	0.27063498040035894	0.10844054967527912	0.0646846165257118	0.11723074770358848	0.39832526068317514
CHIC2	0.21048810197171106	0.22175219167471133	0.6916392448295655	0.2933388788728633	0.2116953399318116	0.36824284873515206
TCEB1	0.7616527979242617	0.33866004679745926	0.28226174815464844	0.09210102515710941	0.223833464671217	0.3182756034741635
RGP1	0.45705766229059647	0.43560803287704447	0.48808599052633456	0.9008584605812884	0.902925367800025	0.5966047246544973
TAB2	1.0100708749079228	0.8849200080217986	0.9179648176719399	0.5347349258019519	1.0281443368583454	0.9671972017105981
TMEM208	0.5232850340861694	0.4336396145965037	0.21340862621233797	0.8204720584927538	0.1204903883534724	0.4148058595342115
IST1	0.5490113562255322	0.5018007412378576	0.6059562171650202	0.4779942613801168	0.49628938045310744	0.8474935197331044
BAP1	0.4484739801403714	0.6115191078174195	0.7241507154140723	0.9883610541622158	0.9004397358065029	0.22973016975871605
UGP2	1.1655002617621666	0.5998383758681736	0.820147329314407	0.4859123628459089	0.6405811700672117	0.9518244205501205
EMC6	0.6995802979869141	0.23180993755759735	0.23304562092136058	0.5524680830337537	0.026644084874279262	0.35633096582130164
NCSTN	0.9172859258422786	0.8692819848669245	0.8065463120940437	0.8177867093574447	0.8464912627760519	1.0549049252180447
UBE2M	0.24914076772716506	0.21234208127870374	0.2215696623467517	0.4508869702275058	0.014273225251131751	0.2744800920344479
KDSR	0.7693842933675928	0.08673179652767266	0.4854265978414232	0.3953113298689706	0.4882303845450913	0.7484841116146674
BIRC5	0.29211030114226294	0.46522145123159037	8.288487634197625e-17	2.9584468589182027e-15	1.8707142105924475e-21	7.378987282057897e-21
VPS4B	0.5383283152845907	0.42223563715718915	0.776091687035432	0.40557111453188616	0.4788172957055447	0.7767743473036476
POLR1E	0.389622311028369	0.21686201246103903	0.3746545374874637	0.26109519367621536	0.2854443053838928	0.5200469165561643
NPM1	1.0691324679478373	0.8771177198117726	0.9249381873470651	0.8180810306674668	0.8850049905064984	1.1534762844083173
BARD1	0.1460641077828193	0.2343513402098211	0.2285110207841547	3.9364821923326415e-09	0.20128358443956554	0.16901795694185778
GPATCH1	0.20463111344554205	0.2617365832300758	0.0356750462550555	0.29546197143929565	0.5510854999559436	0.40406697105384226
L3MBTL2	0.06044125794090105	0.41767254317756425	0.27616890550155665	0.7306203077342	0.45035007843510166	0.444996179883809
TFB2M	0.5085205350032367	0.10047122558690462	0.05326699253908144	0.18060260269858577	0.21003629929176576	0.1837830682366251
MRE11A	0.4169508743557037	0.4026088294735712	0.40511737228470207	2.8364037866780664e-08	0.6836437741242605	0.6645471882883413
CENPO	0.19993705594331887	0.5473705384310587	1.647313237651212e-05	0.25181934874890716	0.24058832114173845	0.037731865487854434
CMAS	0.9747285812887576	0.37076492699907204	0.3838715424434695	0.32188450658597456	0.097591884070215	0.7459202724026746
MAPKAPK2	0.6557875815401345	0.7104119409918838	0.7523058603243626	0.8049033133300705	0.5233689566907693	0.8595535073466949
SART3	0.6749150879468082	0.7680574848266974	0.708066986872446	0.6121053703751341	0.7071486669305959	0.8852240289615936
KLF5	0.496077586832038	0.2320562419658757	0.7975342293952676	0.27269656668517644	0.2358993767123428	0.0003162122951262718
MRPL12	1.0894771573767956	0.7016095839525756	0.43925911602672396	1.3007597620978342	0.45056410591612905	0.5650993040014367
MAP3K7	0.701974031264162	0.5090960374898116	0.662217178662818	0.2654203347007445	0.7225343726355137	0.6536582821412991
UXS1	0.8472706174926198	0.307013701882199	0.48566126279935695	0.571407515859093	0.39640687234988037	0.297868904274229
NAA35	0.48196622439826925	0.2126192606204408	0.4443064457729669	0.20642917204917732	0.53901145197903	0.3558289819668523
RAB5C	0.8371831333171902	0.7256629232779513	0.9820562103991842	0.9055789825169562	0.5633839149493707	0.8096194792345435
MRPS15	0.9462695134530236	0.46187545873379743	0.5595704118271243	0.8317451386788578	0.35468669817779946	0.5702486311831789
TSG101	1.0455871082402732	0.5538115903428842	0.8134346927161883	0.6061508190293468	0.6589936843005663	0.9843760296010925
ATG12	0.08058527184679708	0.04845815888609779	0.0694431831487692	0.04585196993651206	0.07010616159967667	0.11778801785835939
ATG3	0.9155216479634407	0.4850334630268736	0.7609123095907645	0.05556193255748694	0.260948760084248	0.6560992444984153
ATG101	0.7756437419180876	0.546598827528183	0.5698801418595936	0.9279620440199373	0.1701561449639081	0.3358072490688502
PSMB8	0.14478448076650266	0.28141388169028886	0.09938826203846707	0.23513684273394111	2.574129093047495e-07	0.33872587855710196
SOCS1	0.33057364480077295	1.1863292964150225	0.7891806080483004	0.6121793606962987	0.09245600736068736	0.29232346670266135
VDAC2	0.6613304572037788	0.19851428082871517	0.32348144657073197	0.36380552077161915	0.029818659105943893	0.4712239851996419
JMJD6	0.19024674281025533	0.577110717972608	0.2634630001077177	0.3742990164648541	0.2684071267670454	0.17861374757187293
EI24	1.2413928683070368	0.5807342696665697	0.8151508473821851	0.6857763097081889	0.7395853533316958	0.9878010245673791
MED24	0.2541047881734613	0.6626455927949852	0.31327733127481316	0.9738888636762135	0.7139742387231574	0.45414877070114884
SAMD4A	1.0609947902682942e-08	0.28144480335682637	0.44867393065692773	0.5490030329864484	0.5241180795058213	0.19311036052016742
TMEM127	0.7330873460501441	0.5448365058415916	0.6578614586222964	0.8863222105801928	0.6571783288737041	0.7162113014100808
KDM5C	0.35005342206804924	0.8437184970057442	0.5661714455001553	0.9162543857891767	0.8671792411476726	0.5725075786167005
GLRX3	1.0706856344736237	0.711953719823848	0.6884251444828726	0.336212116592367	0.5014805677398251	0.8253498533508591
TNFAIP3	0.13353423016393395	1.2511724692541786	1.2650598181869646	0.4463582997429583	0.3325518832726081	1.159690736009042
SRCAP	0.9520838268750335	0.922638357836085	0.8881860051101637	0.9566977578758282	1.0060383689749965	1.0054244845167137
PCBP1	0.9984906941265913	0.9405602747360561	0.9281911705352818	0.9756418402170318	0.9703868620798103	1.0669528857191872
MED16	0.005620870347068409	0.664894006774708	0.37939239687328075	1.161008434289595	0.6015415697937969	0.5546972655144096
SETDB1	0.32083337826207714	0.744020098679411	0.27547430625763064	0.5850136341506498	0.9615101814465113	0.8739527656376643
RB1CC1	0.9867512628386065	0.5397012016844924	0.706792249568304	0.29438636019921344	1.0164052488669812	0.764660006742488
PSMB4	0.9933567684269025	0.9163563809750831	0.8787514651635647	0.9244194706551798	0.8589961651750633	1.0448995902513192
DNTTIP1	0.37474563124284654	1.0102626490522555	0.3828487123973698	0.3896518544171384	3.597785504194043e-12	0.5597051932219559
HUWE1	0.7715713091651609	0.8411319789412695	0.7541921533118814	0.8670728235664579	0.9482747728263994	0.9312125724910515
PRPF3	0.2693321832964357	0.7917779824504825	0.43866490435956573	0.4906658201213995	1.2682409599975217	0.9623621278721525
BECN1	0.827340350070866	0.5489505539084302	0.7652316727409851	0.6324750711862294	0.4950231491091051	0.7154724447120685
TNIP1	0.8805527976594658	0.9318816746914009	0.8955178198558247	0.9779953752309694	0.9116696518937288	1.1619998909608844
RPL28	0.34866065949352604	0.4220786788185185	0.32376716747716433	0.5369917569773109	0.0009154115193689726	0.40373711891779307
TAB1	0.07242782528447474	0.47805699150499725	0.3669473741040434	0.8917358915112593	0.6347867318808458	0.6026747924125306
PEX12	0.4518003483711488	0.0036108836007566194	0.08741880047247252	0.13888023177521377	0.2536358991936758	0.2576150812769229
ZC3H13	0.5657587819754621	0.32066419091746473	0.7282192915533955	0.34440769480620986	0.7797009811299456	0.6576432437931997
ATP6V0A1	0.8673490489234464	0.563183017848589	0.5294372937199191	0.8262264992505927	0.9657526081636282	1.0746097399630836
YEATS4	0.6031675390384067	0.20474248536395903	0.2254659974732026	0.13233186122842808	0.1941196080217761	0.2896684448575214
GRB2	0.7868534168631007	0.9190528280933726	0.8684034200625822	0.6811934327032646	0.5354720300061704	0.7675950125644622
INTS3	0.2086763502655907	0.6722755132364606	0.39323206219878776	0.6742383023257039	0.7637384410835734	0.9760253811301279
MBTPS1	0.7387089678843198	0.7216020383061698	0.7346475310348469	0.8595678309551021	0.9780033557054786	0.8595793012192948
HAUS4	0.24858464352181137	0.29168134015159747	0.47237950738585105	0.544301642553004	0.4638379504292453	0.6375688013571115
CSNK1A1	0.7185678281135306	0.6572065948843234	0.7194040155882301	0.4244728620667506	0.5377540373422904	1.0571937267585376
IGBP1	0.8520931418435226	0.6117240730269761	0.7860443975809446	0.750353873042538	0.7583616819838486	1.2020831245102321
MED9	0.07017452188832433	0.0004748470417751194	0.03178302686682623	0.15484403765876392	0.05261222403702604	0.06037830176218081
UBR4	0.6193760255425552	0.8599385463852341	0.7727332703244111	0.8798206164902588	1.0511948320436544	0.8589318958706741
YBEY	0.3224618361223259	0.052354877296970276	0.10249590802016832	0.21217109549667199	0.14557467529930224	0.3001590281705192
RFC2	0.3840556419745526	0.5880352652382622	0.25304007812147034	0.4079136331520544	0.061934703978492454	0.6753517627935892
DUSP11	0.19317479559610534	0.14008080364373388	0.16474739349856304	0.13664495206532243	0.37697660983555764	0.34923524313269183
TADA1	0.3308159377919317	0.014403912533866373	2.3788607098704892e-05	0.17550531106291453	0.2350419667086821	0.15856622080148758
TRAPPC1	0.889839300056735	0.8238415083811031	0.8969283023280362	0.8705411103334285	0.6599530112166491	0.9642038516355571
PTAR1	0.15314685069927111	0.03335771719406652	0.10512707899027848	0.1997435325361477	0.35379702303952065	0.24376806137205376
CANX	1.0447303703299946	0.9195461862116868	0.9174272170328154	0.8995790243745718	0.9276413903239112	1.118692602688701
PIGK	0.33494203970668734	0.011504724220815027	0.25031011749304233	0.06117056257568417	0.012969400621503977	0.2520152949887199
MAPK1	0.862838407498392	0.6713617858009511	0.8896678415625945	0.7215435004073366	0.7853151617738244	1.1940055573313313
SLC10A7	0.06235086672506303	0.11456975840099877	0.12762884991648063	0.022730302509948515	0.2759025066785916	0.15294781585047287
TPR	0.8717166401417139	0.8953905660546212	0.8545496744459999	0.606195977610357	1.0183503938861196	1.0497552736704254
PTPN1	0.8802137951535713	0.8897624537840887	1.0289750044764718	0.7339673713008777	0.6262379533267594	0.987924190148386
HNRNPF	0.8266930763289431	0.8784011435150894	0.8780123020343241	0.8031152852515331	0.6705183636070448	0.9190328671918868
SRGAP2	0.005721867487027134	0.4507302765045755	0.28477982497731413	0.19029806056860088	0.4408921808002679	0.38431978805238115
USP8	0.42831950598189245	0.1990224818169208	0.37327955555008435	0.14961071859655917	0.4625344161096916	0.48522749610318106
RANGAP1	0.5563119332854605	0.8432057653722111	0.5170353852624301	0.9124147237450354	0.6168502151614241	0.03350012480494641
GFPT1	1.1876982326277832	0.6468620343846567	0.7222564277460288	0.4005701471429653	0.4800178722374472	0.8976384487842561
COPE	0.8500328509711523	0.8994321074180838	0.8874624634097098	1.0761197913529703	0.7686315435466203	0.9194099781627605
ANAPC13	0.673898594343938	4.823840819386535e-21	0.5005551876622072	0.2951318625957407	0.03642188784082081	0.3333179082548728
STK11	0.17676969991967215	0.4795042855884243	0.45581928730515486	0.9828176115881277	0.5642838402712663	0.36624409383992
SMARCA4	0.8185398962368088	0.9594038446534761	0.8337462934489425	1.0290138513559164	0.9902398951407286	0.948329282762387
IPMK	0.13773119125723418	0.10258159551707036	0.11016470140282215	0.05346422474467737	0.0016596741365906247	0.2530559305632715
ANAPC15	0.47190614247357743	0.055235261684888765	0.3218689998452531	0.3741428038923535	0.1050721322546421	0.04828155177698226
BIRC2	0.858999065831302	0.7254826618727755	0.605769938580562	0.1850612429782916	0.984728559557742	1.0985756902215436
RBM10	0.3349775201863284	0.795925726409305	0.5385396239560859	0.9227053128285954	0.7788482407841532	0.6924161163594708
ANKRD35	0.02844914654202204	0.00876022575811739	0.014585446248989116	0.03231551324135745	0.031348574897773186	0.00019374731650370825
MTFP1	0.18865943009873717	0.010833921383302943	1.0508213426351568e-09	0.8145380071478209	3.699924351774589e-21	0.7730276246549934
DHX15	0.8589566628556202	0.871508938286938	0.8809014754567827	0.7477832425521896	0.9868051661527916	0.9850982377542187
SPTSSA	0.2891852932182284	0.0325939494584207	0.28797856452662923	0.24873497863102564	0.049454184507162026	3.3487908504590097e-17
UBE4B	0.5708632093452292	0.434216045375545	0.5536730479975431	0.6208884164820416	0.7904849659398197	0.6812683764993064
SMARCD3	0.22467184199886084	0.43644056237473017	0.746426071427847	0.6158171479866289	0.4803664563450851	9.072400680952186e-10
CCDC114	0.010676449961904602	0.057211046144867675	0.03219246373757536	0.03812036103480065	0.15259815220196013	3.455840136323988e-07
SHOC2	1.0864387290506048	0.6645298580660246	0.878875874029321	0.3583489539263982	0.8344222065875955	1.003813619224177
CUL2	0.6014026608218845	0.36739842220434965	0.29484865519362347	0.005734517259261167	0.38118145500112927	0.33322967662444125
PGM3	0.4496219526256739	0.4407176478028941	0.26460358861195077	0.07795378874637443	0.384527928591992	0.48132549704593547
TAMM41	0.15579899853231177	0.24152541085259013	0.21248210800485748	0.0682273489509305	0.5176722962906984	0.1598610281827975
ACTR5	0.02273142933407572	0.19144307294874993	0.0009844374834763667	0.2292919508686306	0.36842638495500857	0.15042036512420498
DNAJC9	0.15695524474398206	0.474267461969267	0.12910925188105088	0.3145104241011699	0.3447114235051365	0.06469275493184319
GET4	0.430322572118055	0.3167883754224	0.01677781461867295	0.9977334392697081	0.37380054168672483	0.09980944782135032
ROMO1	1.045949879684081	0.7922893387643729	0.8519450491857372	1.075467191778488	0.5006026604502473	0.9099069307209816
SOHLH1	0.05034979568503679	0.004556668656611375	3.5296871757892157e-19	0.023256812194429995	0.04151598892949725	3.149494333554894e-20
EMC8	0.2132550445151306	0.20349763226793793	0.14224886572437273	0.36119428509097995	0.15897515591076694	0.03149650556674775
RNASEH2C	0.2249420980777545	0.46763725259940586	0.6503801515114402	0.8587263681334897	0.5244146308857495	0.6025387177766445
PHB	1.0867673188762574	0.4845219640030907	0.5540478239735086	1.1591172761672042	0.4416339056772235	0.7747794380042377
CHTF8	0.6688883051928013	0.44361888339777017	0.38677987453687135	0.8350541622006544	0.6497684249479897	0.5270950258773053
SLC35A2	0.4077292225304941	0.3840961228887625	0.10918744437784327	0.4439238744451961	0.05558454817278493	0.12599579906336764
PPP4C	0.8452956603792822	0.9056005845907098	0.752573219667774	1.0314260600589507	0.7323645719883799	0.9008096241890272
RTTN	0.34978765545452545	0.3361030832559712	0.2016380817237897	0.21780192476971513	1.1053342188993112	0.49529045649897485
IARS	1.0200288029068731	0.8589187518470415	0.767000635535136	0.6426999480263966	0.769722354776518	0.8584321206279321
GNB1L	0.023362201831879547	0.059407714533588486	0.029922581093961224	0.08037858210172591	0.046164571404320766	0.017842273674695167
MRPS34	0.738892523831812	0.6639981114406752	0.5116925142198816	1.1747299360515095	0.24850569351911014	0.8884531559629943
CPSF1	0.07659918581264193	0.8637872562395389	0.34087808699379496	0.9004281097555311	0.9410025390279219	0.2773021894220405
EXOSC2	0.10727495230295432	0.18168456440744135	0.18493140735931976	0.20635198082303244	0.21190883079526307	0.2666152570055391
EMC4	0.9813207798263939	0.6451183759033802	0.7874977154214375	0.8415482387001907	0.7128246463982327	1.0091923731828858
TMEM165	0.9086203253338565	0.9738173400392063	1.0769452336497431	0.6825363510203044	0.7115740690388546	0.9511710521121384
VPS25	0.613708921439689	0.4140720969617016	0.3278309570246731	0.7127273561165658	0.09503768650686938	0.5192607955662059
RBBP4	0.42555484691003154	0.1271670872267816	0.27460117349635815	0.015475797037022343	0.21903727375678347	0.4170098839121414
MRPL38	0.6744738446530513	0.5487913978455816	0.4174848824004237	1.179063903764397	0.5456861538515279	0.511350101909561
ETNK1	0.3020262446623764	0.31557247543450895	0.1672500675293309	0.31450092102534494	0.3289846233884268	0.1887740282943232
CCZ1	1.0622305842696946	0.4986322165694404	0.7117792877430157	0.2665916969746161	0.5241135255077292	0.7683979065075959
TIMM50	0.6506038522383746	0.3282967510821051	0.26433738268997936	0.7257948270198518	0.1644741467486496	0.3295323332500993
NMNAT1	0.2480821540286697	0.028538005103951783	0.1306821154967407	0.25490201680086716	0.24795943348701374	0.1638456648874795
ADAR	0.9083429492344376	0.9661283267210428	0.873044552867979	0.8917892095692193	1.0006573890947543	1.026090389760595
SMC6	0.5431188561097156	0.46987564477728433	0.2805661909502055	9.246474699020863e-08	0.7995200324025749	0.49044597032517157
PPCS	0.4635288678189736	0.4157590466078999	0.12676882574496665	0.7023203739264399	0.2903514637793377	0.40064320352355565
WNT3	0.20628210852149195	0.15587553873511847	2.836412722956904e-21	0.17934290377134207	0.07211764766431039	1.459682556835611e-07
ACACA	0.9825800650522548	0.6868744087982522	0.36245146567975106	0.5307894558444636	0.79109001657655	0.10967257178090677
SOD2	1.015679070868889	0.951367014480134	0.9357440548025107	0.9779764617511787	0.9755809626671196	1.0771873982679727
NARS2	0.6243671604981372	0.0997775135238178	0.2781115136272296	0.514167344481953	0.7323331396896336	0.3357706504346082
COX7C	1.0626583031203938	0.9010788015349473	0.9323059110096099	0.922600816134098	0.9505572117258217	1.1028079285175647
ATG5	0.4683422749553076	0.2102543178110142	0.27718975408265284	0.009986764493358896	0.35885891335828984	0.23293772320333844
ATG9A	0.6149716436827241	0.5851606567529299	0.43571912021840087	0.9263472144078292	0.6988330713409554	0.4490058473021628
CD274	0.19864777921157617	0.4013984816705207	0.09758506396381901	3.115826830526497e-21	0.13071619283449362	7.305177346711581e-15
HIRA	0.35546133423736415	0.5737601714114932	0.2989001501092914	0.8393526090423868	0.7231464673514472	0.39200726945564557
MRPS9	0.6225744569468327	0.0219725067463836	0.24835381108896318	0.35882581011748543	0.31995043458231226	0.3722689780312315
MAP2K3	0.459604842698857	0.8837024625991083	0.9151295019231129	1.0639551067247244	0.7593391778651328	0.8192998014086895
WIPI2	0.5469843780219076	0.41479165199890417	0.3153198944330626	0.8046290350923095	0.38514686069716336	0.33084010524133695
VPS18	0.4257217573866424	0.4526150587656681	0.31116755028734244	1.0234317431371756	0.4887697595522859	0.04313621107874047
HM13	0.6888736411423908	0.9909573193004098	0.44456417783302515	0.614176179401688	0.053081879667884295	0.7766934302765633
PEX3	0.7060621735460243	0.14165046113727692	0.4671471942905294	0.17271437539310178	0.4576858951108587	0.6551761994200285
LRP10	0.5454539980201374	0.7126319822133805	0.8420899229741928	1.1808666654617708	0.6081048303321217	0.5511323573235942
USP9X	1.0285541479723235	0.8755970030564809	0.8858383392932826	0.8216357578094527	0.9934059273987389	1.0154773643941934
NDUFA11	0.7965438582206529	0.4818219086417884	0.6473637452689	1.1914145667748803	0.451808100846274	0.6393734603214298
NDUFB8	0.9603986473251673	0.7571297196061466	0.9259390809922173	0.9444334268214734	0.9144278658674261	0.9320126455998564
FURIN	0.7437568747593403	0.8946794410530375	0.8926213247879946	1.0875655804328377	0.924705805121404	0.8265334552072691
PCED1B	1.0255891070147877e-08	1.1696686733705375	0.6865810179180614	0.04167964965796114	0.4093585929794797	0.3535871329173705
PRPF39	0.3927786768053718	0.5290488332159086	0.4766446024605987	0.050702509854949715	1.0409744190400854	0.5537250076375544
SHFM1	1.0759005422357482	0.902227702029131	0.9760567396999764	0.8114596120861686	0.8084199774106993	1.1013891538985696
IRF1	0.04951367235114325	1.4457439705324422	0.7729454935137842	0.46028809888693095	0.7684571292297527	1.0930834939352292
SMG7	0.7940983311579317	0.6327900188036044	0.5642736267891472	0.5177531436196656	0.8688744973972546	1.013470324193633
PTPN11	1.252727806477792	0.4550057767413	0.7077243790099511	0.4087982336624868	0.5825928373125406	0.7740858297752643
CCNE1	0.28977790899969175	0.2846370814388302	0.02042543582430148	0.06812661494115249	0.0011639472490981059	1.0018670323478743e-13
MED14	0.8267408552863126	0.68950753123639	0.5878608933396461	0.3985558949678419	0.8922213799310715	0.9169106102254451
MTA2	0.6331431767590501	0.9803772633673562	0.9304773316824929	0.8543340023558734	0.8436016842593438	0.7365218696812887
MED26	8.801454821722075e-08	0.23560828872437017	0.22867086971021827	0.41059887477080864	0.18321904901280095	0.053986919027530306
NDUFB11	0.8890147704916528	0.53081737780843	0.6722569812796586	1.1759868059659382	0.39890113666054966	0.6919096728791261
ZNRD1	0.08425534864790109	0.015335782607268901	0.049416254586779125	0.068560307712888	0.02712857093365863	0.0702762550468521
UBE2G1	0.1869334227211806	0.06032318430207398	0.167548902851116	0.12550152851233437	0.049176837403250434	0.09215464868154816
INO80	0.35889602169442064	0.4449212142892531	0.40010564056962195	0.25942589452202186	0.7579423316188352	0.6055160712285922
MED20	0.13868337413006523	0.06519489638321485	0.031230132394592484	0.19276886830178702	0.18838677456444364	0.029958965141541047
CCNC	0.8387718689804561	0.08249254052826643	0.5356555831032551	0.18989240971155363	0.4034736882244991	0.3971520504323558
USP7	0.9363598797900926	0.6815366252639126	0.9146220796431632	0.5039394419672205	0.8549902555010714	0.8482370109320103
KCMF1	0.4096436768832216	0.2875371076941873	0.2303371519512462	0.1666437099868339	0.08349103190056896	0.2848876173930259
DSCC1	0.18018719746894332	0.11707109800302128	0.041898463460505436	3.602851189160088e-07	0.06539988731861107	0.0758552070701319
CHAF1A	0.23560398875817526	0.9679133719138594	0.11806436189070511	0.4460922216198093	0.42379300781777945	0.308321963837912
LEMD2	0.057238962695420455	0.5968549298066215	0.44537250466863443	0.8845681989561094	0.4548019225765698	0.4395954665301738
RPAP2	0.37480281982994995	0.2513068008634631	0.35069602451127924	1.9951692636938096e-09	0.5111927726030182	0.45027015658093533
HNRNPAB	0.928470252981086	0.9292337117482897	0.8832267697406585	0.7764798740358813	0.4188240416518057	0.8946893911774252
CDK8	0.6468803075514385	0.11942662392477742	0.4590072007341006	0.17237915080196087	0.5258207554894107	0.18915662286815998
FBXO28	0.18933244425183435	0.14248616267086653	0.10471848487111884	0.13967889970390246	0.10661542347456143	0.2997248530457636
PARP9	0.17835526918310948	0.9287297980572262	0.37028302785181094	0.07989237464837334	0.462100698822613	0.5681614119916847
ZC3H3	0.32912624512256783	0.9596009445371952	0.504908613165213	1.064105644943044	0.8398095718898589	0.5664320601964719
DPH5	0.41559409413109955	0.0853278439508688	0.14075093438820682	0.08828450275869272	0.14913946528655556	0.27916702081075023
ORC5	0.5883517066375159	0.16777740711128278	0.11984469818391916	0.009377146192947607	0.2945349313306103	0.21514599714083232
ELAVL1	0.3960117815880637	0.30619349869572265	0.37785005763936946	0.4759744722699912	0.1108557951855385	0.3340160295666724
CCDC115	0.021505547335148523	0.0661282169774803	0.11941570836228192	0.3723107067371292	0.08701976761688676	0.2268245089654545
SLTM	0.6633255731911065	0.7720680257591386	0.8372564373661368	0.571622023035759	0.8897004347214579	0.9187065622912166
CHP1	1.3215974795694745	0.3201195529324265	0.8041886884091801	0.8526913753275468	0.6422287797721621	0.7110939007419117
DCP1A	0.06332796538247433	0.07626973252783317	0.11650609102043646	0.10497785010112205	0.12232727835208457	0.07486101559284052
NSFL1C	0.31554177038651526	0.4477001315075589	0.5068908501974111	0.6469684214403016	0.09336759573239281	0.6214263988386802
ZC3HC1	0.4531428815620815	0.4203635051941608	4.4980530199019695e-07	0.6721470893150838	0.3423455676703604	1.0078130598028263
NGLY1	0.5026222278250757	0.4736657106740389	0.48229957182403915	0.16532832993461863	0.48788930121798496	0.33486267805677533
CHTF18	3.861134229931679e-21	0.5264210914692935	2.5071695028564808e-11	0.34090625818706455	0.349001692110483	1.6122372062849577e-05
PDCD10	1.0464105532961	0.7247878979277804	0.9068773956154352	0.162631361648319	0.5363383679522823	0.9269408842811828
ETS1	0.4788186719996896	0.9050540508354666	1.2570393436223108	0.4826734045436227	0.8227862984859388	1.2727439023734173
VPS29	1.0329008045100398	0.8188280718516235	0.8570899796729602	0.5500093379971442	0.847040004453533	1.0960697573210054
AARS	0.9831264947496496	0.8830592265327364	0.7978361076398035	0.9506466828040173	0.877151458855163	0.8961618324991427
RQCD1	0.5843557184001259	0.4988983657921938	0.5042385854380638	0.18483309423075003	0.42704613869499247	0.48889152375193873
ARID4A	0.5185978093880039	0.3660234399440697	0.7565007242876696	0.09836553854968001	0.976006599552146	0.8726353275075076
INTS10	0.7496778742777669	0.5785133170383656	0.6857715507955108	0.5483679673954389	0.9373167441393973	0.6227886046580628
UFL1	0.5259887515563741	0.310360764945935	0.36642572090182524	0.17659076626102332	0.5305779994996311	0.7915901119970966
XPO7	0.8502859532285832	0.4331977260347619	0.6031455535736139	0.5583470971970532	0.8581340137153701	0.6385350401983342
PTK2	0.9624605288768183	0.7086468299721352	0.8080045797135699	0.7669753967841202	1.0192318313811002	0.9538799294015717
YIPF5	0.8097540172074528	0.34196593526568575	0.35321529173683947	0.03142114031179316	0.15310152113512673	0.9148462332753583
NSD1	0.6017948771309845	0.9076022441343327	0.6252187441093484	0.6333981635814209	1.0668912785388251	0.9852505869524751
HNRNPR	0.6643169731492304	0.8482576550075738	0.9839323409949398	0.6760592532565284	0.7099173265499191	0.8813402641159038
RIC1	0.4699341757781177	0.9116090628977744	0.7401226260788363	0.3705622421080696	1.0314896223937806	0.7008455633161532
N6AMT1	0.09064494445736417	0.039009650777316676	0.04143767206546523	0.17896129615142992	0.26782406620665367	0.1169443927988268
ISCA2	0.3610841527577764	5.591135488496888e-07	0.1822871416380883	0.36738932660079543	0.2845964843206604	0.08842149891099334
BCOR	0.42218955009762116	0.6324640279408063	0.5538654988159897	0.7662110059597672	0.8674827885285199	0.6482051373736857
ATXN2L	0.8705309669592711	0.9693191321308041	0.8419856026573096	0.9601166767425637	0.9440627106685957	0.9843161503364568
PIGU	0.7620893386436692	0.3120892675755574	0.2810055438860833	0.2386520739653317	0.09852650004019663	0.43186869929072075
PARS2	0.1796565517396238	0.0464852490529934	8.356358807017573e-12	0.2931381456869462	0.20881869201819075	0.09942639399841854
HSPH1	1.0836939237862713	0.7832125038862939	0.778112987049508	0.30179997956223886	0.4454165987080118	0.24658543360901752
SLC35A3	0.7368149611800128	0.03983213677388962	0.2187660665571682	9.949516639007682e-08	0.43682740681373633	0.5110502573891487
TBC1D22A	0.12133831894056238	0.7420863691744048	0.4275671659726852	0.5506092320349738	0.5936263126963195	0.6735638435263015
RNF4	0.206638680622796	0.27305196482383726	0.3311679091534861	0.23690547078403987	0.03616632053633948	0.27504970080984376
TDP1	0.30350060919303656	0.4270692817582257	0.2978777482116457	0.09491500005289766	0.3687320925241615	0.3536554181287293
CDIPT	0.5823751428356628	0.18433579481255222	0.492644936507515	0.9630811172199446	0.24741991490938609	0.7536160153483205
PIGB	0.45758670949784785	0.23974410696046144	0.20555658811839755	0.013503572704182664	0.34702048096029403	0.5716751967342218
SHARPIN	0.6040230812477513	0.8309868327069703	0.511580792594357	1.1849428099228494	0.6460979786674474	0.7150291397100623
PQBP1	0.4458626232423111	0.5158434072784358	0.6143085943157304	0.8393299508709453	0.4122023909793884	0.7396264896809042
R3HCC1L	0.3416424681850852	0.4640660837874951	0.2117728756592429	0.0002537124435355056	0.7327341542056138	0.37525760052487533
PRPF6	0.8260198030319769	0.8864975226657604	0.8479677219580236	0.9566549258703928	0.9286587029551309	1.0379442160819248
CAND1	0.9753206508243748	0.7557583928425151	0.6416975765909878	0.3558428397136328	0.789665647611085	0.9616930635987813
KHNYN	4.910735762782411e-16	0.39467079294024077	0.281156868315104	0.6928149366152858	0.6857704570520128	0.1345027212321667
MED19	0.15264174732144908	0.08403726321835485	0.1100526045242841	0.13290867836022308	0.04754927865227078	0.13703850923583447
UNC50	1.0166600942172856	0.43189621723552146	0.6486296540134959	0.28279218973092807	0.4957762497699484	0.8438318982795349
ZC3HAV1	0.5837399049166025	0.9125710205951806	0.6149628725126863	0.2441135026597739	0.8078123618248282	0.6806831734733244
RAI14	0.6956217779353453	0.5641297628720167	0.6062157270305234	0.0623121266071525	0.5641135155531091	0.859295700142967
PCGF1	0.16630958615032668	0.0859514920616932	0.020759099143011186	0.15955254196231727	0.13689583574562625	0.24431804824238787
TMEM117	0.32812748027324734	0.057159337533327394	0.09844307950142626	0.022336567910902175	0.18432400864703005	3.0536067604959434e-21
PIGW	0.25582814417348004	0.03486300794461416	0.02933218939461394	0.020829527125903295	0.1149421837576456	0.03792059875687488
TCEB2	0.7972387625962185	0.3597529283730038	0.46534702137207795	0.9040944517743473	0.1578299536548992	0.48431054895852094
CHMP5	0.5712468490949472	0.29520043130095025	0.5868670478304042	0.187595640660468	0.17198673351480315	0.6430721068655323
TSR2	0.476714241221752	5.390758562735895e-06	0.5728816125143156	0.5410377666823913	0.0641362324555398	0.4227689572081754
URB2	0.19104240345479512	0.262735624592405	0.08255225666583536	0.23462680376217754	0.2554928083437499	0.021896721010979257
LMNA	0.7408741353974283	0.940159735150109	1.041626456455753	1.0126190223136065	0.8503405342706337	0.9710434429854798
PAN2	0.053683620379621856	0.43976047447324246	0.06324283375071796	0.5878106860571121	0.929287597289901	0.7192082472189053
DARS	0.9676952119950613	0.7813849994823167	0.848250102689892	0.6868540931052296	0.7851178187414894	1.3221654732295127
STARD7	1.0488682327307588	0.33813761465978154	0.5768995384251053	0.7612425614262158	0.5353970023403356	0.5557616262028141
ZC3H18	0.402340916346123	0.7280092131652907	0.6843543266562035	0.8121732439129595	0.6241602879701045	0.6797580542700282
KLHDC7B	1.8891973497898798e-05	0.283994911134663	0.14531146343479828	0.11007598956236597	1.848946451102031e-19	4.084154051007555e-21
TRNAU1AP	0.00342727930901137	0.3865036233617926	0.3617688275442166	0.2869454960138654	0.2344469422656518	0.5806396040823536
RBSN	0.20206136610273093	0.33571283639731525	0.4289884161560892	0.308770321069999	0.6766618588162802	0.07599533087008191
EIF2B5	0.46646494229940105	0.7176109392011593	0.44207797213905414	0.749042986949585	0.8704776761752528	0.8114184625125505
PRRC2C	0.9577802425446088	0.96230772084111	0.8952907061182565	0.8386445111973	0.9935739409444786	1.085517032757392
MYL6	1.0088540823663896	0.9407761443138197	0.9571686265298499	0.9601468055585842	0.9576647961557208	1.0454966776301646
PDS5A	0.9418801602757	0.7392129252128716	0.8028975369664985	0.48334493134493217	0.901710520690701	0.9871979694933956
TUBB2A	0.8515934832867209	0.4338883819233807	0.3703316234432609	0.43004356281544426	0.12342564762507399	2.3011938885640897e-21
SMC5	0.24241152871350694	0.512858606527398	0.5940775579609135	0.07414671536797399	0.8687820610679173	0.5383570355826054
CEBPG	0.9555440765008926	0.31645254816229695	0.29284294707011277	0.09344445454754699	0.5211530889059872	0.24837366534239247
GAS2L2	0.03646873575062988	0.029073210275574288	0.01840221726737374	0.015520451285735336	0.03937861002476603	0.02096766610865623
LSM11	0.0549071414397475	0.04950538905446693	0.0339189237138346	0.11959719541235014	0.08019168509675816	0.07256510614950237
ORC3	0.37573302018033944	0.19450489271928034	0.18689865033859343	6.704277529610009e-05	0.4442213353571034	0.4729935948802366
SRP72	0.9871002703899535	0.5943630976152763	0.7106790700793917	0.22445629250586355	0.5593861960213743	0.8983702139052309
TOR2A	0.03786680504222964	0.097513648499799	0.07165856218922398	0.1978642863698416	0.10393945988874995	0.007874776189077896
MRPL50	0.43729264284774144	1.877311998874719e-16	0.27010503434414607	0.024099538025919628	0.27548239909363414	0.21906325347694997
MINOS1	0.019467906288006754	0.023323231045608822	0.04604842469237946	0.039849485889389226	0.03854204114452735	0.03875489032784048
GLP1R	0.0632123625018029	0.020382475576893246	1.832644823313928e-21	0.02370853072665563	0.08474734507378859	0.01647859170136325
TFRC	1.0138062190302415	0.9773764398983478	1.0373074663173572	0.47746207281256353	0.4062937527487054	0.9275536192429861
INPP5K	0.00018993855802130683	0.23740624723078735	0.3333261332592501	0.5220236528397177	0.45617790765339483	0.4722261431659017
FAM50A	0.3823467854511539	0.7449819299115014	0.6373226964075984	0.808725256199168	0.27338843584712413	0.5291673590921626
FBXL18	0.037576913202580366	0.14536281205498508	0.022578872645718524	0.2537893583897321	0.15358123602585197	2.5931394206831874e-05
PSENEN	1.085941770182112	0.8689720922087211	0.8830280373724129	0.8268459359809803	0.7627257131264344	1.0087681104622168
SMARCB1	0.8486700277752471	0.8610613646140736	0.8841486627172742	0.9939445607259597	0.8929400061656824	0.9923721864218128
USP18	0.10945404470011547	0.47987394730200955	0.04073203777697071	0.1783929234573574	0.11447343801222216	0.2408118956664263
FECH	0.4883666355032402	1.8248405667647137e-08	0.24050943362649277	0.41635518755950074	0.5181427462922032	0.15322182862061362
VTI1B	0.2947478416773525	5.528299137174803e-10	0.18066904106861176	0.17124381116903156	0.2827750342378338	0.12243003034135018
SDHA	0.8441320121024668	0.7815623534212143	0.8065022269265177	1.0496222688870354	0.8691442129082618	1.0991520790961276
DDI2	0.07197097635414956	0.05439346277476181	0.09525817056002847	0.1747540974184319	0.17674740872391115	0.10307664936060162
TUBGCP4	0.38490377899239187	0.21973744948114474	0.11480903834206377	0.34117004982028826	0.6096009758226711	0.41813632827612557
CLUH	0.5259179662656419	0.4813426824544719	0.08489714497874332	1.476421670762313	0.8660595800604886	0.7164928508313235
EID2	0.26050904847470396	0.059608148731093304	0.21937652822275663	0.24530617169289967	0.17893656361992244	0.09153248293920745
COX4I1	1.0288029598095436	0.9278135392397622	0.9233502816237142	0.993585993707004	0.9638885675990317	1.04411269852493
PRPF40A	0.6598277492093625	0.5725068002489139	0.5233662949140178	0.10653373828917084	0.37725206928532	0.6414488641677507
RPN2	1.027713406439388	0.9581071707751468	0.9253884258561067	0.9413050763403008	0.9176918678485472	1.0594531315567783
MDH2	1.0165255597226248	0.5356228437325208	0.5049562938065242	1.0665154119110332	0.02377543920413628	0.7399476457502071
EWSR1	0.894380041739921	0.9406095265364476	0.9056739123441938	0.9078444697606832	1.0155938505818198	1.0141980402022273
KEAP1	0.5406353142962095	0.7437857176258907	0.4406991646798599	1.091704216686368	0.6861939553818409	0.7746607037300961
GPATCH8	0.5012012057352733	0.6553394366527611	0.5896623844183618	0.4988935882906179	1.0176496587686015	0.7412522207934917
WDR7	0.2975518911667053	0.44781601964516904	0.4858017822330495	0.2271335672321518	0.991670281235429	0.4618726321769872
RPIA	0.553162657679782	0.3717483975352066	0.43454003300183836	0.3215356347537685	0.4489751609131906	0.23682615285828532
OCRL	1.0574470218138161	0.40377735819118543	0.5015837734719992	0.4679690089414063	0.6065590263418177	0.5673108654273408
SEH1L	0.6450697972544209	0.15940679187546086	0.4382333085550638	0.28445511142368146	0.22432066420878666	0.5291511081800425
AZI2	0.38412177048561696	0.15537132768027126	0.5140331859184278	2.595962096784683e-06	0.31040730692503	0.12936984792734812
PIGS	0.468404014526951	0.3113246233954533	0.31460095418762163	0.7826694757732978	0.2315324512720377	0.5498456347416378
PGLYRP1	0.023892882832509992	0.00824932342715271	0.018721456270396505	0.0370397053838767	0.03525051658983232	3.5628334707890295e-07
PISD	0.01466448378260841	0.41987855596904605	0.24335191602458917	0.894559803207463	0.4981808681288455	0.36332675190924685
HDAC1	0.5688418409530607	0.906372981462986	0.8293630138724082	0.5850641266479668	0.8120626862187256	0.8697100742260334
NADK	0.15980864065218756	0.6612682607656283	0.5031921990160394	0.9030031274314332	0.43483955251512857	0.005425014618405567
METTL3	0.22094302357601747	0.7275329961111963	0.6402581181260099	0.6178236940145949	1.188701465634361	0.603574704015818
LSM10	0.5295648736304353	0.5813358689448291	0.4493267403862598	0.6795838822106018	0.2983748120204552	0.01626643443954708
MTA1	0.12244105017237569	0.7116258593180693	0.5759911767952599	0.9708870028315765	1.0619868820767193	0.42137437025288477
METAP1	0.23623670106587144	0.07952074590117722	0.24550376800931178	0.07896696740889299	0.12619963946010998	0.2118318344838579
DPH7	4.369495125982105e-18	0.3139255397350601	0.12241665875681235	0.34454733467111376	0.5302962385186749	1.3879904797279292e-05
GNL2	0.5887162292231686	0.7306472284650543	0.6525923126611854	0.44209665565265555	0.25988131184380997	0.7842324021042723
COPA	0.8517957482249	0.8641333224239062	0.8466684762026406	0.738575164127153	0.7804810327743869	0.9979784231432987
PUM1	0.5718367153049506	0.7216986453892638	0.8062316347245321	0.72709568694174	0.8276668832504428	0.9344893084465333
PDCD6IP	0.7466940484926913	0.7204076727910439	0.8302305062487164	0.45805981681472396	0.8422109409439948	0.5678862574770115
CALHM1	0.03607676930496927	0.00960847182127361	0.003650832231584802	0.019190322742293806	0.026808470635882622	0.010274385505877474
RBMS1	0.3397285740219058	0.5704037829805927	1.091586341562159	0.15964577912177438	0.4507662411051133	0.508362033333071
COA7	0.2715553917496576	0.05142680551108703	0.07489747425102523	0.240502490089416	0.1120005609750785	0.006151352328714199
MRPL15	1.1439754481521935	0.20436880004800653	0.20104334655872316	0.4968854914701172	0.05250045110364067	0.325992981125114
BRAT1	0.09382949268061129	0.7484124981974483	0.3653729032775541	1.1863573241747005	0.6109240923982387	0.4304288379085467
SACM1L	0.9696831180833037	0.4026321492103701	0.8439825304240312	0.09823036870983841	0.6760201387933709	0.4191615021400651
SLC25A22	0.38891326203704385	0.7565513379117034	0.12824979858168142	0.7561569093247507	0.2514156236171523	9.46821230174919e-09
ATMIN	1.003123204133926	0.2592323544418666	0.36565939049304763	0.41458773205616334	0.717200915848828	0.6309722273637728
TBX1	3.888937142625979e-21	0.14408886900058018	0.16626085442827876	7.108113823348794e-19	0.24965605489558748	1.2601768409052824e-21
ILK	0.7476674767979303	0.8683366486097527	0.9517189651976129	0.8917539428928366	0.9260768522837565	1.04987134195771
LIPT1	0.24852560869366952	0.07236689336831316	1.445214707388512e-05	0.003615932400354541	0.3977275936697678	0.2227683239632391
ATP1B3	0.6705705432169261	0.5729001700771088	1.2049693736874247	0.6256060188960353	0.012458771208924394	0.5199843757742316
DPH6	0.09804660976324761	1.251144072297825e-05	0.039399468836474986	0.06622889747422674	0.15339485095077754	0.09789396192126903
AHCY	1.1035796791516477	0.49229788192869983	0.37355602877334587	1.052583493570436	0.4601607897555618	0.845080341617316
VMP1	0.6812600201960387	0.9885757985098346	1.1461649690938422	0.54436520747108	0.4372578415763166	1.1955873710497253
TMEM259	0.4643031238331993	0.9772302807162645	0.6825620207451617	1.1415665301286757	0.9896091922644585	0.8586099089750173
PPP2R4	0.6281745664317218	0.770385517157327	0.6584378601877923	0.9791299743495882	0.6070123880531064	0.8518688999807524
TSC1	0.3566400031380768	0.39517014212324764	0.36280560720822513	0.5831813775415868	1.3508137561136657	0.5504598878907105
COG4	0.5399576083734716	0.8251840529229134	0.4889531448424368	0.8826515740856313	1.0293643994063424	0.7814903670375019
URM1	0.0684054051931368	0.029303789706065807	0.08400139424168448	0.16011949925921484	0.035843458310154085	0.07192717363690207
LIPT2	0.06204198652915493	0.0051203315971035885	7.293440604699598e-15	0.1750444361990606	0.09670871378837187	0.08703245644065936
NOA1	0.545023014584316	0.46480445403678716	0.4289392843773345	0.7843399808644792	0.5667257436456449	0.6159101998088591
POLD1	0.08697663808157173	1.0844194066230826	0.21158403326204045	0.7510920417760871	0.5019374175058227	0.37705255286768846
MTX1	0.2810572369432354	0.1574422360708567	0.07526231344887704	0.41599480117626775	0.036331495892738694	0.24487592406284017
ATPAF2	0.299419273629289	0.21513238955853656	0.31840670913009017	0.6439364798286419	0.44907771957402387	0.3639664972752779
DAP	1.075476495295289	0.49350879557831234	0.7691892820655089	0.6782743934852979	0.5747347122447282	0.7722540505822169
TERT	6.936008279584928e-13	0.09870485613972364	1.657655848554809e-21	0.05752654040259494	0.1466829181724006	3.8416989088267197e-13
PCNP	0.6269818795427127	0.2198060437932645	0.6167210775263879	0.03476227529374386	0.19328637659756728	0.7741966038763138
YAP1	0.8571048548301802	0.5362990866497545	0.9951860303948221	0.5633101869691293	0.735207277657809	0.9684101589020261
CDC20	0.15899818100598537	0.4603983351627514	1.3801283749698975e-07	0.03599331177705302	2.332634349545328e-21	2.071961429481319e-10
THTPA	1.233286944522752e-11	0.1001600200301886	0.09839297472158753	0.4162453285091449	0.3626469875074141	0.03685046367974379
RPS28	0.2522776365318265	0.2755188478757958	0.2598585668070283	0.7214773640261583	0.2886998065397634	0.48536415848692543
DOLK	0.3271965893022991	0.17578299074893614	0.24671812449525007	0.6291879298325359	0.40096986404875146	3.879182319485661e-08
C1QL2	0.03133858854241015	0.007506828261834066	0.009095392508083541	0.02352400543840282	0.018079426979258743	0.01362119214518676
B4GALT5	0.9988338074653971	0.8653949585578673	0.7923345285363532	0.790294693043942	0.7443025581634511	1.1734287611092855
VRK1	0.7275550272110407	0.5026985652817757	0.7551133064246661	7.731000676976368e-07	0.41057108325931	0.43694325081275043
GFM1	1.2316588517153082	0.4688645586335528	0.6018198462967794	0.4378990203006112	0.7395497805355091	0.6690070994899413
SIRT7	5.868725112202039e-07	0.8090133395188857	0.07138385329912346	0.713451656194967	0.6273218936828178	0.17211713559249758
IL18RAP	3.4217275020566684e-21	0.10755740743192342	0.25932049373773375	0.02598236220991883	0.16244512305823086	0.08280602660405961
RAD51D	0.31656455191027816	0.5417224772972014	0.10843959581411236	0.27715083165664384	0.652513606510539	0.3103985150197714
PPP2R1A	0.9735445862592421	0.8975295413589958	0.9210159861202439	1.0086532663614578	0.9235504535332861	1.0235533051619319
PHF23	0.495901805437411	0.6577729999608544	0.441123664099903	0.7587301028202467	0.5988104396695075	0.4369114650703654
TPSG1	6.129077977944795e-17	0.32479497446688177	0.0003054275200552954	0.10595758027642262	1.0126631440313687e-13	0.31660901638357763
BABAM1	0.7117410214761177	0.7341415065837272	0.6937323512810923	0.97912595992422	0.6538145377048495	0.8162509814897815
KLF3	0.4936560794989574	0.3902529891846168	0.5704386614303542	0.4939379620117312	0.6205637616015306	0.4016358316294178
NIPA2	1.0121244221847439	0.4496727156389509	0.44441122558167045	0.13539443406237087	0.37803384005662066	0.324215663889388
AURKB	0.18766053121050294	0.800224973673531	0.02061146632272608	4.6965386543729705e-09	9.5888764454057e-21	0.06268061226536108
PSEN1	0.942633236810999	0.3141927368055857	0.7024598603205041	0.30702604612091366	0.7083373797897305	0.5373145362345236
RMND5A	0.5531529899903841	1.213095413928715e-18	0.21393221725753545	0.13878859825173068	0.5175948720529585	0.26988662772472255
WWTR1	0.6999179149868756	0.7920812894944884	0.9634001002070043	0.6070722324306718	0.7164283238732894	1.3256803942566562
NFRKB	0.0004116289892704382	0.35978700016515164	0.08070171467966088	0.4849656992781881	0.7174138728046248	0.3335444188202779
CBR3	0.06917130213782069	0.18239082726791603	0.16942179406712973	0.10054943964250489	0.04216768306915958	0.12813923539035743
EFNB1	0.15559634755880128	0.570094064471864	0.7801882095571492	0.8542758861757968	0.48152976464680136	0.6463397531146124
RAB35	0.536691922672586	0.8639770542407427	0.7784845855014048	0.6837147396608516	0.39558800776463204	0.6838468535188397
PIK3C3	0.656771087888114	0.4881672619794627	0.7184221413104787	0.31309880783740174	0.9519102543188778	0.9955573633991203
ASNA1	0.816314738774871	0.5921983542921386	0.6457498268552907	1.0526731058755423	0.4016732707028132	0.8762623396824388
WDR45	0.12042403136237066	0.4227589450391623	0.301369320809072	0.7628083713813618	0.5570957982872367	0.4166285454142074
PPP1R14A	3.404090235826773e-20	3.30966555641735e-21	1.5782228797713882	0.5123818291689304	0.17595152967897126	0.017438289652590845
PPP1R2	0.5507405627662708	0.1746387862701405	0.7244582125886235	0.00022454987255204933	0.013004231141688614	0.44103712693950176
SERBP1	0.7912472026202184	0.520883187993981	0.9164345216433315	0.4430619647649095	0.027927848946036272	0.9616686211851372
SLC4A7	0.5513739333489022	0.8497289593684807	1.011355636171181	0.14869551997116656	0.5747537807862519	1.1289975160567864
PAX3	0.05309208164541413	0.025276752067551905	2.527527075647334e-21	0.008834904617311814	0.05313281733761022	1.6522446695433747e-18
DIS3	0.4681107278176042	0.3237219247063575	0.4583082009683813	0.07638374660035027	0.6029853050444918	0.6664808102085185
PRRC2A	0.32823136396837865	0.572801091369854	0.45454637379679247	0.8493278008459806	0.5294001479377178	0.35978400332033905
ATP13A1	0.4023802812106941	0.9785416455386684	0.5004208483708686	1.0404714459951008	0.8613455459495281	0.6429723214801485
PIGX	0.5011079246674108	0.014415747541130982	0.12610718291640868	0.07602575185230498	0.09434682176312524	0.30592780351244936
COL6A6	1.8636149901592055e-21	0.018430246963880834	0.10803038727066673	9.912799952884e-22	0.21160301791959332	7.632544724604322e-22
CDS2	0.4812486426265632	0.004612159013486068	0.3144766663407189	0.3727511866870029	0.37839549416396745	0.2667690123802128
PRRC2B	0.6003303827158981	0.8675984890705	0.8534053110932853	1.012774222043907	1.0270022909020904	0.8819536121011485
PIAS1	0.6372761066413349	0.4867920232482402	0.7174590972395729	0.1986229424435555	0.6793188959473194	0.782700794121602
EXOSC5	0.1312670798284957	0.44273900024455787	0.0001726625494708731	0.7921967104571309	0.027175328118821042	0.6610379925414166
SLC25A29	1.07048883093897e-11	0.1355282783376041	0.27526792436634895	0.6580678761397802	0.6563552126058431	1.57054299018459e-09
RNF114	0.956077672047962	0.7185657879129239	0.6265147270027865	0.6169291071970233	0.6653386567101025	0.9412825380535756
RPE	0.3046319075231807	0.22014400532160588	0.23068215507522896	0.13873805256095972	0.372913176189752	0.29217552514781414
UXT	0.8691135731058157	0.5628343282241811	0.7568817375544021	0.7418312392647823	0.36193467201378704	0.8805881413233054
SYNPO	0.6876843752408691	0.8816543846860411	0.9943803076032264	0.9418174279696563	0.8996386241812779	1.228685786671861
NUDC	0.8188292938568781	0.6651315538227488	0.8507515916581607	0.9655772796900975	0.4435511176685697	0.8461491706769386
RNASEH2A	0.4238705971367011	0.722602362773704	0.1214529583701597	0.4067076403461857	7.643812445633228e-06	0.2819810736910698
MRPL47	1.1960603047340908	0.32945251685363947	0.6098602201879159	0.22911012549725493	0.19108108613432323	0.5926458380402747
DUSP23	0.919842149742473	0.7634094175301641	0.7509663709509038	1.0388319064274627	0.6249516846731322	1.2045052358643236
PLEKHA5	0.48446820200592616	0.5003142812122384	0.13239605302630778	0.3373510709874114	0.5193103676294976	1.565990092271263
MESDC1	0.0036522473757967092	0.4411267802128944	0.4133246362067108	0.5604174521500898	0.3331583704290626	0.1347728785298694
D2HGDH	0.3091155893133851	0.6832468412288386	0.5222760674595589	1.13966559412736	1.285422412874859	0.8132951952547377
OGT	0.888708414908174	0.9637903757601096	0.9132362075767806	0.8440197588430972	1.0546710932175263	1.064280480747319
DIDO1	0.3081781245332199	0.8143130489212859	0.42924411123412587	0.8016487068814667	0.942996349004696	0.7038660661993184
SDHB	1.0501344843665614	0.6087249702135833	0.8008056874255027	0.9495222812274254	0.6630787198772432	0.9022702319971294
CHMP4C	0.3916553032515392	2.1428485358190017e-10	0.08529238717776463	0.25049363808644365	6.457703855817361e-06	0.33360247159153017
NT5C	0.1513663102400099	0.6098363309350067	0.40861993668497626	0.8442804910715989	0.2034881978992257	0.6718138431346414
RASAL1	0.1567816249743756	3.0011489902061936e-07	1.8896660936200946e-20	0.8383616577019938	0.15656925734436464	0.47152089509867556
LRP12	0.5273538511710069	0.4434755471943459	0.42756086429103857	0.0362145317012332	0.14337373431917963	0.13602201501728423
INTS8	0.7564998616181873	0.7479774790501713	0.42688928452038827	0.1536545231516307	0.84817213342367	0.8022946012685216
RNF168	0.7793796463877937	0.8444268391894761	1.0012234037856276	0.6206490516346176	0.7963020380721182	0.9683130822099555
ATP2B1	0.6603504082895038	0.5945036496150982	0.9608841091155226	0.14101087569187842	0.573746687697953	0.38954410335150536
ARIH1	0.9274342936118183	0.6049618574286836	0.8659636446702041	0.5321644439652599	0.8195277415727665	0.8557243805814617
RRM2B	1.1071731718758018	0.2908943262425691	0.5757100661419223	0.08170269070566921	0.3379835773900882	0.9341018949080897
TAF6L	0.04003180201868559	0.23560340734757973	0.08928443313760144	0.6105452985736559	0.4772198699237942	0.10220919985889014
RPF2	0.3086741011961641	0.02659152716693812	0.12473086454132276	0.0020463071044319807	0.022781861537037696	0.32469119972443256
TFAP2A	0.5265605970029492	0.4650167182024909	0.09333015157249092	0.07275087145246824	6.476332152738289e-10	1.5685790601517092e-17
BDP1	0.2898328887388351	0.3233736911076215	0.24887309080360218	0.09318138421386757	0.7113447113247879	0.5652058001341195
GNAL	0.2196547704720824	2.2199897805405586e-20	0.10902062029413014	0.12051376875651064	0.06917106133613717	0.002388623163531139
RAD51C	0.9113175444492767	0.39887757440701677	0.3552727938407246	0.08764900800441648	0.4828768265430686	0.5851424072416409
SIN3A	0.5435272409575297	0.5410528365578897	0.7471460347741155	0.41596758403031336	0.6045870328739827	0.8416657860529142
COG2	0.8382496931761503	0.38872387237413725	0.3584265323623451	0.3964348173512541	0.603967238087272	0.6540531969284826
TSPO	0.7360829038152161	1.0220275232328937	0.7211697809355888	1.0960974405523565	0.6135557198644391	0.6987319126530989
RNF32	0.04347578058440977	0.03855014198025454	2.9375454603993252e-21	0.015192859628347846	0.018639857223123224	0.06891511081605288
RPAP1	0.08245992845907982	0.3175006419672189	0.07221124136028474	0.6271187096955061	0.32031258176565397	0.24406293644389623
TAF1C	0.03149850996952112	0.8128632446233053	0.4706382440411463	1.068788613097658	1.128644413179253	0.5249931491733009
KLF11	0.7372948809104525	0.22152938319453086	0.5376836526105943	0.619322499001905	0.7885100944368598	1.01633532737876
RAF1	0.7230552476288408	0.7905014060458029	0.8317094638564132	0.7246219507784589	1.0342456754775002	0.6857215677481187
EAPP	0.8286362555303319	0.226785690624923	1.0161216500077357	0.43661543359358873	0.4609448999257798	0.9362034968346307
NAA15	0.7958989101723452	0.472933979693438	0.5576459587703444	0.11326056657508966	0.5932279378219077	0.8013517279404186
ACTA2	0.9401400334958682	0.9197907616116717	1.0328943467284364	0.944331689251119	0.9247026714390577	1.0939196424770836
METTL1	0.32698414800817144	0.3446239784002336	0.0650785260122915	0.4010625762578546	0.000421557273619794	0.29526511641249836
BCL2	0.014185621647047056	1.0537391421859602e-20	0.37335662489416727	0.580300696159101	0.7353706591319782	1.1405662876558633
DAXX	0.06305964822041296	0.17351326961029048	0.13410554404708525	0.230008619785586	0.09466466655202461	0.13832873605521465
FANCF	0.3130906244975338	0.23630631558337561	6.112469802785758e-07	0.33369105716717834	0.3380783306168695	0.27634225595573475
LMF1	0.19434723488617528	0.375699170321688	0.1423386031497834	0.9253412723637099	0.9194051695795071	0.08811491468378425
TUBGCP2	0.23624704657237494	0.7765046130529377	0.42331350142150437	0.878826840047981	0.668795120613122	0.6225352845722618
EFCAB12	2.7962315138749583e-21	0.024376500778975914	1.8724260217502947e-21	0.0756217950039399	0.2126472419869059	0.20085388625202463
NCAPH2	0.0014614909939504302	0.4908563275694997	0.2966470749449221	0.8999529297683652	0.49929702639624335	0.41910371846738415
PITPNB	0.4961282540888728	0.3777452796900724	0.8946996775348259	0.22519709167577104	0.21594478149807875	0.6503414362304767
CKAP2	0.45631307293179907	0.648591983037208	0.16907305748677293	3.342612983108641e-08	0.1979116074886633	0.37382661756820323
DFFA	0.20493224898731785	0.134491626103537	0.2342399583985503	0.5044815960934433	0.20541986883199911	0.1572564759964567
CSNK2B	0.6432585133304887	0.29983377712088277	0.4859890041288136	0.4465010760813765	0.15408472958402306	0.6863069184214905
VGF	0.15064689486295024	0.06182459117697933	6.535299755006659e-19	0.019282567336587803	4.153871416832289e-14	1.1373556103501665e-21
FAM43B	0.036880467992498604	0.0009553607514954796	0.018579145099248254	0.03867318457227927	0.018879389563445932	8.380052282912673e-07
RAC3	0.23656031175769132	0.1843146199084831	1.8562864651907941e-16	0.5242425382180678	0.06375585975337934	2.0827911775311306e-18
TFDP1	0.8284496922677468	0.5609460549555605	0.6661984628368288	0.43231276752202547	0.7355199922474858	0.5899290047690533
NAA16	0.14464168485869514	0.12858217388684406	0.20687844217882234	0.06918004063017558	0.5315698692995653	0.12523403292609092
MIDN	0.39025144242380244	0.8600093797997487	0.9117460715005923	1.198543312886226	0.6196004207586853	0.8880076052511807
TICRR	0.10535781570048841	0.3777620521499207	2.7603267674550042e-18	4.755239108401779e-07	9.721591602922427e-11	0.036619588284427296
PQLC3	0.3092428069917873	0.3905140622207334	0.4860747543813041	0.19533901173106216	0.2978154244106766	0.6538686869676961
MAD2L2	0.3562919659272854	0.4795474083671222	0.3190215323277848	0.5904399620353817	0.024519580922612833	0.03226659284579321
CXXC1	0.044338631313184974	0.7787939273833333	0.5929546143765826	1.0396104336497731	1.0388736626327653	0.801759986264374
BYSL	0.29759061365810735	0.2594178786824175	0.07673767234235308	0.4338079777096037	0.07989961442106895	0.06521224261323794
NLN	0.3880358574719376	0.08077654884570998	0.0067519530680466055	0.139860899847105	0.07320588312294946	0.14782660958032018
ICA1L	0.0693063085597841	6.994164326253757e-07	0.02990862383970166	0.024477673190652867	0.11473680059420592	0.0652915897841933
CCDC47	1.0254072698850263	0.6457089760605638	0.800301086733137	0.6814757905438634	0.5798283631503933	1.0241767097854222
CYBRD1	0.8273806239278044	0.3148136579695997	1.7758031988145113	0.1390922214432365	0.7488197548037997	0.3289491675452855
MEDAG	0.08119601822898057	1.1503990534265767e-07	0.7420755153301348	4.037734816866137e-12	1.985744340326452e-21	0.041127745694517374
PIGT	0.9708039602800037	0.9581442380476711	0.9034400955924089	0.961287362772997	0.8793777813590787	1.0067850651998607
SRM	0.6199549264111497	0.9463870141409837	0.6595478301699549	1.000263098909342	0.08936098241478764	0.3785922171542858
PAX5	0.01398792551444381	0.13920470935942825	0.12914115777119742	7.01257825224738e-14	0.042396988870698975	1.52697075460729e-21
KIF18B	0.05757536359760476	0.4208829376952817	6.573902821685018e-12	0.06633635948546227	6.184742543593947e-16	0.016497512292995228
HSPA4	1.1550178046240467	0.7545531250494062	0.8210324977380148	0.6344265291892297	0.6841497238665848	0.9018810457720389
LELP1	0.028971975324730757	0.008846908788024006	0.009000231963551588	0.0222947862154931	0.017517176834441425	0.015353509929082312
EIF5	0.7310600427452725	0.24618298829235533	0.3612278122671704	0.3281194941347727	0.7598269432336643	0.25411680890265576
GNE	0.5865303611714346	0.10801384641648774	0.29931373050758225	0.45715175697090554	0.5384036842158769	0.5624801160691979
EMC7	1.0802401876991783	0.5664453722568173	0.8460142651354894	0.6863279840009272	0.45128955156907014	1.0135579799616665
CLTA	1.0014703798635325	0.7813454541523224	0.938819246290524	0.888198304321011	0.7849965907167651	0.9149228979607658
CACNG7	0.027355869802893003	0.009751683211327267	0.00446886152193831	0.0403677413653867	0.04067318057173328	1.2249004237887816e-20
RPS20	1.0518647609997114	0.8260393657500871	0.9555400494559435	0.7954758386800846	0.743619412423418	1.0953388164184616
RAD9A	0.0329067546476914	0.8034605355038216	0.09178898264222968	0.6766150796480515	1.0157871885844525	0.496545609050118
WDR82	0.34828172315684225	0.32353311135788054	0.5401123911607353	0.17982146100040555	0.29131004711227837	0.14645145525998868
CDK7	0.6687907375767113	0.22147906639284118	0.11862123174456454	0.026317115463512876	0.12460254615331612	0.7367320527859104
SCO2	3.110416002924898e-12	1.3448240643591476	0.11922037178130782	0.6713578516755303	0.5466466749391514	0.4066407341015499
GEMIN5	0.27058250087304386	0.3029217453021227	0.13557866367728078	0.39836859718989953	0.3186017673457009	0.7025213578888411
VMA21	1.3308853073100402	0.13616308213150508	0.472471852767004	1.6417326647774475e-05	0.27475451662447065	0.7844756123831232
NUTF2	0.7866170995246657	0.3092713535019347	0.3542915722487079	0.21679895871448887	1.264803757738415e-09	0.3675306452682888
