	C0	C1	C2	C3	C4	C5	C6
TBK1	1.1853205964206683	0.42910630787957166	0.8897709522986119	0.5992063995889887	0.33360026126406156	0.8870493822805885	0.7536247691403527
AGO2	0.781602043280763	0.7921177012070313	0.9741070894455706	0.49591302286797223	1.016095968491475	0.7814928799223881	0.896235679061975
ATG10	0.27784129952258985	3.7226168483558083e-06	0.15002021297189866	0.09266839700826336	0.06632858629836863	0.05591034869168861	0.034870239713590746
RNF31	0.35491500778144575	0.8900716945092182	0.5595244712974252	0.34567651466308463	1.1902846002987284	0.8299741426474595	0.5777268092607423
UBE2N	1.1782381661672199	0.4481796349018393	0.9129556701702551	1.0271023132383437	0.319217597686304	0.721283071530101	0.6301957189026619
CHMP3	0.02756601595249188	0.04977525271553019	0.02966076187061759	0.05675620882280075	0.0665102152888865	0.026459651633659275	0.00844821524601333
TRAF2	0.28961894134572985	0.9662940677799008	0.3397759068176299	0.0433637201333579	0.6786601499251398	0.5154385612238859	0.7272844023641585
SCAF4	0.734439476831432	0.5047757935830092	0.7810774736923597	0.48274756130040014	0.6130546478925862	0.6449888477544103	0.5335345352645577
STUB1	0.8350071159407629	1.1414531810888766	0.7977799599039198	0.8612823035402256	1.086005358391393	0.6137637133405854	0.702112289543292
BCL2L1	1.017826457850524	1.0518365132073566	0.809586215482271	0.8304757610504739	0.8665070589980522	0.8128710051718123	0.6544798411248083
PSMG1	0.4739272150132407	0.0010581494573933157	0.10957325527782433	0.7464328251312163	0.10312900884293102	0.24876931774030456	0.32388981331723943
EPG5	0.6049474672730983	0.1619174326313727	0.3411674072240456	0.31095760593687727	1.002116950115737	0.7476899299781922	0.2567844225414545
ITGB5	0.628835148782811	0.9130789352872023	1.235244638474971	0.4003654578935756	0.7102085596859129	0.3574860194654185	0.793273995276095
DICER1	0.9482658869082706	0.2648249893669065	0.9970959299904644	0.5781294407728689	0.9720262017757607	1.0799501900007757	0.5740734853977209
MCL1	1.0942711239261063	0.9890687044581816	1.1045543335402563	0.8777558245740199	0.9407018727090685	0.905035848802598	0.8477198835671481
XYLT2	0.5809602421385959	1.1558390329796457	0.7170082253234389	0.28266105636967126	0.9901609599273783	0.3097916078017628	0.8801280846183861
IPPK	0.051678748123159	0.1478961347026394	0.11399974933332199	0.1525917543518138	0.27153248889432974	0.22871662903294263	0.14841617489153994
PCBP2	1.15617580146373	0.9571163997457496	1.0064336381536187	0.9389545502456585	0.9659239486801431	0.8301281174466992	0.757907796180229
PTPN2	0.6744304589130412	0.1477556858331527	0.6224456592126008	0.2893565420849685	0.1476559104743993	0.8918299297830995	0.5150996914700195
VPS13A	1.371625998984674	0.41855637496628784	0.9067749810831163	0.48376550931155404	1.0058174869771856	0.9559003086334779	0.40965991850552197
FITM2	0.4103032637142688	0.7300864169914707	0.03903246789397804	0.5232311999330879	0.7164474773501196	0.002104042265778138	0.046367467806597416
IKBKG	5.759764518912578e-08	0.2051451870654966	0.022001104601062048	0.06499825735695666	0.23989484801325478	0.13448496063128323	0.0912628866520632
RBCK1	1.0407414698998663	1.039276870008047	0.936702932867081	0.7375621256743247	0.9382310390953632	0.8945625775290657	0.9337130750575263
CFLAR	1.1857661356286475	0.7610836549800166	1.077996230391734	0.2660722183094109	0.7671686253437808	1.0064894332758472	0.3830757089478462
EMC3	0.40355318890893693	0.2778467163953604	0.11215519215295446	0.8416615139710738	0.30013133805735337	0.476832012313183	0.1403104807772181
SETD1A	0.5650559957021712	0.9666199103767468	0.6637996972973813	0.35896616615103816	0.9199808071643109	0.4531230931293923	0.6269385010468815
OTULIN	0.30315924654450854	0.291534724834455	0.2414259177885149	3.446308696481526e-06	0.00023428050604807965	0.20846184390164316	0.11792146220045606
CHIC2	0.26821579461984885	0.33511818957771383	0.7113908656809057	0.3465804948308628	0.22667475015608418	0.32313388442367375	0.09744600880059066
TCEB1	0.5812002982847144	0.12622509180500432	0.16754111255337525	0.6242614261051326	0.055433973152068015	0.3831477780241457	0.4213526929182819
RGP1	0.6074743310984342	0.7245058907095226	0.533623338388792	0.5250529259828262	1.1021106983412678	0.537210098693717	0.3318615878625914
TAB2	1.1846767127707825	0.6186115662712265	0.9619756606117147	0.8269484529834313	0.7834531640555499	1.0780746587151968	0.742990890731788
TMEM208	0.3555770803636208	0.9538844008265982	0.0697057113463088	0.6721796882327511	0.3256613239442223	0.22630015147382268	0.33547138478641814
IST1	0.806616200869635	0.6156091555072891	0.7823927627962672	0.4846518294345798	0.45330083241387115	0.49107821338214597	0.38985976640991177
BAP1	0.2557035783623642	0.7161528758786542	0.5830620284036929	0.6413452922464964	1.1590067236123278	0.6580770155169688	0.5365249096172819
UGP2	1.2067237600872087	0.5800423452954002	0.819171332719568	1.0242595953506306	0.42834198764245573	0.7761187437538808	0.5616076343124976
EMC6	0.45495197932621073	0.6007880296107658	0.0020313591646020502	0.8272984645644673	0.13397575693025243	0.1868552044961977	0.2314302581395126
NCSTN	1.1201184854368418	0.906146479925784	0.9702407389686853	0.7804185156674107	0.8250213954294391	0.7817008154192355	0.7864112431123176
UBE2M	0.19676028498415143	0.4834779941726749	0.2126227949048363	0.34629281901751535	0.18051494145097904	0.040738334306094845	0.2004692547273106
KDSR	0.941251950661714	0.2981305218592932	0.5499807799633144	0.701574280029138	0.45177065294256324	0.32638082156512155	0.13230909026037785
BIRC5	0.06058458022798332	1.1238025689292456e-09	4.132773204082623e-12	0.17901962492186255	4.805766153774958e-21	3.4342419049189483e-09	0.7408136905968182
VPS4B	0.767910853592126	0.45908326792514675	0.8992413355838168	0.5230957557959348	0.43606188395511963	0.5100124533857262	0.3343044354005217
POLR1E	0.564224837987178	0.22149760282453945	0.5761670913617907	0.2647501287163335	0.3030131744801442	0.14280037000396215	0.30094764568913324
NPM1	1.262463294730375	0.8726266242150668	1.1008811411466348	0.9118395320174408	0.8488859449883148	0.8090399710786483	0.8485487404388904
BARD1	0.22155922054199625	0.003549887620571106	0.29127503772669516	0.05445295973500218	0.1013539372312602	0.24527765810282823	0.23166518108847592
GPATCH1	0.44834302634729145	0.2568940967661494	0.21909226800911133	0.04254413768959937	0.5467560226647161	0.26296292174169156	0.24169993407566323
L3MBTL2	0.2517759877240963	0.7884832881756577	0.37085326241246835	0.1615467137840778	0.6552431589018177	0.29735376187421925	0.2256091445893193
TFB2M	0.4011408541143725	0.08691330569933257	0.0003300538892889373	0.4078967999866055	0.18387015771183832	0.14859617932546496	0.20323849777374184
MRE11A	0.8382277996819455	0.00016199344532560257	0.7340031488375144	0.05692005218209628	0.3953785333880036	0.5189741579029926	0.429018472762676
CENPO	0.1068642269661454	0.24542159992355225	0.0009909063549534338	0.06573113276817126	0.2974350042886997	0.1944302308822876	0.6358369679534251
CMAS	0.9417944057526938	0.4451276545912042	0.41568942235975825	0.8098151591675532	0.02317409424722243	0.24304443411707136	0.4871311748723177
MAPKAPK2	0.7962592242694309	0.9963613563855808	0.7793314882016863	0.7141131136253892	0.5606024299336193	0.6684780788737739	0.4711211691142727
SART3	0.8983459780231476	0.7092807427277632	0.8906707863048241	0.543609375110431	0.6739207373341147	0.6609327722543772	0.6898673899561882
KLF5	0.00030127102402605164	0.07389034375947065	0.5666798412992152	0.7297902795983926	0.33327370655474975	0.3273901363109561	0.394811913939562
MRPL12	0.6958277194590834	1.1540370046541653	0.2550553403278454	1.1961032901025779	0.8434203442588374	0.34540745005345863	0.8301230539701702
MAP3K7	0.8576868894583967	0.20050018474463835	0.7909973907037142	0.49745428073983555	0.5644156463985356	0.6240937374184635	0.546328005733853
UXS1	0.5270387812708198	0.35921522851894205	0.31106703448028783	0.8836796166474147	0.4987542018873373	0.3507365872493354	0.4630762882829578
NAA35	0.518939108396395	0.05264175084343481	0.49575585257405147	0.3975225689021968	0.47966669120600636	0.37486520402948925	0.27415590590833094
RAB5C	0.8129548996293573	0.9254543636387789	0.9704054875871861	0.9337337184969512	0.6826110030088947	0.6506266110796303	0.6345169515362556
MRPS15	0.7048219811582472	0.7868927738015203	0.38722581262615136	1.0421705708700881	0.5073616017650485	0.4078276608678227	0.49518888760511676
TSG101	1.1493571117944499	0.6270983141855525	0.8739933920954326	0.9518860399120085	0.5859622706900622	0.6532555040773697	0.557162000590449
ATG12	0.12932930564420547	0.052215060497143646	0.10298652597727155	0.05656163850653418	0.058947770699468834	0.05112652688100734	0.04651340473672826
ATG3	0.8729583495289376	0.23591113700910052	0.6161209662047065	0.8215704875743063	0.0003019971267219326	0.7037174755005595	0.38778067234848224
ATG101	0.35518600065685846	0.9508425765140154	0.2830061888441474	1.0140764636855575	0.4026417667009257	0.37086783995836486	0.5169648155729114
PSMB8	0.2204300365182839	0.5102063534506626	0.0450691617877099	0.20335190471594644	1.0968737267717907e-10	0.21039955516447975	0.07885719144759477
SOCS1	0.04979477962965461	1.2037970962257718	0.3736330163424377	0.6301903553396406	1.6365672870404883e-08	1.0626108082512162	0.5686542730798921
VDAC2	0.5520772376903555	0.3630389519986091	0.3378240541536744	0.6425592414312935	0.09497817889422548	0.06733575442490795	0.33156502321639714
JMJD6	0.123413813381712	0.4301970620316145	0.3206842164410467	0.1542112837928896	0.3333659159321562	0.2819191778845747	0.5562173315957254
EI24	1.2625574959738959	0.6478454955839671	0.8344501797544032	1.1102953390908825	0.655001602247073	0.702832250508288	0.6354451128622319
MED24	0.34413746056475464	0.8535309983229235	0.4619837931160891	0.26926465537708066	1.0359462882567692	0.3497236034681838	0.6256039715277578
SAMD4A	8.053264206979838e-05	0.44123512363065137	0.5874705600297938	0.07537526933216197	0.7491102617121904	0.2510170293772015	0.22205036491255897
TMEM127	0.7705880094847202	0.9168227376008802	0.5700902828313618	0.8288485043410501	0.7322025493470897	0.6602615512989365	0.3625217383941956
KDM5C	0.48965994170914967	0.8607212385886936	0.7110495082739499	0.3367387130170273	1.0626965631703136	0.6151176352645569	0.7286671554136102
GLRX3	1.0637701013050176	0.39797076323839137	0.7832575573228637	0.8211677787851092	0.3331564485617018	0.5973610360204101	0.8375673176539411
TNFAIP3	0.6711616823858383	1.1856653318978017	1.575223742698961	0.18096664053101233	0.0747809094608941	0.9901131991185372	0.6723910585379508
SRCAP	1.093426879361921	0.9765990825717161	0.9694439611519232	0.876421766023756	1.0253818919626696	0.9065772406252366	0.8069350828144188
PCBP1	1.149235886967896	1.0033380729190942	1.032113002866641	0.9171073746424985	1.0007775539890587	0.8861616396536643	0.8419227176170473
MED16	0.22178729321496687	1.1426189935159696	0.5989161172260348	0.14615405715179058	1.0524715889250755	0.25436828164169795	0.5078956395736431
SETDB1	0.8464469549277583	0.6408468341340965	0.6740987694479118	0.020277661749739787	0.955542063027659	0.5794035833605287	0.643014458146296
RB1CC1	1.1244304829176428	0.19468210492471366	0.774970548505807	0.7177162609653269	0.739806206118281	0.8612632038433858	0.5694317302598291
PSMB4	1.1198545811213771	0.9810591730973646	0.9826091617923001	0.9050956081555335	0.8862720484423919	0.8161100538016507	0.8391282766116095
DNTTIP1	0.34056709482234715	0.7805621846049582	0.6437446721540754	0.2541737063358817	3.284907937393026e-09	0.18586754509379566	1.0572306149012805
HUWE1	0.9868969345734127	0.8684789934623337	0.8992570597662668	0.6708756127471748	0.9867304930041615	0.7862783653665153	0.7380385201923102
PRPF3	0.9385911216730185	0.4841209476024377	0.8754932213775958	1.8429016279294305e-05	1.1752982085704367	0.7795663659923742	0.6312436357198761
BECN1	0.8165468552085116	0.6461172945626634	0.7524715788195824	0.8270302071743703	0.5040656141935638	0.5660264680504123	0.5138633966437477
TNIP1	1.1546137727854657	1.078421396831861	1.095631179167306	0.7887607127321359	0.9601526749317687	0.8079321422603161	0.7984412364797724
RPL28	0.30229853918132726	0.6484957832057017	0.36158760123930805	0.40040604011875447	0.15435153263893267	0.1039431992995616	0.42235756263567403
TAB1	0.3806490884749691	0.8677318901434065	0.5840423091018562	0.14627275908272463	0.9256032143358909	0.2955428698981639	0.3231543953445784
PEX12	0.4408149873370508	0.08598292443631626	0.027586642781977658	0.3888053628011361	0.18710790656600673	0.18729535391357421	0.04021745721220468
ZC3H13	0.8062121897143709	0.19075121585677943	0.9120589789867606	0.432537424897359	0.705575272261299	0.5298345120065912	0.3395533763167534
ATP6V0A1	1.2097240609518598	0.8883908070750002	0.6478378229123325	0.7375009759070598	0.913459414548273	0.7634570682083411	0.38005732732830855
YEATS4	0.49689910281328004	0.07299264885703914	0.18431318578274683	0.48862616892893374	0.13186066180892306	0.21964422717719245	0.33370370215552275
GRB2	0.7783234288946652	0.9606812050133249	0.7458226463870347	0.8291702798425801	0.4289129445979907	0.9214096223437189	0.6400671616798639
INTS3	0.7910887960525065	0.74157968458292	0.9089846289157104	0.008888865609897195	0.8859707704915109	0.3418128509257104	0.6004029840073785
MBTPS1	0.9362527001222611	0.8067134009112626	0.852634549912437	0.6638607603940242	1.019544929473093	0.7628563939426756	0.6252424234406322
HAUS4	0.5368827906082263	0.5115289927513238	0.7077433345494228	0.23084050655344812	0.5955323111228185	0.24035469528511458	0.24399061213375403
CSNK1A1	1.0729853880989988	0.6053900888386701	1.0249362395746258	0.5123049801363654	0.4131258129516097	0.5400514367473078	0.6026912298581025
IGBP1	1.2339507442775384	0.7801587561446629	1.0868465749592655	0.695417195982564	0.7863605335516548	0.5559646712579516	0.5982143000132404
MED9	0.05683943787903126	0.11335619528731138	0.01605703523347279	0.10972649267259563	0.12221658624231128	0.0022387898857551916	0.004282413538859058
UBR4	0.8686384797758503	0.895460494459573	0.9070844876576881	0.5567484647117309	1.0798457510483974	0.8679984828538102	0.6698370968705308
YBEY	0.36707375046739854	0.17669436976190067	0.14104595799276018	0.27919204466087666	0.17334575724606258	0.06913384310392258	0.09827552103040889
RFC2	0.5524080496537436	0.5863185676477012	0.5639355831264022	0.22067938593965275	0.16250412204418052	0.035258294921928654	0.6788285323325212
DUSP11	0.399070177887407	0.10746753378157473	0.29999050228526014	0.08437349059536532	0.3289811503398483	0.21441436063384237	0.1261688639237668
TADA1	0.3059005955041323	0.07210749210301959	9.362051989486577e-05	0.25481062848713976	0.23899048295122732	0.08795846264629878	0.08686830698455832
TRAPPC1	0.9823238608036641	0.9764963269009564	0.9397502543423604	0.8826537332398771	0.7013273981411673	0.7364414895684522	0.7159926585227431
PTAR1	0.2942691022162314	0.11161187605377329	0.16816029623546505	0.12075425783374495	0.3763170929402808	0.15121535175690987	0.014451715140375066
CANX	1.2137279026130194	0.9590081739965598	1.0503214513198704	0.9247397478217155	0.915075452464422	0.8603322279042944	0.8459667827344988
PIGK	0.3099573964388069	0.05803780140413756	0.24748039364187752	0.31560465536626636	1.21344010292955e-05	0.06871252144828885	0.0663968932006424
MAPK1	1.2174653202517245	0.8418541339836779	1.0989231120360716	0.7668111420455284	0.7237242306885746	0.733746053303631	0.5360210061138975
SLC10A7	0.17927648069034924	0.03398523798528509	0.17485225995510373	0.00543783546042195	0.19169646525407755	0.22809936256198574	0.05192418675362652
TPR	1.1803668482734784	0.640226519196042	1.0989327800401545	0.6192806177905648	0.8916275422575936	0.8747827256620081	0.849458486845793
PTPN1	0.9774521253055021	0.9623975315833626	1.063026664882152	0.8803673289686292	0.541256995070467	0.8696185647164509	0.687203678277204
HNRNPF	0.9381238585781723	0.8842756431021165	0.9790988064086873	0.7728788845796152	0.7056770955982065	0.7223455477907905	0.7952506457756545
SRGAP2	0.2764620638607839	0.26545756372236473	0.4558576524121901	4.609605370835857e-10	0.39691596739105983	0.3271922488618983	0.32881640915512794
USP8	0.6075547811290452	0.1520712354461954	0.4342179225244274	0.33004936130970336	0.32620840002247603	0.41861226662603607	0.13576224650782723
RANGAP1	0.14507051663422837	0.8436185611162997	0.1772509489268248	0.7156686704306852	0.7748275932450736	0.7214593099594615	0.710304373232574
GFPT1	1.1578692561328758	0.48533193688394544	0.7531308552519401	0.9873948930407853	0.3046891077513503	0.6230080177040546	0.7377755984615916
COPE	0.8932779027018699	1.1352593881270587	0.9158769466785397	0.9020222264769945	0.9118460597515098	0.760516666855975	0.7641395005618165
ANAPC13	0.4949908583387293	0.2117468615748684	0.2570682469152341	0.8924954089953077	0.08419202604552989	0.1700965490920942	4.0472778786075557e-11
STK11	0.20777352257832574	0.8921254672902975	0.44699374071626974	0.38081499399776875	0.898388474182538	0.3633027361098737	0.32138000722208715
SMARCA4	0.9647706141046092	1.0189733861128583	0.9704668480705821	0.7545777823036571	1.1024092253990243	0.8099799188059058	0.8724574359560318
IPMK	0.22519451374756538	0.1428261033973049	0.15088888142550183	0.10740963522778722	4.859108205451406e-16	0.0732518065424371	0.06074416523844139
ANAPC15	0.17861670362616147	0.25170986337295026	0.0509242667407815	0.6400365216886907	0.20921154339979556	0.16794086229549138	0.09987289138487493
BIRC2	1.3287182089810592	0.3916231080227217	0.847284325502779	0.4792639477340096	0.5549626685479129	0.9718612356560954	0.5662269953750149
RBM10	0.5604793944444728	0.9155904997393677	0.739235817665929	0.3165874148171753	0.9929395822738338	0.5306761598999914	0.6808451119980449
ANKRD35	0.011174364594316826	0.013363211985663894	0.00015564102449337888	0.035287331091547997	0.042710174079510665	0.016295881448846326	0.01592155050946217
MTFP1	0.43336307286622716	1.0226373554645136	0.19971678733368506	0.2684236940717041	0.12241208180362625	2.105714535813655e-21	7.150915241095413e-17
DHX15	1.0764126420274311	0.759346933362176	1.0416115729051323	0.7188027648048084	0.9410836369661818	0.8667193986687101	0.7896952695627684
SPTSSA	5.578009050405399e-05	0.16786412665344172	1.596394781888237e-05	0.5334255124834874	0.16227557551059352	0.17666784770372795	0.02720041291193114
UBE4B	0.7664394876778435	0.5558111749067801	0.6431469747181248	0.5177694746032317	0.7979926489894364	0.5764354366243899	0.35216115347274435
SMARCD3	5.053310509958955e-20	0.1384526757854175	0.6793541755360901	0.45158908569776657	0.8373099982386747	0.23862524110400424	0.6396961523761844
CCDC114	0.022763436483603763	0.02996020996291907	1.3158738776388907e-08	1.6956297565906397e-06	0.11331538766106221	0.14369731275554362	0.024730942537308384
SHOC2	1.2761858464655376	0.4397616772883836	0.946398677572707	0.8680705881753731	0.5370324665594446	0.9168355911354418	0.5981243247885979
CUL2	0.5856753217800055	0.046333811937729105	0.25041998428219847	0.41591833264009725	0.12949712023404472	0.5201072841478712	0.35816734499160463
PGM3	0.6109550377616303	0.10124963754104177	0.47898617911740515	0.17094960786154256	0.2489918919045821	0.30291439639551737	0.546468394816469
TAMM41	0.2536137245033649	0.012215591612118173	0.2612321805472397	0.04862383636153534	0.4116695386018683	0.37394655822506195	0.20866243589382102
ACTR5	0.13792511018205109	0.16982910257891673	0.08038974178670177	4.970674251753104e-12	0.41563168998834105	0.14593852624076034	0.1684946514327718
DNAJC9	0.08274010471322919	0.2692128099938965	0.12904949713577932	0.10983776646623267	0.4210516133960594	0.2608379663216892	0.4956993482991426
GET4	0.14708348656798864	0.7535425072657115	6.507895534108456e-10	0.5066479241019276	0.7525063011372202	0.05501654302076651	0.39302692924733257
ROMO1	0.9355756118871247	1.1269109000146726	0.8275470470883812	1.110113065010342	0.6834130147554962	0.5670546058605896	0.7811341595364495
SOHLH1	0.010844042159955675	4.7998871318308523e-08	3.745000142203024e-21	0.03862108518623558	0.049343090516897926	0.0072301476860988315	0.03727182994490128
EMC8	0.05121600377110566	0.3073381468761145	0.04213225409007871	0.29243635954022573	0.2699204659501487	0.14040957278724508	0.19969685990334649
RNASEH2C	0.4087171077931495	0.7904552101226962	0.8376554146905791	0.3414767095560048	0.8149911943652862	0.276226202305481	0.39613946797659155
PHB	0.8849585563108006	0.9727215692672382	0.5278193674831466	1.1522641703295535	0.8040885431747499	0.23496389846371465	0.663694682521161
CHTF8	0.6358768661285225	0.7993687225353423	0.22489848516903374	0.7621063164762457	0.752307331450997	0.574710596516533	0.2989535853859384
SLC35A2	0.17410496277097845	0.5147112054731555	1.1721294797346402e-07	0.43032797665628686	0.1219754714541175	0.1882207672555731	0.36896972575787285
PPP4C	0.8988071978035216	1.103175315476881	0.7943691299970411	0.8468998727209216	0.8616677565087428	0.7173781344438716	0.7945234563647854
RTTN	0.7213086655649649	0.05091765810404895	0.4248152297309025	0.019652974737013378	0.9426249668371568	0.6354182761285276	0.3081111920523962
IARS	1.034568293891033	0.6632546081272988	0.8564262570603086	0.8414072549257372	0.6996219708926422	0.7511947210974599	0.8907815768121372
GNB1L	0.010838438922186156	0.06822053401848172	0.030132260275868135	0.03063130084042908	0.07641711320986339	0.026575015600403644	0.06034831959963336
MRPS34	0.7349569901553713	1.277965707510594	0.5720735219245697	0.8713765693856526	0.6133240645060467	0.23054976256920812	0.6238453066695017
CPSF1	0.1622268862357318	0.7465205505666486	0.48041299849423813	0.06481308083697414	1.2167741602777606	0.5451173153395305	0.7812302922301011
EXOSC2	0.23343907283416482	0.17890789030054288	0.3241713883779752	0.05465154702668063	0.2712394013940639	0.08665793167831098	0.20016409469651505
EMC4	1.1069648682897129	0.8834817545593269	0.8451002384777138	0.939360472534492	0.7368617214720504	0.6702823094523029	0.5789218170156292
TMEM165	0.9787519860003759	0.8496662852599152	1.144757196556265	0.8561140970163803	0.6141362230263121	0.8991926593479409	0.8417391772966134
VPS25	0.4971961473964404	0.6966174860836963	0.4014373008471988	0.6259465193277205	0.33590930903955885	0.04267865819511738	0.5480783673080123
RBBP4	0.5627390711836994	0.05919491447358375	0.31842802382047364	0.30079389841480514	0.05680327202073902	0.28140770515732433	0.11416661634890511
MRPL38	0.5114573691899614	1.021451703233168	0.33879346140974936	0.8175889306934015	0.9368067021061471	0.32620083962557594	0.5633884989242834
ETNK1	0.2516782998361882	0.32952787855704924	0.0893306259916251	0.3020493845050693	0.3234383170062705	0.34916475667043306	0.233591026150618
CCZ1	1.0552027605748564	0.2734801756676294	0.7465017177140013	0.8594293546208671	0.31860126168196845	0.5965882367947153	0.6044839343222366
TIMM50	0.38903194498388083	0.6277452113047157	0.16708815923533468	0.7372058787662211	0.4063864410694333	0.1148276593646511	0.4429679294449488
NMNAT1	0.22945784232397823	0.18673858440700336	0.06234974578116462	0.2957249144150165	0.277009723958744	0.17140124147448182	0.002787099312266314
ADAR	1.1023064576212918	0.9586281419891616	0.9831522464486855	0.7999455508700437	0.9794445846364304	0.9347420050820785	0.8222999553667731
SMC6	0.772947500959282	1.423872790584012e-09	0.5350161628125983	0.09404837083267037	0.47991507048772797	0.5429944165062031	0.5743814983562636
PPCS	0.40721185692430945	0.8529196494620448	3.427019659288114e-05	0.5444813483397423	0.3636343299111032	0.3866014653940206	0.209223094664789
WNT3	0.09547489917866944	0.1000915831075	5.78515333601255e-18	0.09823073746147365	0.15238306471941226	1.3829450641920204e-09	0.2927376386195776
ACACA	0.5524544616862817	0.27326356786012057	0.14079579296062997	0.8078254650404149	0.7399403988886286	0.6741307902028248	0.8888875489539364
SOD2	1.1594638928609964	1.0168470590564767	1.037611286806857	0.9310658947816192	0.9982744456832763	0.8979806538826259	0.8518167943847682
NARS2	0.5941028562908692	0.19517349118652264	0.24708612138145936	0.5716071037664303	0.8084312492534852	0.3468770256199899	0.20716235700201607
COX7C	1.214912804649897	0.9552508842295574	1.03260112907038	0.964892630170384	0.9459273394579369	0.8825838890806247	0.8209403763586254
ATG5	0.43804862957743385	0.00017538267603318911	0.21524044887878435	0.3526759403630412	0.17366421558130005	0.4070964787444411	0.21599559854826553
ATG9A	0.5256388807786021	0.8626883767467258	0.32568603360265874	0.6893150780812034	0.8490081953893701	0.5728732967125256	0.4780199731075362
CD274	0.08688612556657097	0.0791665327973865	4.142768233513603e-21	0.10070251421569468	3.087590998091781e-21	0.5246842898335389	0.18603799270003216
HIRA	0.3799229857103877	0.8066646933636543	0.25246694503173095	0.41765505921605334	0.8817667240813672	0.541876160954733	0.4100167939078972
MRPS9	0.5673752787072693	0.16587770228456833	0.2378487875928773	0.5777754938381527	0.3905951711966364	0.1250791851878534	0.17497234453793808
MAP2K3	0.6186642708541242	1.193933990131326	0.9790597414158585	0.6102414728877359	0.9267277120167606	0.7736413184544405	0.5896345510582912
WIPI2	0.36356603606123006	0.7235133146153153	0.19304284704783578	0.6636296537592856	0.6129047429087862	0.2979815767533335	0.40500497714305045
VPS18	0.09100315661403971	0.9262655439722915	0.0005153947024865554	0.6927032048191699	0.747480305805531	0.460209677140959	0.2605275169002513
HM13	0.6934432799534587	1.01826490938791	0.5590313401957008	0.5766972732300426	0.019941997725042293	0.42856366327251194	0.908167067060565
PEX3	0.8573398205143317	0.15272279810034559	0.5204445896726707	0.5807738667525644	0.30362536085867897	0.4051112235033066	0.16002767143922939
LRP10	0.4187744726752044	1.162099829975073	0.7256753622774373	0.8168711088688746	0.9018322374137567	0.6211249136319152	0.5190621801346145
USP9X	1.1732035146179014	0.8369736293458206	0.9689746306801298	0.8997018412448979	0.9346203962961912	0.9180928061892885	0.7911545614507911
NDUFA11	0.6240481457309752	1.0863554906280857	0.5280123696352448	1.0222414926996268	0.8091915904515804	0.3583020233056577	0.4558692981843868
NDUFB8	1.0286442493450667	0.8916248681574269	0.9565848101570502	0.9564326731828227	0.9804746756803521	0.8051994383823332	0.6853972803491803
FURIN	0.8053060783690122	1.078239453723671	0.9283859413727361	0.7989722236314591	1.070593815714993	0.8183151529221723	0.7434038474462006
PCED1B	0.09795011613162678	0.772476530404874	0.49966629594664935	4.5662557273939066e-06	5.34940147039683e-10	1.3332321130322424	0.41267085558961525
PRPF39	0.7110905042107777	0.0010486973042416333	0.7508429318742351	0.05632525890355027	0.7950563911151801	0.6934160904683183	0.522463442556036
SHFM1	1.1931933343741352	0.9013064419152411	1.0974542931603422	0.9632536856990147	0.7685354371511661	0.8204996366331047	0.8568548800560116
IRF1	0.7100722915352523	1.2674270210482066	0.930684009515181	0.0008727523973533736	0.40432948906353583	1.3389813391077274	0.6822845611546002
SMG7	1.1571862781561055	0.5537018096780633	0.8047351371629945	0.5450553681348698	0.7537247924611183	0.6756844409768417	0.5861128555912549
PTPN11	1.1496221032125775	0.3475295468552961	0.6433486079515864	1.0869013873835676	0.4118511731610599	0.6274452293275645	0.5816394425066833
CCNE1	0.06285357074576009	0.06351059384740786	5.851986432934111e-21	0.19953461365072447	1.1353048644211389e-08	0.10890292424297432	0.38686502332540584
MED14	1.1150344434657693	0.43302199398254504	0.8002196304918672	0.5396935364650365	0.6969188683856179	0.747741983523221	0.6649442977166429
MTA2	0.6973007996831955	0.9415622145904688	0.9580403033502394	0.6528604239531313	0.8723778505963257	0.8966217536683173	0.7865757213467829
MED26	2.2755486137246442e-10	0.37079600500526033	0.216756175212614	0.08507452473422254	0.32546021039550443	0.14529547650123578	0.15011340865701767
NDUFB11	0.7084136737067507	1.0734936971362656	0.5776780394079765	1.0588628310067354	0.7540499703466039	0.3314500693844049	0.5667039680056007
ZNRD1	0.08213453015510877	0.06220132361981383	0.04568523759877711	0.09139567743658308	0.03953025750086965	0.022899992144466818	0.018230920197845175
UBE2G1	0.12626486630268208	0.11469084679978099	0.10194619371211258	0.23060957080930014	0.06138396778921999	0.10538139785128466	0.04878387367937482
INO80	0.6926429229354862	0.29084244500569023	0.558828793438973	0.18341209938309547	0.6016011283761907	0.6147808188451268	0.313068442877038
MED20	0.08927719815095368	0.089489033929949	0.005392202011183292	0.1388615165556703	0.25459987461327926	0.071385247186955	0.102385312446088
CCNC	0.7271866279813021	0.029589012765676968	0.3775384324801217	0.8007548502276689	0.27781027510097545	0.44108385809973694	0.16082885593536342
USP7	1.0395040865783358	0.49773925469165525	0.9547103127670998	0.8190252451126807	0.698055693272066	0.8632631653889358	0.6257305687698859
KCMF1	0.3551373959979398	0.24811408394058956	0.21755366737965115	0.34991384325571023	0.03099417869999124	0.20926843197305164	0.3014879511218153
DSCC1	0.1372078140216468	2.84442937978944e-14	0.07719510644047571	0.08684812207383821	0.027774812809712012	0.04256020160255917	0.20361445491046912
CHAF1A	0.24930960008890607	0.5201932780427699	0.3179244801693724	0.016239806049044483	0.5249586864209913	0.3225732504036851	1.0536641141305008
LEMD2	0.1809373076093323	0.8717452999352213	0.6077827039131749	0.17831053880007003	0.7888423112984636	0.25199908869741616	0.48768261467164825
RPAP2	0.6346733378777163	1.1755974578203207e-05	0.5167233510723637	0.13359301940722904	0.24972331783232804	0.4546414379842305	0.23689902908549884
HNRNPAB	0.8965694125936119	0.9609330434105872	0.9529003323351326	0.8833871462376802	0.4441844804327604	0.6187247849437917	0.8945954661042652
CDK8	0.4579830994540319	2.6016231604203303e-06	0.3546418662281891	0.5851554983789325	0.4318562345045368	0.37917770453881694	0.23505409490491122
FBXO28	0.30266252429602286	0.20095358897797264	0.18547717813542242	0.130768632629571	0.09421072069660094	0.09710433935760789	0.12188570765560951
PARP9	0.4868285556745111	0.6369810152434511	0.4004464405598798	0.03509484915262217	0.03129830237013851	0.9926638181792898	0.4203384235051954
ZC3H3	0.4137569596353739	1.078987182637706	0.614143424741321	0.36175763733146826	1.0914412086777767	0.6288188695915662	0.7986348061439805
DPH5	0.4215677288355943	0.04865284989130071	0.17172630463988356	0.30800941616991406	0.1014533046272847	0.11025474363591461	0.17916591722881978
ORC5	0.46139327746496733	2.6639496128101462e-08	0.08150040320248347	0.41011700464103246	0.1302100376452239	0.25751990555598675	0.2818112632392891
ELAVL1	0.3009340729178427	0.4715712891674645	0.3714451684735935	0.4699159679998855	0.25219761962340476	0.14511787664964	0.33132280848153706
CCDC115	0.10324402303728823	0.38442204768344357	0.17581295549658704	0.1070519899001471	0.2417688968846003	1.0206465796291722e-05	0.012059962997329851
SLTM	0.9596930027827821	0.628285757795087	1.0324979413783308	0.5244154869856187	0.8023948359757955	0.8018182734524862	0.6492849896943795
CHP1	1.0535115278517984	0.7528030687510516	0.4278549959675832	1.4767289059923236	0.6262132671717169	0.7644168446821386	0.24837419042574793
DCP1A	0.07316450109345439	0.08473244836661994	0.12414673493761144	0.07674552372226681	0.13676844138966723	0.09236685697216372	0.059067747948818736
NSFL1C	0.4211264845421131	0.7797174263247091	0.637600325602242	0.4081920139441333	0.2940887211326041	0.1516013815006379	0.37709523620712193
ZC3HC1	0.9260064356759105	0.8747520559155976	0.34784711728569045	0.24135759492240108	0.5041788542729704	0.0172229004449905	0.4254537250350311
NGLY1	0.4785983555621739	0.21649013170345505	0.4127145734427601	0.4261860750944012	0.30339956478661095	0.634280405950388	0.3756616471956979
CHTF18	3.649084785809265e-21	0.2367983885497996	0.000727346706423327	3.2513691950036387e-21	0.5289341590706668	0.13404100078549328	0.5701742915859883
PDCD10	1.1405494612416576	0.33799041217143716	0.9740320842629369	0.8246576209884191	0.21105014320541807	0.8099004158383587	0.7153814586946932
ETS1	1.1043850015846768	0.8186599646590847	1.6097637058041916	0.3773541539509253	0.5920083331072441	0.9846671589947585	0.5449129134075638
VPS29	1.260795137708244	0.6873053132801293	0.9803811609588313	0.8377015439820769	0.6441904146042396	0.8985574171910555	0.7222390820805341
AARS	1.0004424616814622	0.9374504399659008	0.8434367374934699	0.9192892025764932	0.9439107515694605	0.7862205964355282	0.8409190167062234
RQCD1	0.6164126618585438	0.27602743516874684	0.521959155440546	0.46247638913801503	0.25410076309033014	0.54685965806072	0.4531235996004172
ARID4A	1.0297529102600829	0.06452751232748724	1.0528547558048655	0.25365840871684014	0.6832894944681004	0.7605010776470792	0.26942996093670546
INTS10	0.8278228938889172	0.44028586418370075	0.724153036359519	0.6260168097169931	0.8473333869691255	0.7629991689340502	0.5478447937208123
UFL1	0.9068528922279783	0.20908062181015152	0.649138590878814	0.2646872755536375	0.3867647599411019	0.3607539457373565	0.333016005834028
XPO7	0.8919921321281313	0.42268129108006375	0.578702699543717	0.7590362227285533	0.787086099596789	0.6862530543577113	0.42560937380546826
PTK2	1.133909019487932	0.6238156168460711	0.9936140450051362	0.7905049239257375	1.0339360187544944	0.7148226526533863	0.7683559737837715
YIPF5	1.0593912653633637	0.23630989963346033	0.5303900596475197	0.5086119447060223	1.1790663220457274e-06	0.29426483023234723	0.3843400212391746
NSD1	1.0273420330596186	0.749137530770869	0.8864042505286011	0.36682299582512007	0.9462634315773271	0.8876378566570994	0.7234696844984522
HNRNPR	0.8416789873138713	0.7319597483845625	1.1879368527297138	0.5967289635384303	0.7223178681774142	0.694188728625915	0.7817197527152588
RIC1	0.7680464698368399	0.502773718709454	0.8788842130972339	0.277440378401048	0.7818058322023723	1.0366402146733638	0.661827563925988
N6AMT1	0.15509532176766228	0.07899003566684676	0.0910519399490419	0.06274659467347878	0.3193974458785234	0.07705816035535089	0.05728709629555936
ISCA2	0.20786835707210702	0.19591522988442267	0.0007475580679777069	0.4928542856855336	0.3891334069442787	0.18334336253574096	0.0008230731082849676
BCOR	0.6192500811203294	0.7514159784263691	0.6169558097364024	0.43786478805177176	0.9439247218373319	0.6962841982933694	0.43678265319133636
ATXN2L	1.0225178948032614	1.0132772804043813	0.9501957161059931	0.7945532724217439	0.9877649667212747	0.8655165955950581	0.844143869766524
PIGU	0.6010748437006059	0.2600510451741598	0.28300200327257774	0.6389938812790088	0.051117705018017996	0.178699771858543	0.4807052145617232
PARS2	0.17165499596905237	0.18709539413353457	2.7786108257695827e-10	0.15024663023816076	0.31235712564020673	0.03635096460547561	0.09335777103268562
HSPH1	0.5866926993714124	0.2796461366310422	0.4785571584836521	1.0264552479947349	0.26116661831646204	0.7946703272217316	0.8675355869649586
SLC35A3	0.8515418798983005	5.663690179288136e-12	0.25711434627042945	0.4812270118203825	0.11910889167625899	0.4031190919086722	0.09291813040168534
TBC1D22A	0.4810228920304516	0.8096749064903186	0.6106319897387148	0.0781401586285552	0.5732308698343209	0.6186317413245532	0.43483854822722057
RNF4	0.20611812502115015	0.37371507892325956	0.3206580311538951	0.26315685536137623	0.03835335669959252	0.20424186282740178	0.17732498049317177
TDP1	0.4028705124705483	0.16462454752858866	0.4153157811130914	0.14246295028177358	0.24375626425833893	0.3809392387205495	0.4115475770510907
CDIPT	0.6605184304749129	0.9563535893719718	0.5143974474566589	0.7688422782636648	0.5382629207821564	0.13463312088250542	0.12963181195000473
PIGB	0.7117034208266907	0.18742523220068583	0.26937397715249795	0.2730964535897586	0.08586772998654742	0.4455897136001106	0.11945979407439264
SHARPIN	0.6125885354526287	1.195251220693443	0.5599239467997724	0.6823167610333245	0.9640453013814224	0.48565889398929984	0.7412301685033359
PQBP1	0.6020510966020266	0.8629760159440524	0.763172256238173	0.513480350094499	0.6382211867605044	0.31552607170839947	0.4472111869907664
R3HCC1L	0.5785311127767483	0.03917506381529097	0.2940336481677233	0.07599213536409319	0.4260987370656755	0.6886173849007249	0.35413454963897056
PRPF6	1.0495615517068906	0.9770019738823369	1.0306928552947099	0.7391127034435877	1.0074949856095718	0.7655056283393405	0.8022841459969245
CAND1	1.1956536339586572	0.42459682607227883	0.841881488669206	0.6527227172275677	0.560730637184351	0.7405478744191524	0.7941698237777439
KHNYN	4.661533567010323e-06	0.6271596914896592	0.3638931667348038	4.982959387176893e-05	0.8963601350022341	0.423989046246668	0.22298548639303026
MED19	0.14218532118895794	0.14012224066403212	0.11158580249336003	0.16178551999911217	0.07072024137755814	0.05503404543863936	0.09117391233860948
UNC50	1.0859136112720273	0.3705469243411684	0.6725458361618311	0.8536582145838929	0.26372172542426736	0.6217645292138357	0.4306184572164824
ZC3HAV1	0.8036231397769101	0.5294588120605239	0.6218898166260908	0.3836915286046801	0.44480663612132015	1.0731083229725933	0.6061576241394027
RAI14	1.047698886305314	0.001479582696690403	1.1024523376390536	0.2401142472464701	0.3894087250668024	0.30452310215176887	0.8389528220032725
PCGF1	0.2616566761064872	0.1720678535280675	0.09556243508842185	0.10881639336787023	0.15127446812379577	0.05446927045154689	0.09081288702713744
TMEM117	0.04950340647820087	2.302268573242174e-19	1.1563715596004177e-20	0.32812208897747797	0.1394459787850564	0.1783895941832177	0.12420843608907353
PIGW	0.16489942521735582	3.251233179153174e-16	5.4005844081720534e-12	0.18353925616226988	0.04374883384024687	0.09753773010631711	0.07912069764280345
TCEB2	0.5267455494326063	0.8507967187863701	0.30635743247740466	0.9718904638836279	0.4288098702031312	0.1865298827261668	0.4195732030968587
CHMP5	0.669643553159796	0.3184872597881784	0.6329204540418741	0.5490062281991185	0.07064052448607103	0.35144124937661964	0.25179120555155954
TSR2	0.39294616585070563	0.48825904916763146	0.4731593020300135	0.6931891133414075	0.2197986530203003	0.11768673627805082	0.00275592426063566
URB2	0.09225030188552724	0.16863327666579817	0.05746650293335911	0.14672321040757552	0.2903579202163937	0.1825145852246723	0.3013692322935188
LMNA	0.89592799976323	1.027042555415262	1.222776153109311	0.7418920066124767	0.9909377933228173	0.7441111015421447	0.850888736886582
PAN2	0.6051519361967875	0.5743981182557507	0.36268319486048595	2.6330587591124447e-10	0.9988767811371189	0.4124237305395009	0.249996620172902
DARS	1.3715740668536518	0.8122883376342652	1.1914013914356598	0.7327306996813259	0.7171498690608202	0.6681158669801873	0.7554455769515841
STARD7	0.8226199992871355	0.7102104515843664	0.22535157126838287	1.1849908991003246	0.5490601593224476	0.6563691486599212	0.24595766654658555
ZC3H18	0.5442320768966249	0.855691259893377	0.8281258169691423	0.43557479073809746	0.7786690455672864	0.5311089469055932	0.6088636883903172
KLHDC7B	1.5574418677981234e-21	0.20158701588155564	2.857923356504753e-21	0.07915494935366348	2.384767291377227e-21	0.32283032852085514	0.01912926954359073
TRNAU1AP	0.33655638754860195	0.43464270627795015	0.6784446464551533	9.050235815206163e-05	0.2860243096358029	0.12672483265131868	0.2982678605130553
RBSN	0.177879050259755	0.1660010896167401	0.3560664364428809	0.22007375917731056	0.6405224922278159	0.5465998852183401	0.24469548917832679
EIF2B5	0.782935650208659	0.763229127660199	0.6703708693035497	0.3292577693431855	0.9468778356316361	0.5958713278612401	0.6209469237933698
PRRC2C	1.1802172681534622	0.9061822161405089	1.0542630923768221	0.8037612433783174	0.9450234891480578	0.9133552613875546	0.8570677195336743
MYL6	1.1297835131235598	0.983106930759009	1.053511843392638	0.9311830629681719	0.9845813014325802	0.8826142199974185	0.8585930488026805
PDS5A	1.178814637043426	0.5348414698338748	0.9533500425505481	0.7170431588246164	0.7067840811785256	0.8539639670816734	0.6841324417872604
TUBB2A	8.675021245739964e-12	2.4425742202538274e-05	3.064847815125712e-07	1.1487030443017638	0.5264650211730093	0.11059615996498134	0.952692938771942
SMC5	0.6093256046286544	0.02582019420254246	0.873583124388892	0.016019825163249932	0.673428479490208	0.6265406853039608	0.46060189923947986
CEBPG	0.6932058774522077	0.0427045230458197	0.024819920454041442	0.8045363285964456	0.23558166627126273	0.665323331982386	0.3452156798365122
GAS2L2	0.030637025158967046	0.023782990491124978	0.010408011114626938	0.02908003283906633	0.02336502692709187	0.04474852755019114	0.023523894212970145
LSM11	0.0726782832555972	0.08322680335882746	0.0664444396842244	0.0456911723000122	0.1302947528853246	0.009138482994552775	0.07047169961221952
ORC3	0.632912638549974	9.459557499128761e-08	0.3816783125073785	0.10896478959700488	0.2700275334804259	0.27804102048056717	0.25502256677456037
SRP72	1.1323225868238709	0.32135748978881246	0.8220355453483849	0.7398799902616446	0.3062964194683254	0.6654112658876706	0.6294056746851786
TOR2A	0.0030387271287711792	0.19415556787546603	0.002130650790480047	0.10142425870533192	0.14872263191532767	0.1142460594177713	0.032218515275272086
MRPL50	0.3849171224977035	4.24938723120991e-17	0.17858545996087455	0.4496349273825477	0.17128132394783066	0.21039869659502922	1.0313463016902597e-13
MINOS1	0.03174578951160358	0.03539613408384478	0.05210576038947647	0.027883797613914324	0.048015916158032065	0.028566685119815357	0.014116333437174656
GLP1R	0.07529978749180992	2.8971815751556726e-07	5.554933482170736e-16	1.8213739543720876e-12	0.08474843462399106	0.017842317964123697	0.06324845234172034
TFRC	0.9791819645910715	0.7512450976259935	1.0708227905617338	0.9206837485502054	0.22125433441414227	0.8187847103182209	0.9047878509201853
INPP5K	0.3060982729712243	0.5558465820455071	0.47407058525062473	0.048529350130163545	0.5848897865860295	0.2934566564067999	0.04977855810944951
FAM50A	0.33654830664757823	0.8511508242061336	0.7617512588425212	0.4638455563115066	0.5497651356949032	0.2703299973775297	0.7473459966124789
FBXL18	5.921406743799486e-06	0.19283933235342882	5.3913017397837935e-06	0.06693315074727062	0.2502245167811793	0.07426770720235996	0.13535326266310407
PSENEN	1.1330546184327368	0.947349227946006	0.8756924682072726	1.0252749791407676	0.7042229172190692	0.8660855922575339	0.7627862039214561
SMARCB1	1.0022157815286943	0.9936347020817566	1.0126320542044709	0.8155205432027645	1.001584676220183	0.7570691842420758	0.7782406677273432
USP18	0.17750821116669244	0.47498090250170777	0.02046442400989914	0.08511323926646115	0.00044346316736085023	0.3572977324639886	0.24207933235485263
FECH	0.3721768820985601	0.1716747027322153	4.544437519124976e-05	0.6172727103219106	0.5736801756265832	0.3390372087310348	8.349209818417987e-09
VTI1B	0.25092500760913067	0.045424997415500254	0.07940763318382583	0.34633082122772796	0.2796679737168998	0.19850798145418697	1.2795544353962318e-08
SDHA	1.0764166726383524	1.080597752859151	0.977263064022832	0.8173812268636675	1.0052731852425516	0.6854179356677749	0.672593384741979
DDI2	0.10089220064727358	0.15379076273618306	0.08435729324315976	0.10384937487526956	0.2018097671599667	0.12315915392863752	0.004105394081797133
TUBGCP4	0.556499073285108	0.24727251337563189	0.21066044221497943	0.24255621549532735	0.5915825529545836	0.32959288531285075	0.21983397378549335
CLUH	0.6401583023991638	1.2767005073782476	0.14278785727161564	0.6491764396859412	1.391845420124298	0.2806515592644861	0.4086407078435942
EID2	0.16177630663645276	0.17194126376203134	0.10716480569079313	0.34166183965701646	0.21535151179405226	0.17345548648232342	0.043635876736231906
COX4I1	1.1391973855886315	1.0083994878972284	1.003164310674375	0.9557855583762477	1.0041475282128725	0.8775665451948026	0.8453730966340351
PRPF40A	0.7812835543083325	0.21158389006015685	0.6944767785534183	0.40581466662082216	0.18271072296952437	0.4606088330692489	0.6352514276828567
RPN2	1.1453875755109106	0.9992329495912846	1.0205290725131702	0.936395275907381	0.9263328319462518	0.8782538782191335	0.8719938955873497
MDH2	0.7443518290816428	1.1059016779057553	0.4345007880885058	1.1429812630688603	0.35133959208142074	0.10700554448269271	0.6594217738779534
EWSR1	1.0797404837335254	0.9326181893066987	1.0321246053820163	0.7983744856976395	1.0244938172083924	0.9028446232549411	0.8273386713952616
KEAP1	0.6930502644914225	1.1389770747611605	0.5300105884963179	0.5655873393368089	0.9332813206886229	0.5009069093897444	0.6037461408379454
GPATCH8	0.846671928015936	0.4298305045025259	0.8298491675841553	0.2846995140937965	0.9454317539130322	0.7152203706489325	0.5863798009221732
WDR7	0.5888377452594291	0.22640006755870595	0.5031068315340952	0.19324189929901356	0.7476824371694923	0.8930267846394546	0.1852797382704936
RPIA	0.42721519866836416	0.23222368344181282	0.32935408175618697	0.4968726609005655	0.40142191534967386	0.4611949310379349	0.41382796471440897
OCRL	0.9143873666783559	0.3185854908614114	0.45223783925741595	0.9037796777430313	0.5372681035266224	0.4996953631904835	0.5604677798499886
SEH1L	0.6624976285841001	0.18357380941246218	0.5297305534604121	0.5631544367765046	0.249494176426444	0.1425715205041353	0.3167791195781671
AZI2	0.2830240435866212	3.586894308760157e-10	0.4165832066198336	0.3702426084128891	0.11189945009783447	0.4244522753330347	0.1171874036802909
PIGS	0.48461501094460685	0.7934180861874642	0.3316197086737424	0.5715612191417546	0.46256727725346647	0.16109830017920465	0.2721675479055107
PGLYRP1	0.00996974908102473	0.025751094540545007	5.9891676651423124e-09	0.03431391712485278	0.03961671733207058	0.028836354634121795	0.0026830753639119805
PISD	0.14964376905641807	0.8656090611601965	0.2762008861532237	0.20207095355203383	0.8241637344566006	0.27592655211934736	0.22340969468521577
HDAC1	0.8549418238807147	0.7083922403041706	1.0285696862493385	0.43127730428656874	0.7331764770864155	0.8122281397260478	0.7547958705197132
NADK	3.801506666721948e-05	0.9459196292300526	0.1820388585644852	0.450382558366213	0.580997536896547	0.6443993200326044	0.2877346913249606
METTL3	0.5853427142779092	0.4597330239446559	0.9079924625744125	0.08776165144662026	1.2321062633047521	0.7627391648334396	0.6098359295728922
LSM10	0.17330003103081898	0.7798438169847972	0.03350362423275054	0.7080727414604281	0.30310740473236475	0.644670859296071	0.3235264894606643
MTA1	0.3039893398280778	0.6679396867262485	0.8081686767133883	0.1332969875483202	1.4081433540649162	0.5067003639322214	0.6877459174039853
METAP1	0.2613653366934952	0.06259064259219412	0.26894883372326567	0.2137005008962095	0.09469869832113566	0.13177473231189432	0.09772406791373835
DPH7	2.784537526086381e-13	0.2226732875257414	0.12399065233393823	2.4222545655383594e-11	0.6306070122597452	0.3152524887684872	0.23898409938962795
GNL2	0.7182052377553028	0.6042855502914477	0.9184039574151344	0.4377296450619823	0.2662125076605742	0.33264841889467206	0.7858247379728891
COPA	1.0477547387893966	0.790528850937621	1.0573305112078364	0.6995136296975025	0.7775799905857983	0.7014219187214601	0.8413158052265778
PUM1	0.8886319817158909	0.7631788899409088	1.0506768760789478	0.48718272315318867	0.859142261843556	0.665354491759516	0.6078235594723433
PDCD6IP	0.7423585537429825	0.4290728521536189	0.7887408836397016	0.67544818024852	0.6925055414323272	0.8893360674928846	0.6311106529173285
CALHM1	0.022105223283344036	0.009593591858504436	0.0004949276433901728	0.02869904068940954	0.02885036337110945	0.010976270078018989	0.023027106199360693
RBMS1	0.4603311580251927	0.1713156936932214	1.2916650528289775	0.3032769614262119	0.3344354205301711	0.5395199294106593	0.5566699436343113
COA7	0.11607776026485592	0.13121133884132435	2.4483121929190384e-07	0.28497495353090857	0.1749316834042824	0.05904682580844507	0.11312019806873694
MRPL15	0.6590898570162005	0.3735635170988364	4.696650851927493e-05	1.104072564167508	0.11896534442761006	0.10939710013724144	0.47301000988710856
BRAT1	0.17293624812261946	1.1386870422717623	0.5068957902033293	0.22251674938411123	1.056709377176536	0.2875260387636921	0.6350383259949676
SACM1L	0.7876916267573569	0.08925516227715849	0.5523913425553916	0.9412135659624955	0.2990107659262728	0.982873945885787	0.2850362100362012
SLC25A22	0.01391192507042156	0.8400198202316689	1.0597591412322965e-13	0.43185696965818093	0.36500679680043724	0.43487126254838104	0.6117088282033443
ATMIN	1.009884169629978	0.3192808870479276	0.2569627324209882	0.8697503507615032	0.5535126793576606	0.6166185936202108	0.2630181295556777
TBX1	1.4922320751175233e-21	2.548817371689414e-15	0.10073135380072847	0.00013742239777326585	0.19782719292740616	0.2769603449567932	0.08150223969452892
ILK	1.021770184688047	0.9245882745054198	1.171815905510195	0.6777561867325022	0.980512545143599	0.7769149151048185	0.7592226860943139
LIPT1	0.38738963199566817	6.834909859259761e-06	0.019751305460469527	0.0922086067755051	0.2509333761561127	0.2650643842653455	0.05206293111580301
ATP1B3	0.3932343656299829	0.6815375960306953	1.1503060946600778	0.9155435818575292	0.15531057870585274	0.3582167544336182	0.5866255447285333
DPH6	0.14428911338584938	0.015310749039333967	0.05439678396622982	0.08308788468453328	0.15384360541769337	0.0641443657981709	0.00011642742485312785
AHCY	1.0122012270945564	0.8888898463101317	0.4728924094622264	1.0042224733231149	0.7563744964095971	0.17601152978310564	0.7261763793739643
VMP1	1.0268190308894216	0.8368916575029026	1.5418210479026004	0.5359765257166978	0.3668832939814297	0.6271099859626255	0.8998434044000695
TMEM259	0.7084118431052033	1.1966751514166616	0.8349144784214101	0.49142418450527664	1.1890210739447344	0.7877034041107689	0.7363740077966623
PPP2R4	0.7561936998694242	1.069397250172459	0.785461417361823	0.6537384939863197	0.7851903534796096	0.5187968844391713	0.658951700361282
TSC1	0.7216899074506217	0.2919135004886232	0.536052915522455	0.1948823868491189	1.3543494645459542	0.7186740880075232	0.3128219438792692
COG4	0.7883218600329271	0.8662948627154392	0.6462851778445561	0.43372543412374526	1.1196108950137797	0.7338415540397576	0.6924044522248981
URM1	0.05373810560925769	0.1352767014113207	0.07440866946668458	0.11508460703348372	0.1025975287744871	0.013428815937050585	0.025109502389875377
LIPT2	0.09981219921319218	0.1419289056933383	7.588542742942828e-10	0.06629139378500015	0.15910961270350973	0.014014622658460894	0.0011142465534768997
NOA1	0.6307419069714513	0.7311578292812058	0.4791654703817643	0.553282509564244	0.7341476474916575	0.38848343786249606	0.43044206157752635
POLD1	0.16034420814913508	0.9039015138949781	0.3934231437783546	0.0069599066080277975	0.6995464116047218	0.4278496514235868	0.995640040164158
MTX1	0.22863793014376377	0.4406550248154651	0.0533046156238807	0.3343048403551904	0.16857756490358203	0.018759201795170943	0.16195753167526344
ATPAF2	0.33621285780779825	0.5607256970933858	0.2717936299704271	0.4255129895422006	0.6219839233922589	0.3019760288885845	0.11666576335177713
DAP	1.0032764966182173	0.5816027732399685	0.709641917768917	1.0499800365574128	0.5971635669210779	0.560372717650555	0.5602037523246949
TERT	0.00027186471086944694	1.6733833688514107e-09	3.5678028661277646e-21	4.6516699393130645e-21	0.20359295550479983	1.0014980531433602e-06	0.16740297435296048
PCNP	0.8688785157435095	0.12130770802541056	0.8166803932208171	0.4700004106950735	0.026822876184272964	0.2751970247325413	0.26760165025199756
YAP1	1.07838836184596	0.4593684494538084	1.2738917634236508	0.7138113558308126	0.711366797564146	0.5347401005182567	0.6290125187410847
CDC20	0.0013559181209586305	0.09593405849299003	0.03737678914163025	0.06863069191854833	2.168461698859798e-18	0.00024332376438764445	0.6423730268232665
THTPA	6.273768114453689e-06	0.29157633796121624	0.08581579922115261	0.07348465148569465	0.525893218005535	0.1571586233637759	0.0299655489923472
RPS28	0.36933986762900406	0.6728472697808655	0.3961570023197799	0.29939723360178944	0.5610088849436943	0.07375153530810732	0.27423182686739
DOLK	0.03666329115590011	0.44890377109081797	2.4403613178435276e-06	0.5517077315018253	0.5989813881636566	0.3076845793137226	0.12169057259176644
C1QL2	0.022813367955296916	0.015619939714666858	0.004368254126226044	0.0309795434483909	0.022747549277596646	0.010315204926802234	0.012652373200259207
B4GALT5	1.2317711350553098	0.9701703644992694	0.9540779795567054	0.8592279134878847	0.6832716367604732	0.7741116299677058	0.7501849512782575
VRK1	0.6839445007035672	2.4971082112832343e-06	0.7535412692879432	0.5390210004193134	0.12100783632747035	0.6469272256638579	0.5740097548080676
GFM1	1.0819699846077617	0.3544977372073082	0.44950218265387676	1.084975274251588	0.5432230947769002	0.7613802762310272	0.5269674596494169
SIRT7	0.030531355970185275	0.7989068140914171	0.09241235284217557	1.0031685860060624e-08	0.7911952243874321	0.5040398618325304	0.6019717704532247
IL18RAP	0.018179135370477283	0.13549036201401812	0.24261846596899503	9.828042039649392e-06	0.06917988054446739	0.2686865913225594	2.7465599279685236e-15
RAD51D	0.4425239448799626	0.2799103992682945	0.21966926005972845	0.08160185425927169	0.5579261746425377	0.4819272254879338	0.5107019339809188
PPP2R1A	1.0860470496716388	1.0145406330528783	1.014873877683067	0.9244384559358599	0.9991300026772468	0.8204484293837646	0.819622828894076
PHF23	0.4546093624600322	0.7531912578618608	0.4015522928038444	0.5203653057475932	0.7234318155772312	0.5339769167339582	0.565869994886565
TPSG1	0.027965600516675543	0.5951397482040561	2.960470189281261e-15	1.9293153653195832e-20	2.0863195268249434e-21	0.238817652194594	1.2696515546123721e-18
BABAM1	0.786188732239519	0.9748331778275778	0.7789574669385725	0.7323434262443996	0.8464442730010558	0.5427852104768645	0.6783291734191284
KLF3	0.4991743148761112	0.4542782220203909	0.46202362211103576	0.5558759564441199	0.5883001207559919	0.6227868215042893	0.2459667178171554
NIPA2	0.7060526979606792	0.24847222088608278	0.07261825351053904	0.9437947499582522	0.0676527478980185	0.7897942137893438	0.3532227094665321
AURKB	0.029532612238654058	0.12932115767043623	0.10672959489784406	0.002333737026555938	9.506478761818865e-18	0.12272899392099984	0.9847411014562942
PSEN1	0.8635628586924068	0.2070659046715478	0.5342729057680746	0.8968961719971	0.49790695069758345	0.7703282733571044	0.276741603981629
RMND5A	0.5512383543822693	1.7840270884141886e-12	0.10170040209471688	0.5516731261664446	0.4299120367946806	0.2831652885692309	1.2712737470406229e-12
WWTR1	1.245424061158726	0.7854412895216318	1.4287897524127051	0.4888685909218042	0.6541850504312657	0.5963547695770688	0.7185947344469444
NFRKB	0.26219998949247464	0.40220784503157464	0.22392850209385867	4.665287134041439e-09	0.8245374168689902	0.3213920078992864	0.24961865158412658
CBR3	0.07227983117536495	0.16045692617033488	0.20365569301383035	0.07834385016823983	0.04602157748566543	0.09827911326415645	0.158554600323613
EFNB1	0.3863354352368818	0.8239943433154684	1.0830378239449407	0.24434755985609027	0.7709157496512135	0.2464419262338848	0.5099385973138764
RAB35	0.5715146178539559	0.9203178356192847	0.7773822173136727	0.5980252530751217	0.41805333243904735	0.6678862938143986	0.6538301156937784
PIK3C3	1.1351200597668027	0.27687256056422166	1.0227810940188793	0.40308785558029353	0.7742477481027258	0.6925065589238886	0.4478768480224702
ASNA1	0.8251795008071802	1.1103808154695645	0.6438342654307211	0.9366209230225493	0.6430858909155782	0.40525556397570417	0.5239682376794775
WDR45	0.2877442339670651	0.7937640595353304	0.32087720284151494	0.2307256275982408	0.7345294951055761	0.4092670769412734	0.19669243630090913
PPP1R14A	3.8048911543867736e-21	0.1263285267357041	1.6922949984421116	0.3420228406548152	0.4497209877118214	0.010819993667338284	4.935235672033927e-21
PPP1R2	0.5073462748766242	0.00022203476289478155	0.6847997782247023	0.5349984041614398	2.150198811144259e-14	0.2896644419228437	0.2049096449458057
SERBP1	0.9107176386102818	0.5454121761633499	1.194602447210088	0.7009655035433591	0.08639922616811746	0.17669150361307717	0.6714209358450537
SLC4A7	1.038241004776326	0.5746889852381442	1.3418356749394513	0.35105113695568835	0.20541062940040947	0.8690288815204477	0.5618708375555529
PAX3	0.009285437676149423	3.1562056204724936e-21	5.076064155774378e-21	0.02592547048777598	0.0585145726185007	0.0028094857341398084	0.0756527529722987
DIS3	0.8060456769740916	0.07733928075631666	0.6842143820225842	0.23111843464930729	0.4000191361846241	0.48075383844408603	0.31159938971425627
PRRC2A	0.29052355953648834	0.7156979462071972	0.5132959991050917	0.39817364119519927	0.8170821909650589	0.31118724333345255	0.5783414883706546
ATP13A1	0.5320359703821861	1.0948695587657677	0.5852952422118503	0.4035233415761361	1.0582482643736153	0.7077257484787451	0.7845760823085601
PIGX	0.4813410047095859	0.05686179225825012	0.10727714309733276	0.4106313425490278	0.018455304201548204	0.1047671910860843	0.10365091012927924
COL6A6	1.1517329249729565e-20	0.00035555110518587174	1.1704745266238848e-10	4.2798341543803235e-08	0.05664492098276498	0.33842536160523634	8.821906872896108e-21
CDS2	0.4123008185742829	0.23319884165299531	0.2068956257465787	0.5424321979504512	0.3974703784868254	0.2810046873566942	0.0021804458618701218
PRRC2B	0.83259377410499	0.9732221346273465	1.0174642958818945	0.590874973312375	1.1654644935919378	0.7908075466773508	0.7182244454553726
PIAS1	0.9023515679179698	0.36296306952303	0.7504885689923735	0.532631361161752	0.37969766503482544	0.8383233924692	0.2605419834257565
EXOSC5	0.37031997026097246	0.9348503756967712	0.2499074872540688	0.10348894240922461	0.36402083968331367	1.6377244431548354e-20	0.38104834592280434
SLC25A29	2.0649395914658772e-16	0.27856704550582134	0.11103668120745265	0.2505087916283696	0.9846620039469521	0.31814755894690355	0.04657428069345257
RNF114	1.0759872796134964	0.822149687390205	0.5866018103709341	0.8729230586419424	0.5132705609368041	0.8305333546159258	0.5317680375024759
RPE	0.3893051829389397	0.1423805856184354	0.25705910066342297	0.22283238639343736	0.2771492791044129	0.3358230033192361	0.17275198183252097
UXT	0.9080274128224805	0.8222737070977777	0.7988257962037928	0.8787727943715088	0.43478256644918784	0.46102223909232976	0.5431371732301785
SYNPO	1.1240637739602435	1.1161204883682911	1.2607384903412966	0.6351760562566736	0.9177815613167571	0.8325688098215074	0.6281316153209935
NUDC	0.7976820326929305	0.9834490449046123	0.8817123602120885	0.9203253330167951	0.6548555487808873	0.46757499517711076	0.6399474526498551
RNASEH2A	0.2514496940342211	0.5005000231420496	0.24433126268860225	0.2676993818184331	0.1297531950716155	0.05452988087005581	0.9244954101715239
MRPL47	0.932406828712123	0.2043404207544261	0.47781727951401465	1.0866639089848567	0.05163702114427774	0.39314877416654914	0.5263425769621838
DUSP23	1.1659169480179044	1.1853294983662146	0.958780914523973	0.8582604241598192	0.7484228959749225	0.5526366929177093	0.6728270364820426
PLEKHA5	1.4338185910920072	0.7438498960060662	0.8623803710503275	0.03943790095843844	0.3566142353904839	0.24225184420654147	0.36790799232134436
MESDC1	2.387733885515168e-05	0.6190943997333949	0.3459173931030264	0.1606902688805306	0.44915186906430965	0.4071908606377257	0.2118209935712835
D2HGDH	0.7330591477021119	0.9868920503110188	0.7462925592812514	0.2959340137025705	1.534028976574061	0.717010582024588	0.46618205810548213
OGT	1.1493347121983237	0.891995981349572	1.0651035067236283	0.753413071195844	1.0093924434054078	0.9624931255284143	0.8176300683689044
DIDO1	0.6241620107883019	0.8178114511277081	0.671953130306095	0.19349904318317787	1.046074009963956	0.6330021883605428	0.6650929387534283
SDHB	1.0156751853715462	0.9486074547009217	0.7275963282370818	1.1080754483217405	0.7509196720644411	0.6700065703222249	0.5388224959932052
CHMP4C	0.3719964612811923	0.18860047527623558	0.09399769306561402	0.4235927430505931	0.08466231251051362	3.083205329571625e-19	0.06117078666126809
NT5C	0.371091238920472	0.9301502075802462	0.72780066387763	0.177015660269086	0.5538333512031596	0.04062869521458304	0.5890281751027157
RASAL1	0.32975414634237143	0.5467098513809017	0.0007257610692653714	0.28655735745491817	0.7071026546167434	2.0241824987020045e-21	8.875898712007979e-14
LRP12	0.2686415262126611	4.855515276875227e-05	0.45730116456425396	0.39149253449663174	0.06535568726905436	0.19704740718486347	0.6851049485321256
INTS8	1.0423970630985828	0.2379160788385568	0.6596893219805678	0.35228827888377123	0.5443498297274586	0.7505492379025105	0.7618988356112154
RNF168	1.0042449961327358	0.727934707424202	1.156862623174376	0.6750411598404682	0.6997419629044491	0.8306758808710455	0.7287272704820213
ATP2B1	0.5596004715996346	0.1929642135856145	0.8271203997186926	0.6308066600004294	0.3022458489757292	0.8647949174245996	0.4955662721250669
ARIH1	1.0495736569432463	0.5403976923432867	0.881112201996526	0.8327358039086868	0.6710304208362526	0.8385662302496841	0.5127136108300027
RRM2B	1.2278426124098876	0.2981568386780773	0.5131010303136724	0.9249867104808284	0.002721672828801672	0.6441127253634132	0.20254011448637851
TAF6L	0.05556391898515733	0.47651791741084565	0.07014600316033293	0.13265997350317715	0.6996460218726094	0.2065399470731859	0.15645041684871056
RPF2	0.38994234813057366	1.8344232980566516e-13	0.24937590431846696	0.1635089502779838	4.521595083190355e-06	7.791694112360525e-14	0.1355237554298985
TFAP2A	8.342245997686259e-10	3.0884447397194267e-15	1.8746015985038724e-08	0.5203499490531251	0.06778731469395725	0.010027854054379007	0.8887108890398743
BDP1	0.685040086401196	0.0409257396537594	0.5482656952454811	0.004751445005575617	0.5626622788175032	0.39453724872388696	0.3357219078374775
GNAL	0.09203557916151096	0.02620879689983461	0.009478493802580236	0.2956864462485978	0.126519086990884	0.02841971598195412	0.021830788976543936
RAD51C	0.9221608231341459	0.05794948742991615	0.4034800773780299	0.6230235898044959	0.2537727001808909	0.47494204721583155	0.548710049217844
SIN3A	0.8403743990762372	0.5147322467684129	0.9194760674905242	0.458480855651907	0.5127389527117865	0.6112333943415076	0.4160424928491088
COG2	0.9051449335969406	0.3923627141302147	0.33297060399973594	0.687115296985347	0.4840492027574209	0.5567954479821756	0.3798955068726336
TSPO	0.6302827836861683	1.2722823361181377	0.5920867837730776	0.8548243341467014	0.7590999142533396	0.7920586430062416	0.8080491726489231
RNF32	0.08303864908401067	0.0259206296047138	0.016949503265003652	0.007374386769302053	0.024906825104064282	3.1809244560589663e-07	0.058118464618546965
RPAP1	0.13443215235302686	0.6125564926897487	0.13294235602115098	0.1356235692097384	0.54522453595611	0.12603360236375527	0.2468966605049167
TAF1C	0.3544771062214888	0.9076304898525881	0.7058545701583675	0.053844395631718535	1.436127938514133	0.6002203631492505	0.6388083982966862
KLF11	1.148379893149545	0.5419226564884826	0.7779806139577455	0.5900300062761855	0.7782599737071682	0.4388987721896901	0.20617202243051586
RAF1	0.8013455880158056	0.6971457775942306	0.8228584211428798	0.6873081283871835	0.9690344273757391	0.954010316954312	0.6249742086427226
EAPP	1.01586476875896	0.366412630554489	1.1634939144783836	0.8254889633488258	0.4335794368495313	0.4348080282194138	0.2607944503622908
NAA15	1.0177432657356194	0.19082865253209513	0.7051731233148354	0.5346957018660938	0.32424295734446074	0.608943996814218	0.477818178248556
ACTA2	1.1280554672348526	0.9927555647607096	1.1738761878645168	0.8788014881393071	0.9520527844111412	0.8644739675570307	0.8111769605549008
METTL1	0.24641300174322567	0.4592993982698871	0.13251649795841935	0.29402234800512117	0.14030572091055038	3.9269280376146325e-07	0.4293336629414047
BCL2	0.9339486984165619	0.4539901384224138	0.876079852090277	0.00865752138647304	0.9492514860220856	0.0030642576229886094	2.6579430070842104e-21
DAXX	0.08832581348795418	0.2576872342727947	0.14559013030299334	0.09505632859397856	0.15762978995925644	0.10219782546900255	0.125529594658128
FANCF	0.3900249823175972	0.34697859346255805	8.20971025011152e-08	0.20637594179654561	0.3415499641398755	0.24299442921644124	0.19292799203855907
LMF1	0.13198040355928217	0.5973555960961922	0.10692349400676501	0.2675995634965895	1.2333893662995472	0.3799786017176242	0.3501207766080192
TUBGCP2	0.4512813787593916	0.8728089320796546	0.6543319931123222	0.2172995356550465	0.9273442801339222	0.40040319178987865	0.6942160979112763
EFCAB12	0.17542406126577237	0.09610659421087343	0.0021435670812931405	2.2436130014253654e-21	0.25712502009690574	0.05039120298507631	2.1827527885939917e-07
NCAPH2	0.16832857646809973	0.854910010934791	0.47174935318510225	0.1054385655553644	0.8593512757223796	0.19439954229792622	0.3832613515016422
PITPNB	0.6211503562581315	0.30276975741903156	1.0462284877867676	0.48733651750679674	0.1433054473473994	0.3648278392707972	0.36082445458782036
CKAP2	0.5234063969322384	0.10208136366099578	0.3092427496382632	0.15219972525180644	0.00105832972280274	0.38554301518111717	0.7288085699826907
DFFA	0.13023903169291667	0.3779172237549702	0.20364962682025398	0.3188214924481466	0.41453405282666106	0.07897166344056804	0.1501662586269618
CSNK2B	0.7177226957592189	0.46069302211812035	0.6249976862367881	0.5862304054482488	0.22588617650756487	0.1488482689499744	0.3926256250851539
VGF	4.0802539837825073e-07	1.9536849506405375e-21	2.45925651273309e-21	0.1026020805266811	0.017433944882454575	2.1294020107336677e-21	0.17932927554430486
FAM43B	0.012825607393617771	0.019678197209949542	7.340401121357266e-08	0.04955621945419178	0.03238456488734174	0.011472924640564205	0.005686190072953714
RAC3	1.2104948973464066e-08	0.25169606824942237	2.998554083534843e-21	0.23850855462857617	0.3730797016694339	2.4871354851794792e-21	0.35767929484616395
TFDP1	0.8302880376765843	0.36263977913551804	0.6266357804195528	0.7158982782406601	0.6193828643659036	0.7156741287404813	0.5586605372843578
NAA16	0.23122619517927254	1.789452021855103e-05	0.22457795194305852	0.06386559497458245	0.42377470360723846	0.3551102968849638	0.08087671430487522
MIDN	0.5785329210896494	1.2735209748049712	1.1212716729601124	0.5541864927500981	0.9594898188938918	0.5003371120660942	0.6851518144152117
TICRR	0.04755540241709589	0.048231422099828274	0.027871566822315896	1.1617967382130763e-07	0.00680598822351847	0.0399482186325386	0.49734608486371373
PQLC3	0.607994047101506	0.44625047096973514	0.5725299843571033	0.2600218992534217	0.12693151711809955	0.4934087333042903	0.1751889177069107
MAD2L2	0.00665148040885683	0.6000497100750442	0.15340518555527324	0.4959251518666906	0.21732652261802934	0.18231365417007228	0.4900306124736522
CXXC1	0.5355985429681215	0.9860005423616972	0.9072384049725151	0.08149613264985427	1.3331578952049705	0.5883733112015219	0.5501630945536978
BYSL	0.09669524893565444	0.3148700803409308	0.06178057829043605	0.2964759108978269	0.27367243367377786	2.7423302999285204e-06	0.4061351208639542
NLN	0.28205102297148427	0.05333634481091323	0.025946400512102046	0.2914236878765679	0.09832648059529855	0.00027428857051715986	0.23305448769276016
ICA1L	0.09794243143886312	3.207770687481771e-18	0.05837216690995133	0.04004767979996439	0.11215975312926273	0.01989704369491306	0.016262805471616643
CCDC47	1.1353141973470158	0.7088408864333623	0.9583346037488145	0.8952618517319683	0.5801141394433816	0.5442894127003671	0.7067162461729137
CYBRD1	0.5724125070987828	3.565949896728062e-06	1.5690502235783181	0.972765977274276	0.4160964811795693	0.9813717646441377	0.27327172963153235
MEDAG	2.642922963835388e-21	4.0978865588780846e-21	0.8005454745722911	0.13909235135626138	1.787193256509026e-21	3.0820118617794805e-21	0.06682013605838438
PIGT	1.067424256188085	1.0051534889526075	0.9995580749195321	0.8990366671570561	0.9260921968370609	0.8333730671937666	0.8798906566993994
SRM	0.2608291326692404	1.1355049715780405	0.5407065155241456	0.7787933148174662	0.36508500307397923	0.38093460358301373	0.9115557573422046
PAX5	2.1996684149422457e-21	0.025730785544376206	5.536873137096641e-10	0.08358662275544981	2.9591225183296944e-16	0.2302662394723427	0.047156982475256355
KIF18B	2.4105727477244637e-08	0.09839104603520349	0.029865742683673004	7.377372776653111e-13	0.04188165775127492	0.022324297721635064	0.5288583037549509
HSPA4	1.1334444146316789	0.6675237670777585	0.8238135409012862	1.0162318450957661	0.5846283696121369	0.7525800533582293	0.7825261186898621
LELP1	0.022921032445455545	0.01639791695637202	0.006300032375445307	0.027528442724687272	0.0214657036492036	0.010199081211661125	0.013394421631834784
EIF5	0.6112843051798221	0.11193493436943489	0.18231362082173166	0.6588603131905532	0.6378504078472066	0.6295939792567796	0.2557811616514851
GNE	0.705805823728549	0.30715979704275675	0.37597620484198746	0.523447296342842	0.5902452077038648	0.26350377906165323	0.15937785265409135
EMC7	1.1231544159684281	0.8229223121484571	0.8328812367544415	1.0717104684903258	0.4035727005597505	0.6219198244066406	0.4974545084859785
CLTA	1.0169629129930708	0.8710208137928754	0.9519060857452295	0.9897806212111512	0.8373407268969564	0.7681280656741305	0.7370293758411374
CACNG7	0.0017597612397710024	0.009193297683784697	8.124351248650143e-12	0.034080925542701694	0.06437591335962345	0.0039842664417458	0.03329283765977315
RPS20	1.1899035025351292	0.8782415300160897	1.0716897093285476	0.9509307892117098	0.7112440618604966	0.7713180948116327	0.778525583215064
RAD9A	0.3813275897091465	0.6759677642438208	0.26453290267075036	2.3507852005106925e-10	1.1021500611982329	0.6133892073780204	0.5965689467377194
WDR82	0.22225246294302894	0.2115497181358696	0.3746144466406569	0.42287875378382717	0.18288726534387967	0.5110499220794298	0.20344623219886024
CDK7	0.9094024650233734	0.11379736424862777	0.34621061025501587	0.35699790314922347	0.0016409290277684967	0.09358011827712955	0.3762768643829598
SCO2	0.05385444374427697	1.3612137009666105	0.06598207526488764	3.888219223512067e-14	0.4793544528576758	0.9799807453952663	0.6889252183212979
GEMIN5	0.636643697672121	0.431029750508202	0.5296697406094673	0.06370861599686918	0.4184001192508407	0.00026539782606172337	0.38760515951455027
VMA21	1.286613187941464	5.334331967560338e-09	0.3601228802720915	1.0222224340945545	4.662284466603077e-07	0.5060533091885112	0.26975832147414475
NUTF2	0.48252878869212706	0.3098450844755369	0.24986122012702186	0.7647828818041492	8.38611902128181e-11	0.140280786297161	0.45019741374324573
