	C0	C1	C2	C3	C4	C5	C6	C7	C8	C9
TBK1	0.8622420725522161	0.8693084483227783	1.076790601348606	0.7853798012828374	1.2030135281165124	0.6918291789399958	0.49209346134005333	0.12823410179732397	0.4980859527680098	0.6394216368060466
AGO2	1.2214488284638723	0.8515099429640699	0.7091568672856381	0.7416553938928142	0.783392877463342	0.9238226673079751	0.4931253919581638	0.8461349143700831	0.7978112878385397	0.8415507367462586
ATG10	0.10887864972128665	0.09482706524568651	0.2932801605615065	0.0065694694618448814	0.2156850713396188	0.07952971786973187	0.0007874077276976897	0.021479752406473877	0.0004357534346691542	0.13527687425898932
RNF31	1.0585830191892356	0.43222007147946406	0.4336388624013422	0.9960227293668006	0.37775487641357286	0.6083933089461768	0.37213423361634934	1.1920135944335226	0.6877019259034868	0.6549641658014064
UBE2N	0.48397103030924343	0.7779123857754263	1.122439087118935	0.7078855834088886	1.2611425713131492	1.087167277058734	0.6950986608992744	0.3374230121299441	0.2502381831028644	0.7612432588633338
CHMP3	0.012901311046130128	0.006528903500962906	0.06448521307216329	0.04212681277703349	0.006622109172015944	0.055935781927583465	0.03922775374776193	0.09324813472319424	0.028646983791307104	0.038785712079064665
TRAF2	0.6085729099583658	0.7257686880824944	0.3069529368689942	0.8898403509693612	0.03042071246539822	0.03177721809858248	0.3081105078135866	0.7699176678250418	0.7957913774953169	0.7063396379770813
SCAF4	0.7861008629820282	0.5413099043828437	0.8976296157642484	0.6415657533757024	0.558376342315547	0.6493427078295269	0.5352370150145337	0.47137396995986064	0.5642400006973224	0.5495718606799451
STUB1	0.8580578330992121	0.6541971651758579	0.7704424062148575	0.8190604426913138	0.7531245865449491	0.868075654800689	0.9065144160583735	1.1091747250682524	0.75293873365158	1.245698825416712
BCL2L1	0.8656541131507756	0.619052436044605	0.9362841772183501	1.0134370574544298	0.9536171015559195	0.7645232799357405	0.9016641909333339	0.8047072964009955	0.73743342871911	1.1468328097491243
PSMG1	0.0015645664423025191	0.41217245741053454	0.5973940769475997	0.08285461615905779	0.6125195703044551	0.39638103405504443	0.5469673493529363	0.22745799903546873	0.0017780173597771833	0.01623680385888742
EPG5	0.9765852041995654	0.2324802290319009	0.9443503805914775	0.5500710916604425	0.5272720741107446	0.2576272877206613	0.1813420056432518	0.8636112774470005	0.20685380145091473	0.12292021704386896
ITGB5	1.0235761130533259	0.710223042161232	0.018877431244389033	0.33776753173308405	0.9721970268020305	1.416311488450148	0.19347811127727477	0.521143085158393	0.7409431526471993	1.2154172382864634
DICER1	1.2228098678180404	0.5931748099192318	1.3544147911031679	0.872772793007934	0.8446299635785105	0.9758858476890213	0.32816174098062834	0.7650150500656216	0.4668129847709363	0.27789444758036674
MCL1	1.0380609358795951	0.874615218158859	1.130106603061908	1.0209897556243321	0.9656652727353618	1.0898182369284615	0.8380281124885912	0.866804963055953	0.7979086385765387	1.11135428907631
XYLT2	0.9885587672302253	0.8206880681738132	0.17587423126085094	0.5395602602649128	0.5347478543326769	0.49021835229301575	0.48971553283377633	0.8722028632504722	0.8284312547557894	1.3293244137852835
IPPK	0.18914698799244342	0.1290740570417043	0.20257801214679635	0.21227581743538665	0.0409346006941068	0.20149506462199912	0.11873467869014666	0.3259000485650287	0.19679476626314452	8.21737182290955e-05
PCBP2	0.9796532030957769	0.7674301060493638	1.0962118127752702	0.9106297138895421	1.1219503410338727	1.0437081462258866	0.8357743349335706	0.9083045098719524	0.7087192104941051	1.1459060857766479
PTPN2	0.6979436111952549	0.546954383061226	0.8607569489023457	0.7655678689640661	0.6149379817249948	0.45216270062172714	0.34700444728206165	0.0006109864752961516	0.42851382599288196	0.0007672937857333546
VPS13A	1.2966778439584146	0.541715438846736	1.5883127340183525	0.7074273655763762	1.1536970659846566	0.5076832579151066	0.22521195605530733	0.6624033423216875	0.5004066546131667	0.7287278164805938
FITM2	0.3391174266980552	1.25902295557104e-06	0.0038881777503612337	5.522707798447802e-07	0.7110068324550564	0.2166821885018472	0.3969163293016351	0.7365121131771537	0.30205840368506737	0.8876499279356763
IKBKG	0.13187893466063114	0.044449500216590866	9.329198890525253e-06	0.17480388569774555	0.02866778279877428	0.10776869235460934	0.05112855141589127	0.31715205769313926	0.17518043291187513	0.07563265628328189
RBCK1	1.1122397007891542	0.9457644121951283	0.8902440391153392	0.9607090385093002	1.0371447381504362	0.8653148712367951	0.7600062557353559	0.8410858180420335	0.8614859788268125	1.1070587006745587
CFLAR	1.2163243305413205	0.4132925152927648	1.2692118562236279	1.0566962100513704	0.8568807728306018	0.5950819768688073	0.2837975976951759	0.389830062138713	0.8321736516515861	0.9289323580019462
EMC3	0.028163394718312192	0.12684352606227758	0.5259139539144786	0.501975945287401	0.608071615980922	0.56621912632272	0.6125017307532366	0.5227792333622121	0.03996924686833744	0.16790057524542287
SETD1A	0.8951697169869918	0.567117445674487	0.42372948601750215	0.6438851729186086	0.42670233438419336	0.48848129035448745	0.5529035887447133	0.818953726285753	0.692671815449002	1.064766364819816
OTULIN	0.2115879580699866	0.14102749204330295	0.16550936452261988	0.2753569938306938	0.24388619588481528	0.05531571268254137	0.00019940915238025726	7.624435801579636e-10	0.29499713837972474	0.3059413314645817
CHIC2	0.2673604172819862	0.07070266745354677	0.5638841386210044	0.4515120764182102	0.009029646977823422	0.7676846724252304	0.3701231545716784	0.15251664666126355	0.3693875693107861	0.3543716325085567
TCEB1	0.0976198151326322	0.4972927821771655	0.5309552810348782	0.18587310313746427	0.8189630577744292	0.4183906561565155	0.3797630971940587	0.1649973256147699	0.2247805366601827	0.0768706780245272
RGP1	0.7811266073761589	0.2985949714187984	0.7446073141428392	0.6098589808411675	0.5140499325531471	0.5894798632128804	0.34637692765299294	1.1498728395891709	0.46111812380147327	0.7726926830036627
TAB2	1.036140504647042	0.7970986483533238	1.308477357174833	1.0434912522656412	1.1356746130581963	0.9325154968791206	0.6830933520015049	0.6685371322648647	0.564020137475259	0.7068058578881409
TMEM208	0.001746521517208046	0.3179157998537086	2.0404230528381183e-07	0.4630118063125826	0.7179279977864217	0.39697665872785676	0.49874703422577965	0.6229038554263324	0.4146683382063453	0.8460795742380259
IST1	0.6572537971807714	0.4213996184512177	0.6768247128851135	0.6359253558828624	0.70544541186227	0.6017830910699588	0.5026632089234406	0.2627678384678623	0.37961749710267123	0.9317552086538476
BAP1	0.8761556270042834	0.37502895899977373	0.4034023145356632	0.7276923857068168	0.373071453170269	0.9409527444297423	0.568717737015484	1.240903992656675	0.48135705208695856	0.5393315114202345
UGP2	0.5560345162032265	0.6547009800912221	1.1058172554078092	0.627879086783236	1.4066362057260626	1.0419647399133873	0.652845849734506	0.43454979848183134	0.5631883732286516	0.7258582043910579
EMC6	4.870126151739786e-17	0.3015398598348419	0.37401742284741996	0.2905123542150564	0.5326689875004459	0.2617249107674015	0.6872611272129016	0.39106754650408115	0.2361347648315144	0.5230331917707641
NCSTN	0.9548311359730846	0.8349630073051911	0.9500107481923122	0.8390569058760617	1.1442601339251754	0.9314166471780667	0.6420400992982805	0.7456030848075978	0.6808736569302614	1.1262749039328066
UBE2M	0.012444674791603943	0.18677230410014076	0.10474568672276591	0.21261120172485237	0.1608998823868165	0.3148639343462069	0.3823429572279694	0.28764169550721097	0.2737228281960159	0.5126995048907209
KDSR	0.30669825477146984	0.23821263558627004	1.0645720095502766	0.3227434135610335	0.7841099602898559	0.5543140779191977	0.41732211818254944	0.45428085144961855	0.07007839402152714	0.6692716778904889
BIRC5	5.2758205348556955e-21	0.9664758929152192	0.0537126668115194	1.7088078888018143e-12	0.00020715760852318046	0.052548791968449915	0.12136032031191954	0.10991375728911693	0.04722163928293268	0.0011592652763894541
VPS4B	0.5158173696606919	0.4535583199203658	1.141352573795019	0.7407516863346592	0.22964057644415703	0.6737248424586096	0.5747512803120752	0.3390948049563749	0.2638049288013619	0.7367778078543028
POLR1E	0.18810607635380366	0.4805571151719574	0.7476347462709073	0.21498216595035924	0.2432149979451246	0.4897101597038307	2.7424184696915704e-08	0.39060207603960856	0.12536630123993214	0.491236533624824
NPM1	0.9849943855950616	0.9573898611701069	1.245864919291017	0.8624083619012345	1.1242933698427484	1.0161180037452338	0.7829445911202546	0.7424252323315008	0.6636776546448183	1.172424763445029
BARD1	0.2105072477766531	0.32169402226462857	0.3787745592895108	0.27823394250212047	0.06271169973600282	0.19669253453682964	0.0018014768817664027	0.07931849106044096	0.03362340869452253	0.046736733962515035
GPATCH1	0.5903007191473062	0.2522449664590102	0.39492748041180564	0.1979346881111098	0.37587108188093865	0.0008784149594148108	0.045447210914511	0.419278433186519	0.1912834557794096	0.3929569433578668
L3MBTL2	0.5080931492297023	0.1379078756626706	0.13014445070603933	0.54272908000631	0.18344382492486266	0.30658880650298515	0.2473685070252793	0.645213603083689	0.4977669527136647	0.7900850237138549
TFB2M	0.060083166678424595	0.24905211793511808	0.44139707673748313	0.025634699760631534	0.45633631803045366	0.07654401363345682	0.32569377167347313	0.2811550148244723	0.0948079368764089	0.07684638661168632
MRE11A	0.9525025713510689	0.6221558806581176	1.0597270880988652	0.2765999850906832	0.5223871595251599	0.23904172379327362	0.020187694775023832	0.04106697417799799	0.1550818166673981	0.28436584303475365
CENPO	0.29871754916219145	0.6844312273534154	0.0005012521741049665	0.16309922029006962	0.19663889996787193	0.0015034414868299868	0.08609191599442356	0.4237394702315105	0.2326634631782736	0.09497015372324256
CMAS	0.014544037294723915	0.6642736030413794	0.77411648732809	0.2024760065503636	0.9609670203016419	0.4979258576655244	0.6573298519111759	0.1238864152128159	0.33163298523626267	0.6703212365922758
MAPKAPK2	0.5319690624804319	0.38004752820565846	0.5596030681020863	0.9129698852930187	0.9090110297527932	0.9293967433078464	0.6499144612083464	0.6005344881669514	0.7360303530080204	1.0202927872332357
SART3	0.8794207715524733	0.7525683973765452	0.9261799039373062	0.728902234197544	0.6877378621302607	0.6922409717743819	0.5969903595059797	0.5184115009944101	0.6200698920729433	0.8861332531637728
KLF5	0.7332212998730407	0.11248709498521464	0.34657441573152664	0.03256368556329393	3.917773123229125e-11	0.4470694392987588	1.8157312227408666	3.762894454006659e-20	5.120489814045757e-18	0.11496483218642502
MRPL12	0.19646231921581198	0.8106252423985166	0.5895493075774043	0.5749415571719809	0.7914167219840901	0.6356812392627532	1.1958074940072936	1.2449054553586758	0.7151511789378576	1.0345749232681727
MAP3K7	0.8161288899529705	0.6370518634656268	1.0580816456400304	0.4730488634811519	0.6856454821017258	0.6837501869501424	0.3810180885688968	0.3746465442510802	0.30672074335897054	0.39812829853121523
UXS1	0.41791568459048245	0.4336845117511028	0.5443603478675211	0.3917475986960699	0.537535166548706	0.4526981698303228	1.1292449460716998	0.4418046762493429	0.011238921678295898	0.5498693203670307
NAA35	0.46954986133173016	0.370213287913121	0.8747192693419527	0.23228954067232974	0.3288960839737741	0.47703264907440396	0.21849984177920964	0.43371150466218	0.1527422546489293	0.1440151812054295
RAB5C	0.592039064249357	0.5883167733805021	0.8873925131975196	0.932337315997376	0.654299769567325	1.1073103191373304	1.0087947452004054	0.7233787697091798	0.6455287712883344	1.0046433300438375
MRPS15	0.15201004247155397	0.5173998898971615	0.780680144063191	0.5388076039950399	0.6702809941386281	0.6692777309171943	1.0268627287981726	0.7403113915714208	0.5115158127980752	0.7470107937604671
TSG101	0.6247964290750733	0.6822503147715069	1.2359446125231084	0.7032511235842295	0.9850635158055768	0.857544173342962	0.8185743586151553	0.5260437206313046	0.38025790200954984	0.9562511974365336
ATG12	0.06349965562820173	0.07051368807801275	0.13918488842617482	0.053566319375618864	0.09953456295856616	0.08519561068297783	0.0019773686180643408	0.056886869654948775	0.04468332359104295	0.09421405774323444
ATG3	0.00237683665019591	0.5502166810475159	1.2008616309193756	0.838602006782734	0.7102155982705185	0.7586002407168229	0.6416862410044817	0.06466528001527788	0.23369886425122313	0.26755120784402475
ATG101	0.015151862660868098	0.4381089475349828	0.10349288288421887	0.5801306857146079	0.711885791988438	0.898926605284879	0.8779980698112296	0.7725036644230866	0.5403698127442257	0.7573510453090556
PSMB8	4.851969933349591e-21	0.12105181258943346	0.18667626187218792	0.530183540308693	0.07295307099021604	6.41784352577043e-08	0.26039242628801007	0.05523761308708895	0.2096462659670077	0.4446906618081046
SOCS1	0.26697049448327603	0.3361340349129132	6.794716942748745e-08	1.6371869788649218	0.2507496572002977	0.5707037535806763	1.2357248330281327	5.1919767869880184e-05	0.9240160873054277	0.5503096964449308
VDAC2	0.0011309906288796483	0.44462512995367487	0.45796472831129437	0.10658101536166947	0.5534638108617086	0.4629476460973221	0.49348467925301565	0.20064708692155242	0.16378492046912388	0.5786548445542636
JMJD6	0.365891490671047	0.49746498298880576	0.005702691951746793	0.2801095482531719	0.2805948324824752	0.43364526260295116	0.11912590694896896	0.39867791997249524	0.5336710641808345	0.24457988053304605
EI24	0.6568696141825362	0.7374404280614963	1.1974741347328934	0.5698853650268544	1.367757944969179	1.022247984138108	0.8000499587985002	0.6677905842233082	0.4784544187619603	0.9112861480881664
MED24	0.8968936031575037	0.5031770450199344	0.20092906780955122	0.46886919311283654	0.3222506217184969	0.3728832174027758	0.46051909291047444	0.9618598001642081	0.6471049351103296	0.8442070011048017
SAMD4A	0.679195824487483	0.001764243675171525	0.0001226685944189122	0.19304093928233348	0.2087455666180381	0.7594436630087326	1.1427064085103768e-05	0.6143024307555083	0.5047021454501254	0.35012855587706865
TMEM127	0.5489634474053011	0.22973417539693933	0.5437577327797142	0.7955274014887876	1.017264556018911	0.8550569647766133	0.710264976255027	0.7916390624689067	0.6131861412272062	0.9118208269399567
KDM5C	1.0374703634006661	0.6279294098464231	0.4323983024666926	0.7322006245238751	0.45983055543561996	0.672673932063851	0.3913593729669452	1.0012335319029941	0.7270181129024792	0.8086681590695844
GLRX3	0.5643669072188643	1.012650457338915	1.0606517673948554	0.5436227933154522	0.9942963742758799	0.7510237533612034	0.6895965601006967	0.2834138286852371	0.34859286138673384	0.6673623933694033
TNFAIP3	0.7790610725682432	0.6861505809724214	0.6824059776018737	1.5755739106675881	0.15092464479592782	1.183034975060324	0.47312958472458544	9.534574818095982e-06	1.0940076091755588	1.148771466819584
SRCAP	1.0647463869713594	0.8166772327800513	1.1000070005041374	0.9726238576724965	1.0304502043018875	0.9687441124040317	0.8238086369630216	0.9617645567230939	0.7668549308412812	1.0753192234738016
PCBP1	1.0359318824936854	0.8645509406749292	1.1321257060392076	0.9761185954461479	1.07431393719739	1.0357836091086594	0.8416383920698878	0.9494064797795387	0.7812740885978838	1.1429433302576215
MED16	0.8730511317342838	0.3660886583737094	0.004122133104117701	0.5605663417243222	0.15236518643813496	0.4767588588278149	0.32599614727994247	0.9804855666055577	0.7662336811789177	1.1613605561438787
SETDB1	1.2035780661652953	0.6882241641321105	0.708098911339829	0.5397002387442794	0.6663933156152281	0.1850552350607348	0.057271710616406304	0.687143913607447	0.6006396401517691	0.8609355835527064
RB1CC1	1.071742177723121	0.6299582629382833	1.209231888915366	0.4483630500267025	1.241388500831323	0.7997600936782276	0.44545831277999426	0.5035943733145837	0.3926794680221701	0.35182635390543665
PSMB4	0.9272185805309848	0.878100416635257	1.0450663933705489	0.9239593990191728	1.0778964018352453	0.9955004278575126	0.8170882974225453	0.8594373081267244	0.7347756232471043	1.1398449579064227
DNTTIP1	0.31476833102934093	1.1368717989780615	0.0003346916154402114	0.4937983893671869	0.347122159248376	0.449408122028681	0.5274972210429504	0.0028128662759187035	0.5608979897139207	0.8453331257398428
HUWE1	1.072798739291669	0.7176733911297369	0.9049625778264713	0.8269940349508116	0.9575720728320816	0.8352661037254383	0.6386411805906378	0.8671469331521454	0.7098434737332948	0.9968914318687204
PRPF3	1.5201694039635754	0.7142042806475634	1.0839070646111435	0.6202455383899342	0.5540260897680017	0.294481444040272	5.224048374744407e-05	0.7800881129219046	0.6399341782437392	0.7255196518099007
BECN1	0.5023192187861555	0.527291540336226	0.9221820083219474	0.6880225170340556	0.6586318670537183	0.8041325962273921	0.8843259585433914	0.48689049944422086	0.48173723950309777	0.7609246012837786
TNIP1	1.0353141293290962	0.8466401497060301	1.1307810530172833	0.9602951647612566	0.949824679012864	0.9556731823372193	0.778783057824108	0.8602453598384073	0.8447707059662906	1.2763219456669472
RPL28	0.08351462510679739	0.43236662891131306	9.186691166132387e-05	0.40358137607807526	0.33588035272447897	0.44088658567105116	0.4546118445151068	0.2800779851298965	0.25392231538043536	0.7777291382842072
TAB1	0.8410900297906599	0.2231862715581655	0.3382603891356797	0.46491803079265503	0.11897081430222656	0.3548811499364	0.3920804656794678	0.7544406599649868	0.6865063268324919	0.9514266083904367
PEX12	0.09473984394729135	0.10702942213296819	0.4692714008915361	0.0620907410212773	0.5055096709373476	0.10214201146417826	0.2091655546917284	0.22940474599544067	0.021957379200635622	0.15724041043569711
ZC3H13	0.858731183937906	0.43146015813143834	1.2459304814724608	0.3918279077090476	0.3630601204222466	0.7147834584390131	0.38801480110534614	0.479291660013359	0.3022711807010203	0.4387065046338675
ATP6V0A1	0.9187324601132191	0.3582593542596446	0.9952060029190924	0.7228974011985915	1.2866207941413248	0.5617442902572591	0.6276480774605713	0.7641208814343942	0.683445999400785	1.0853766048471651
YEATS4	0.10349729984519455	0.4680181704881988	0.6416098567830822	0.15590840187413413	0.39726652969812554	0.20052653854160452	0.4371950317460103	0.19996396643417425	0.006759853867238653	0.16633151215918618
GRB2	0.47794403449906114	0.6162643565777763	0.7905805095840621	1.2579082312792416	0.7573789122035943	0.8748224930679696	0.8809055129902719	0.5396703156181613	0.6894994351963146	0.8155916822950483
INTS3	1.250643352502729	0.5813010961161034	0.4119176416354347	0.28503140881197797	0.6998166798760067	0.44962075716936667	0.0780194176190364	0.4699943660565341	0.7671331451159152	1.109242016166602
MBTPS1	1.1085735033066275	0.5862012858520048	0.8144368017159496	0.7351109763990571	0.9813776481948621	0.8469090510431433	0.6037831061124685	0.8655941989569065	0.6112054259766464	0.9715152414508545
HAUS4	0.5714929304155671	0.2850591846702534	0.49931628781056137	0.34854150517799276	0.3780431059540983	0.5866109415462576	0.07583157099175068	0.49586760310325906	0.3345149617161416	0.7994410688853969
CSNK1A1	0.7575444845068564	0.6875871556145856	0.827071955976479	0.480777298551444	1.0667622075105467	0.9150194119650823	0.3059647023999589	0.23127514593181636	0.6363635561986445	0.9247491076302145
IGBP1	0.8703618977674811	0.7478242668157057	1.1304407368754414	0.6509549057273258	1.0301949832298674	0.9026895598615954	0.45181507795618225	0.6635034849391414	0.4608475592925732	1.2880430037639514
MED9	0.008088272828666915	1.0357090539929451e-08	0.09001656386707481	0.0415238158377281	0.018652532396375765	0.037139167424888424	0.1086334965753691	0.15748548306652863	0.044312966485703306	0.12462010359850903
UBR4	1.1570605229340063	0.6119029174885526	0.8601799544626318	0.9088188469654851	0.8363800682438091	0.8583095902695739	0.5072861717259468	0.9488576055195952	0.8065447574392874	0.9051497726761513
YBEY	0.11570723035471928	0.15437032643552542	0.30769027622713807	0.06488791662618065	0.3523304632969504	0.11868945430794471	0.20765593208930466	0.18846907292506643	0.02295652900503905	0.3429959865078156
RFC2	0.2687602776425344	0.8112036390787867	0.3025660135791199	0.23994232625962006	0.3949902854074666	0.3069293379924979	0.25151107681864127	0.17027340904324537	0.4260405874729307	0.8461857345709826
DUSP11	0.41078064898913585	0.1714333603022221	0.42724680655153024	0.16829554312616524	0.3015841346390113	0.13976492089606196	0.010678645262885231	0.2154861896264418	0.06997030341258094	0.2842790149203859
TADA1	0.10144084221567867	0.11101130666661158	0.35683995738697255	0.0007146244934064477	0.3004341068258572	0.007380666640975386	0.20352540089083834	0.284445848160718	0.05579769482946736	0.10293255123430937
TRAPPC1	0.7259768605673939	0.7636420872921205	0.9038551191769763	0.9855672401308475	0.8860515395986868	0.972860568719641	0.8590584481971096	0.7050292219531005	0.5797829061028682	1.1695719874827653
PTAR1	0.26460877364439944	0.03931992430172011	0.4874776792347917	0.13537606535522406	0.11529201153614056	0.06289750199894138	0.05049921211049532	0.34662514458460153	0.09577412753491238	0.18142988924901127
CANX	1.0111906452697246	0.9074087375048802	1.1567476160263896	0.9257904270816546	1.1498962297727502	1.024547869690199	0.8126495295784362	0.8362200115092184	0.7337316455382659	1.1727503769328336
PIGK	8.984355235040833e-07	0.10496947982865917	0.2798051121372182	0.07148508067468069	0.3196195339522382	0.3150779350603271	0.22739194962194076	2.1077969149366143e-08	5.444447534589886e-06	0.21851321751901076
MAPK1	0.9020891748116819	0.5900286920773284	1.0990326265900632	0.7815841420175522	1.1203358456763157	1.011893685456535	0.607172505662691	0.5447888641759795	0.6636250206090837	1.1909670346766636
SLC10A7	0.296646334806651	0.055204028808357744	0.2507575692739226	0.1426034660295946	0.1356066502946662	0.1059099105685575	1.0165947374457803e-07	0.10358233095173884	0.10871774578344155	0.031781883713713016
TPR	1.1984105675714634	0.9518191369843743	1.2871853582030868	0.8271500700955841	0.9449933829481769	0.8453754563972202	0.5582606592561913	0.6700331084869466	0.6243479955116612	0.8898788073531861
PTPN1	0.8016553252881862	0.644504039391596	0.7999753283264386	1.05976443415431	1.0350403081344848	1.1360082497905064	0.9207726313109769	0.4268216739283439	0.7154209655599165	1.0926063716105767
HNRNPF	0.7673392662798124	0.8358502230015138	1.0196249201713719	0.9353564639448498	0.678733445720823	0.9092058764882234	0.857760297077792	0.683326838267931	0.6955467028615991	0.9976801967443771
SRGAP2	0.6272934911226481	0.3140838906686814	0.18189740113589245	0.33979840548323026	0.20902380555915157	0.33403742443050616	1.2748701492577024e-12	0.24971851220223062	0.2923320804118005	0.3510716677584327
USP8	0.400742898305633	0.20539205033875468	0.8504077698976499	0.3316728377625482	0.4083966359759752	0.320478708728911	0.24603620051015415	0.2455233762385127	0.22894309539180463	0.23437455469866422
RANGAP1	0.5109937452413648	0.5071229914225274	0.23772463159641338	0.8781978029373979	0.3017248526840567	0.5607602455540464	0.9658636776791762	0.9817671514923122	0.7352489394265036	0.3113147448540597
GFPT1	0.5277480505214902	0.8740560695146063	1.1274210154678659	0.520581293491294	1.1224128680001015	0.7667594548897616	0.9445929940863197	0.23573062159359887	0.4168116323857623	0.7464213601803964
COPE	0.8196269410395014	0.7425778679579189	0.8022659680820888	0.9989099307490577	0.8757456670082197	1.0343316650428962	0.8735020158897592	0.9580158416861744	0.7718515146205257	1.1974816145970326
ANAPC13	9.113287501562976e-16	0.002031414506210558	0.7542388433348046	0.2004978928384627	0.41412494512431314	0.5436224366219631	0.663071183050816	0.18952395642344821	0.005727049004814495	0.3168817848620831
STK11	0.5380362033576841	0.19263472433771783	0.24821287075617196	0.6214218729237586	0.13489783901710353	0.5812578911297459	0.4029775402014974	1.0167501028903518	0.617632389692493	0.7553033292015333
SMARCA4	1.1323882672189276	0.8650221860224865	0.9459776571932165	0.9054524129132615	0.8589347056545068	0.9117585535975627	0.7859567516143403	1.015606389205034	0.8078625340813682	1.1171801150757623
IPMK	3.312901181864246e-12	0.10495681021440721	0.2568978803268117	0.11011550029704888	0.11180825665248124	0.0873113536177847	0.1259530796635647	3.3179307015766444e-12	0.16953662050025955	0.16756030027393767
ANAPC15	1.77561174938391e-06	0.11826855420981511	0.38957222522069507	0.20253035772015465	0.11812631769236895	0.34752285408588873	0.6036750919751755	0.3450021287722047	0.06804550959244365	0.1750249839667226
BIRC2	1.0392483723388308	0.7044461065898522	1.2623779961273385	0.7067923007577382	1.3772947799706625	0.6004206724085851	0.1594091646679443	0.31885666267880747	0.5528806951708266	0.5916821639644654
RBM10	0.9862265900122629	0.6370603646374378	0.47876494950209514	0.6867105488862891	0.41905867919301826	0.5959329967410519	0.40621135356882226	0.9104824341239847	0.7227579769954847	0.9659967355544815
ANKRD35	0.02094941740247588	0.013936949483984502	0.025550341354521288	0.00726993353654894	0.011795854952148925	0.021196135169114155	0.03250487731476746	0.049165396855530195	0.005262243418138095	0.007396999891661674
MTFP1	1.9718973264163553e-20	0.12191146393194972	0.00011154921960670288	4.837408385076846e-09	0.3226113430848752	0.1838491012335112	0.15155347881914247	0.24344472593141217	0.5584901091759439	1.431097729594317
DHX15	1.108580951901565	0.841302550166736	1.1876171924521988	0.8611760884840752	0.9046115503971836	0.9222075425328868	0.6604457832793799	0.7861658647052944	0.7017432757841815	0.9167403289900451
SPTSSA	0.0001664920109055788	1.1802003474817481e-12	0.0029459981776374555	0.10958074948327849	0.24563773235351463	0.4846667453466616	0.3558018917733874	0.28872656468003594	0.05127746269732562	0.025690061843489972
UBE4B	0.8290160364289479	0.3492565597688679	0.7870391549017214	0.5013593729274896	0.7266684508875763	0.6206831515383829	0.4106686380192926	0.6708319635028829	0.4577885616326388	0.6938739607274161
SMARCD3	0.8866815500455694	0.39850427030791696	7.886074885619384e-07	0.01541980236906983	0.0033168579424557643	1.185359896019381	0.6056784866999235	0.7689034122140138	0.4480902080395144	0.001479886469193102
CCDC114	0.22213803492739675	0.008774355308133634	0.022014241759293424	0.024634363947579965	0.010378598170200622	6.3351595021185856e-21	0.14717028828991588	0.023810179551858265	0.026651398405563798	0.002767096855082755
SHOC2	0.8200940671470522	0.7117921154591107	1.3678133313725223	0.8135998533897514	1.2128158069829271	0.9147337638393803	0.6540733405599362	0.3955937090995306	0.41901925697281317	0.6859454827209331
CUL2	0.27227243079805447	0.4396152433697061	0.6804330396811532	0.40056025481139174	0.6601731574518012	0.2926945824602493	0.24396658901293977	0.15735987891532588	0.13948634600649393	0.002259067117267206
PGM3	0.5231847897803622	0.6756869572574667	0.475881339844521	0.10980700038575027	0.6170746662864023	0.37707009076644143	0.00026799884767942186	0.17074697671764677	0.1914123653722249	0.3080333533826642
TAMM41	0.6069266175051711	0.21254199986854255	0.36594201557928296	0.1932422613634213	0.2552708184344037	0.1802631385797395	0.00691264576799433	0.24692045241250715	0.13187268571723001	0.0007266443511368424
ACTR5	0.409967084592456	0.1363591388910783	0.06423313659945078	0.0989577138013826	0.16764582115280074	0.015373901679946681	1.1464672790127589e-11	0.352793991505506	0.13729935553210038	0.19438043653691497
DNAJC9	0.3895124856875714	0.522087506014102	0.19353896618595262	0.2909387058791707	0.0006230452773283995	0.09197899926829121	0.18745056704802676	0.4829719841950753	0.25935373486862756	0.11217988050721481
GET4	0.20840724257920407	0.2311854720094142	0.0026589100193730505	0.18524789223708665	0.3536252781835359	0.13276905655481844	0.6678325194893837	1.0326607369762333	0.4808081631490532	0.5616477916496986
ROMO1	0.5068827584351313	0.7963550786945113	0.6682844095175509	0.8187670032866706	1.0688247746678183	1.0975291574665915	0.9967955064770921	0.8325170881043334	0.6410551103817764	1.2909807815418433
SOHLH1	0.00405370339281579	0.04469320007403109	0.04111804301413643	1.0349210603887032e-13	0.006488943991190584	0.0056017938843214415	0.028301898300036665	0.07457917766829338	6.05568810074159e-19	6.346629921396964e-14
EMC8	0.09680708706399806	0.13785177978052932	0.007017305400463205	0.21477189369488003	0.168617399654993	0.22185363022931448	0.3011423657036917	0.37705526562952757	0.17464492554837455	0.2001527129343282
RNASEH2C	0.6801616702595616	0.40023259916684967	0.45970454569706853	0.48975848110369985	0.13159546730055066	0.8245468863295226	0.28925128522254484	0.7667760557982696	0.5258776255668234	0.9907374579993716
PHB	0.26075219780029274	0.7267184032620574	1.0192005811422997	0.46302068956071113	0.6006910582181267	0.634562994390894	1.24400061486139	1.0137914231907124	0.5645031701031156	1.1496770486584909
CHTF8	0.4487187819659635	0.2114047176173004	0.5506543951737641	0.6616445777179102	0.7971379144408994	0.4528998737022702	0.7076099873257569	0.8740721385702406	0.49551348001443407	0.6965451691559112
SLC35A2	0.028434297792708656	0.28853660647532864	9.292269177042108e-12	0.2645836746437988	0.4710052615116185	0.14815127810437773	0.534695592955425	0.2726803640897586	0.3065055097850802	0.32499463111176663
PPP4C	0.7684962834510107	0.7754496494437115	0.735746914782353	0.9367022684616487	0.9170307465467451	0.8762531844003202	0.8400110910061804	0.923865871343131	0.756923505553287	1.1598307244018489
RTTN	1.040623820913529	0.33828069324518534	0.9864143155574039	0.36317331563293276	0.5373224668578761	0.07062973056940333	1.2477691405558978e-05	0.7078779362628637	0.17813119982656966	0.15239908923936657
IARS	0.8007527956978088	0.9911934422387207	1.041478420125581	0.6965130706556631	1.0534712234820658	0.9131107436122804	0.6382669268314183	0.7030318137886971	0.6216517628866767	0.7663593903293278
GNB1L	0.04138965262085919	0.05276553124697868	0.012817646679418279	0.052031429009060264	0.005120289974003419	0.044094963473504896	0.03420810699402872	0.09801708018705785	0.04566200197644953	0.05120360477064193
MRPS34	0.2636631724539526	0.6205479513335079	0.5407592737812822	0.687364786881289	0.5197668342434197	0.5543992561780048	1.1119626664017686	0.7717621722612101	0.7200400428358605	1.440243569198366
CPSF1	1.2256963930480538	0.6145770479533964	0.0453945249670083	0.5015444144465989	0.29495732158191806	0.45386983557611177	0.16861970569962945	1.0931274090151062	0.7296188359028603	0.560576816733193
EXOSC2	0.22973390913679387	0.2844678588096926	0.3588587662213488	0.1540380524666857	0.003032167301929933	0.19254804681122298	1.0067003910931158e-05	0.27635269796612083	0.1267544461098737	0.2948569295140373
EMC4	0.6422156049498615	0.6594257434678181	1.0034676828890714	0.7790698971039002	1.1190762505451157	0.96021868581318	0.6775684737750175	0.7978677924659706	0.5304925653963396	1.1188362739020805
TMEM165	0.8971397769310406	0.8634725453662542	0.9242087857039237	0.9663545863912603	1.0079764042804216	1.2392579020453744	0.7769695065675081	0.5290741183630022	0.756092343496046	0.9320261147528649
VPS25	0.1556063581234059	0.5589369227292361	0.21153111800558483	0.2934783054542231	0.5282090150291927	0.44412271066797127	0.7144759918062795	0.43598320155489156	0.2714594912019657	0.9444664426382735
RBBP4	0.20045079317854142	0.1870547149823143	0.6165504243426893	0.18462472887188328	0.47209294370249105	0.24506938148018334	0.23664577278982832	3.140120084511912e-05	0.11149096393542278	0.1924687967337877
MRPL38	0.4517012289089264	0.4941064035567146	0.5154466046418534	0.592006129377279	0.39807120022327724	0.46529463590733056	1.0034289655599336	1.0983603811601217	0.5906014589430627	0.9987538991663378
ETNK1	0.3439443250957496	0.14780549581201202	0.10952377938180469	0.31337524742461786	0.4633190384489714	0.19158744540699157	0.3497682419832855	0.3009363717909586	0.2737475187689446	0.22692384004162802
CCZ1	0.49180663893131454	0.7582961243683061	1.1000930233872064	0.46793579604882607	1.0766743908522973	0.8228443076129162	0.5840962685410942	0.2896808389134568	0.23898035224339864	0.5332687621583082
TIMM50	0.0861548955273634	0.42455037221813785	0.2116511874154461	0.243744148627486	0.5167433503205835	0.41450520704939214	0.7509974616572085	0.5999375172456918	0.27986051610417345	0.6823677329375312
NMNAT1	0.10938027785368905	1.8608133492469044e-05	0.34179855790528096	0.1374295467723351	0.22342038178769424	0.14954022156547553	0.21484296602000197	0.3336937976014352	0.14370381438995383	0.1458109521148508
ADAR	1.0675142506383446	0.8406263376297969	1.1049009442748432	1.0200266482442124	1.0239696695544056	0.9349177427705242	0.7367713381535116	0.9088585897855547	0.7857582380166551	1.0423533131645581
SMC6	0.9015883256348391	0.756285535687032	0.9720351162963536	0.20865588362316115	0.6772566571048058	0.22329572479384346	9.05335342546053e-08	0.2819710855946982	0.12646542741500683	0.051088150241292894
PPCS	0.11663567982285189	0.09061872283150303	0.09429113303712171	0.5179720141953787	0.7162917826411651	0.18840607741586576	0.6035192463496005	0.5712864659303502	0.6044194563692886	0.6028159420397647
WNT3	0.04562609969737138	0.22079124477180145	0.026062802473074246	4.124086278811745e-21	0.1544936574627555	2.0072512986523404e-10	0.20992212199545282	0.22535638305159625	0.21453184190973656	0.0018802373349494977
ACACA	0.8151044063707407	0.8342194808675044	0.4434183652195067	0.2346671036566317	1.044234160466655	0.5164426507372456	0.7362035926923658	0.7719408346603428	0.3855943928823467	0.04420266621990797
SOD2	1.0453394489188879	0.8835569336306092	1.1480564482764575	0.980500298682733	1.0813230091891817	1.036647443884277	0.8604301749667288	0.942435503542345	0.7935424577430631	1.154414563558831
NARS2	0.6432882004691289	0.22155591867299945	0.746606930471678	0.10903970480407747	0.6127384308671071	0.31380989047825	0.43377433591187164	0.7217207544612793	0.12227366759506232	0.3307609266766873
COX7C	1.005272261246756	0.8637774332820275	1.1687587367187102	0.943755014410379	1.1733429021425679	1.0503984454958144	0.8424211785830177	0.884029827918061	0.7274529632698438	1.1462361923443627
ATG5	0.26969119450604195	0.296396396619519	0.5783503693593705	0.2857660657305144	0.4687394488504731	0.2785892409077769	0.1847621207873826	0.1672379573090016	0.013589781654361092	0.01036253524965749
ATG9A	0.6239194900981914	0.2989235153820349	0.3428613043674057	0.5796970699105819	0.7844597385861739	0.6083970334263636	0.7211209822153682	0.927863627994434	0.7230031794914108	0.66031604416103
CD274	4.612359101871801e-19	0.22411410964540388	0.1662279291260755	0.7634891072585791	0.0948726552894638	0.0005418399996234638	0.09777888296599445	0.019712229092086843	3.354705377722146e-08	3.548376747641207e-21
HIRA	0.6064051838709652	0.2992973186013034	0.44057980343317854	0.6143510165766112	0.3864003551389285	0.33221413004506245	0.4694236142934843	0.9833425711830434	0.7318624043275339	0.5269649699784025
MRPS9	0.15864487625380272	0.29539467528751134	0.8272372834983978	0.10692457080617798	0.298803028190679	0.21860701116652564	0.5026433712087106	0.435322045243856	1.0115612263673657e-06	0.4020393351241652
MAP2K3	0.834495435052499	0.49712421060140777	0.6517736898662836	1.1276838581407564	0.4658541147967953	1.014396799954524	0.6887078945388986	0.9421594481823014	0.9019372978382821	1.127964295361135
WIPI2	0.2974951632060744	0.2965739459644693	0.23194767796365778	0.4533629647139147	0.5149887284077654	0.42714890146598333	0.7208335881072003	0.7593355299984206	0.40813196158394843	0.6448826509446492
VPS18	0.21018852922432316	0.03117236334101803	3.2297580305366876e-05	0.6848645440529637	0.46300882519739317	0.48148826859805005	0.6840645051268092	1.0751947863020408	0.5529546713748895	0.4946130725380685
HM13	0.28648681459125525	0.8779884993789085	0.001151298565240618	0.7209366455462397	1.0449568983933262	0.5881115701842149	0.6468329439685954	0.1623947805397466	0.6593045412202104	1.0724274871787496
PEX3	0.33908605766677385	0.32384481670711424	1.1488416300286186	0.27908875018358464	0.6104607551941097	0.44124757872297976	0.3658664962433729	0.2028382348500813	0.18835228922378236	0.3964799350512958
LRP10	0.6794466913682666	0.30665642819140615	0.14938473417495646	0.9247103989795818	0.6769121390746092	1.118347105731161	0.85705219505277	0.9763682925044364	0.6920408169045746	1.099001159654895
USP9X	1.0377730764147368	0.8115140584259588	1.1394292463102953	0.9093156699656739	1.1929346453507381	0.99986056553866	0.7585533929149845	0.8531383362131262	0.6917575280500123	0.973612615118007
NDUFA11	0.3591936115473919	0.365175705162201	0.3932855525799811	0.642346428877594	0.788622864809179	0.9109885022602756	0.9379324351888625	1.0120535460826605	0.5143775525130975	1.1751480504398033
NDUFB8	0.9101939414317209	0.7153006096583262	1.1743203191451197	0.9096724039857008	0.8695955396695022	1.0053280653074324	0.8856423783932649	0.9436779269700104	0.6405421773044533	1.0363020369411486
FURIN	1.000818462361622	0.6771036578322498	0.7668892320995309	0.9416757429724016	0.8138947491678477	1.0662959677252934	0.7708533043636738	1.0634842652152847	0.8352352842726469	1.0699721766875019
PCED1B	0.5943908511353947	0.33446498578751693	0.043995518495884366	1.8932975200705287	0.20031949544389546	0.4473287895368222	0.10839057752954774	0.0003309976389102568	0.6332055324716647	0.21259381712442493
PRPF39	1.2581441320572786	0.5822193606144107	1.0053453377677484	0.3317324156086386	0.5549900527852695	0.4040873918423752	0.004673084486753105	0.40909345944930914	0.323775354396935	0.08789694815092405
SHFM1	0.9100794608612065	0.951107091963233	1.1666382067557202	0.9088785389036399	1.1066523824122974	1.0861861775812343	0.837558231452978	0.6850282690510036	0.6795958625446135	1.1531640844451148
IRF1	1.0154486270025491	0.7385268735646608	0.7648564755353313	2.0166592563355503	0.2502324812492435	0.3302683692066343	0.29253598062535097	0.2649454078999013	1.0137576948228733	1.01419825360941
SMG7	0.9209462133028562	0.6989377650681861	1.19213666693565	0.6284490374030229	0.9485399288170538	0.5255048377963549	0.43500329389261516	0.5896383899510825	0.4755749328565281	0.851880670185416
PTPN11	0.4848881897779403	0.6432960983302236	1.033772092492171	0.40163483196019517	1.398438698321018	0.9266239331167814	0.7930578231733731	0.4172246589590034	0.30731594729592465	0.5579126351285802
CCNE1	5.584639682765794e-12	0.417850823528253	0.020391037788631043	0.10280491453525323	0.17518172115810032	0.040159412651631	0.22772247493676354	0.13026694128183178	0.054327354424591495	2.916310128746585e-14
MED14	1.0146992714273984	0.7319678243996575	0.969034966230135	0.5468617205528864	1.2212110759435582	0.6713436376235243	0.3075783939735612	0.493911174376592	0.47304183927339843	0.6736467615288253
MTA2	0.9745139046008533	0.7305907754417386	0.7127082665526732	1.0912687048646665	0.6667026839954816	1.0238479635339925	0.682800988545564	0.8402639320031015	0.7424955338781258	0.8825060042924867
MED26	0.2321400643609072	0.06337911494783147	7.948375030389064e-08	0.2694020358654914	1.283961700538746e-12	0.26502743687131947	0.1673234480308234	0.3731459553649779	0.2742493623289053	0.24561365858146078
NDUFB11	0.275002176221234	0.54841090596454	0.6297593451241962	0.6223179765383298	0.6738756292691422	0.8915578488049843	1.0147104440584929	0.9981219335735136	0.5842392385489446	1.1586825517570158
ZNRD1	2.854385916729558e-09	0.03679019685252864	0.0906387516666879	0.04533151820110343	0.07183817762145066	0.07100781081400544	0.032487457380773264	0.07445980856771141	0.011729498113515185	0.08650810986088843
UBE2G1	4.521155115510749e-07	0.05250162856012154	0.19795476586470687	0.15678889527257062	0.09633568717998148	0.18364010364959815	0.20843941615205208	0.11907572474151958	0.049232997368856155	0.09481989452575258
INO80	0.8198978118611816	0.3657400746031981	0.8776558288118725	0.4889861219010083	0.48382366404124444	0.29872600095011786	0.15412423517074275	0.40969484283521124	0.40569600424856045	0.3558569188641004
MED20	0.14771972704573275	0.0822452127812097	0.1122180988951923	0.03667230952957812	0.11399783540404128	0.058234471603915004	0.12127472018214754	0.2772622797589222	0.06091701484230446	0.07084062629819386
CCNC	0.1373463290772548	0.29665465689582005	1.1927461032545448	0.34316464944947067	0.49804999412721046	0.5292086651497062	0.5966699549073091	0.33617952762443787	0.011786421859680136	0.13528559057236023
USP7	0.8597094152300431	0.6980687457508536	1.291495552981169	0.8369955560818193	0.8637116796913165	0.9368206253693997	0.712934614862702	0.5852104196290926	0.4654538224328056	0.643443893730636
KCMF1	0.09308973522119188	0.3215510686359334	0.20787520455048747	0.21286776745989147	0.471054069730226	0.3094149781019006	0.31035032066857887	0.08209636769279784	0.1956669892098992	0.2711599439686073
DSCC1	0.07313393803812232	0.2844760262697246	0.1654809273622255	2.4063864788146824e-05	0.11612613699862298	0.05753965795608536	0.028256992495265438	0.044377161910175426	4.5997438278277985e-09	0.030844009353945122
CHAF1A	0.643253954509394	1.21333519700477	0.29020604765527985	0.40434751419312975	0.0015581167334732323	0.025953538088679402	0.2027648199101013	0.5907082695280294	0.5123866606749656	0.3961266866080818
LEMD2	0.6234505321203739	0.410512011500874	0.17107239821528045	0.588810221218316	7.7207679495284e-05	0.4893346328694873	0.352749170624084	0.7758541375424897	0.5478513481546105	0.896885334954343
RPAP2	0.5701815386212019	0.3512649339307128	0.8530067110910281	0.238808459079535	0.4957544074714908	0.31291959862933505	0.00020448404411477114	0.06185908677793273	0.1963132823823558	0.07348661661218306
HNRNPAB	0.5365008696039587	0.9655329549905968	0.7265741418304926	0.8060227436778045	0.9038141517042642	1.0858763945895404	0.813829068017519	0.5184298077454732	0.7591884608450526	1.0495939443036555
CDK8	0.38988041275872304	0.3035931190759704	0.8327704015425572	0.14346262894431744	0.4281996057711313	0.5262375892642978	0.4095309432435024	0.41578073682750366	0.04781508333681071	0.0007303504115936966
FBXO28	0.12396270760686072	0.14912917598044986	0.24310387604468575	0.10541003738764304	0.25256643920581967	0.11515871703083842	0.1208412440217835	0.07762654992755616	0.2004653178199061	0.26442886621850514
PARP9	0.5182222666547555	0.39425889828613314	0.4297112134093647	1.211241826236156	0.4798865146987086	0.16148389677880715	0.14513232917167276	0.026467647671957684	0.733173499777907	0.26011448356340133
ZC3H3	1.0621896431795739	0.6348892199468769	0.2836366529418046	0.7383460937417866	0.4437463555602593	0.5784280259659017	0.584995238377913	1.0052021453419022	1.0297167629789055	0.8665769982735556
DPH5	0.0705834127144461	0.28223946170822833	0.5257328224695211	0.05259552876724469	0.30051736385016226	0.1357436588002079	0.22879814068982382	0.1247941605122163	0.04771427091393364	0.16791380653928753
ORC5	0.203703119157446	0.3583501178199976	0.4528115692898731	0.036284273549370416	0.6860161131298542	0.1791760113268606	0.20273743294063584	0.14972988193999767	0.020824652081044344	0.004306004559482408
ELAVL1	0.13967372896244337	0.32526765642531064	0.2651765414907173	0.3251537301018843	0.24208252587546839	0.4565209627387305	0.5416650387684204	0.32306135139313097	0.25234261057372437	0.5432219779178332
CCDC115	0.11949398681867061	5.128188144423951e-05	0.052278804118300735	0.15829211088348913	0.0007888163754159259	0.1267190803975969	0.16536489325874412	0.231606900124953	0.14984000738905562	0.4953026276162121
SLTM	1.0408303635565699	0.7243865252557983	1.3068089144716581	0.8448486099401251	0.48773938623405366	0.7127542148132432	0.6593011797371655	0.5728960793816901	0.6734668171108479	0.7651667979088771
CHP1	0.26964811088310575	0.20354986777360914	1.07425903668288	0.7071517658173639	1.3307328889176904	1.0129677931921104	1.2322982544150287	0.822089085448818	0.44454462262391387	0.7218216285433962
DCP1A	0.1314575144359139	0.04685894588374963	0.11389490823793513	0.10863956165135066	0.04634798374659997	0.12515399171705277	0.08124251586474374	0.1221086873322415	0.06462675535559562	0.08980641739336973
NSFL1C	0.23907888729182833	0.38740525988769525	0.3038697386646817	0.5022562662446535	0.19598645250564162	0.5744073774236315	0.5429195744958444	0.30598108664009877	0.4419669656831529	0.9791144168878196
ZC3HC1	0.5192987992122065	0.4889015568283339	0.33942635564970425	0.023219309196651574	0.9649406947928046	3.3580051198264466e-06	0.23461665127248169	0.3402704062067686	0.6975051142681241	1.2346386241938603
NGLY1	0.44494496949121526	0.4068846820004138	0.6828893092763016	0.5882820885841653	0.45827181330402966	0.4515211163022602	0.3689463578247001	0.28579636088726784	0.2960081050041597	0.10855103495661961
CHTF18	0.5437368227778552	0.5705901398147166	5.517876314056602e-21	0.09351048571077335	4.820589027597358e-21	3.3398970961241655e-16	1.6093107741818656e-12	0.5424997157833888	0.2479081611840583	0.06228764778965137
PDCD10	0.6023475008984642	0.9171803256630979	1.33247676228149	0.7970866133682011	0.9229773607433821	0.8695472009711346	0.7225346119361977	0.09926269291941987	0.3362880849570556	0.5856279654785098
ETS1	1.0985524229671288	0.6438741714638008	1.1921923480559777	1.259647883952372	0.7122420063653383	1.328967383938632	0.2050029570640135	0.3124450037728499	0.6908686612149774	1.1619042495756329
VPS29	0.9230166686607543	0.8167159840128208	1.1715818079320264	0.8837765287195366	1.2781254366344845	0.9170724778285596	0.645495961717084	0.5047540038862212	0.5472409150213232	0.9446430047947866
AARS	0.9382441222196316	0.8369592510557393	0.9308552111050394	0.8316148655470971	1.0192492286759622	0.9194235783276383	0.8984262201182168	0.9148698504579115	0.722601993899679	1.026895372907815
RQCD1	0.41886066963470997	0.5165090469379753	0.6921794056415718	0.553177083815088	0.5972594811598135	0.5163686243441771	0.3604058284465768	0.23168306595448318	0.27727043685707825	0.3172037963113029
ARID4A	1.0657421087027372	0.4168394483325215	1.4734747670168054	0.5917734863152102	0.5932700284741224	0.6429179209894963	0.05378411784496906	0.3227408436526304	0.23908556000056813	0.4211764218949374
INTS10	0.9480340545658863	0.5590651854344997	0.9583666980965373	0.5775364242378765	0.8647227571269452	0.7847270365952896	0.43765667989753465	0.7536104521496971	0.49217442489257623	0.46038211054708306
UFL1	0.5803764401346182	0.5237949925390919	0.9290335258875646	0.2713477128879755	0.6847900076328154	0.37327543544844	0.01709543108971816	0.24891504846656992	0.16814487658079552	0.6004120254498266
XPO7	0.7142412728279464	0.44721043568716795	1.0258319143580732	0.6087526871721978	0.9216505561589422	0.6615948653814566	0.5473567084725985	0.7774034984195082	0.28513116796345145	0.5299507321632687
PTK2	1.1529280257031884	0.82968276794318	1.175476339663904	0.5388859020414661	1.0565930681791111	0.947842780139423	0.6356825136607532	0.8423320685951108	0.5868685016520856	0.9040945385296211
YIPF5	0.16863346201831172	0.5651000826761561	0.6064603315088993	0.1978257507088889	1.2856921264321552	0.5483695983643764	0.10375378676965163	3.1244373268439026e-09	0.11449794296057299	0.6698103684662768
NSD1	1.2304766083343095	0.7732438203606928	0.9240961813870938	0.826459139718936	0.9945326622067852	0.6576195866686856	0.21803350583696324	0.7600959189894654	0.7146719673618771	0.867301137176637
HNRNPR	0.9729989363552335	0.8382031324516411	0.9600976209806215	0.8214519505554561	0.5576500217691676	1.0547522089285024	0.6363674322253364	0.5487293690112903	0.6491430441030444	0.9370320199311428
RIC1	1.107952601473645	0.6693954856316804	0.7739759972195656	0.9801438392976863	0.8719259976537862	0.8543489841086798	0.0035196581407225805	0.6804966717437312	0.5652060499602413	0.43584450493785776
N6AMT1	0.29566434866034313	0.050362344221872496	0.15632531841376937	0.012325405922582536	0.14931528799205201	0.046403129971360486	0.03854553627035456	0.2442959417917224	0.0407531642704708	0.15443807491587605
ISCA2	0.0538072070241735	5.087306734044986e-10	0.373323566249843	0.186728038940628	0.25204486893893085	0.24902011599028087	0.30334446755505867	0.5430719144212066	0.006233198709505922	0.1662925718097719
BCOR	0.8945221242099684	0.35785415054433184	0.7602945100651457	0.8179855007856975	0.43484321879557397	0.49666841719685506	0.5670944424405082	0.835144407523084	0.6273292425387141	0.7220410054682597
ATXN2L	1.060538787017059	0.8318113482815618	0.9447796225524658	0.9706452128337578	0.9854612661135242	0.9210773494758311	0.7989488556475739	0.9107438864190168	0.7968290559742955	1.104733492993905
PIGU	0.18146578762593024	0.5306781071715421	0.30000402070648147	0.11736796738124469	0.8206936327946931	0.36908068363325774	0.6244160424032246	0.030928982404979172	0.09664104465748555	0.504630255993403
PARS2	0.13318789924277488	0.07390364195611106	0.16789406586961822	0.0005276961098634734	0.1590363353293919	1.4183080803951282e-09	0.19353722602291007	0.37766006822987075	0.10705511119645918	0.1834993286740635
HSPH1	0.38200345963743376	0.8641146323361301	0.6953914627351968	0.7210484441801202	0.8556944578690696	0.9179114212121066	0.9665846419046216	0.4069688608063479	0.306186419604535	0.06032113319195027
SLC35A3	0.34776648600742527	0.2639255935981463	1.0434370775810613	0.04139001721271855	0.8566395896640391	0.16370136734567226	0.3088130058110994	0.005532497479265813	0.07066823074925885	0.07456515091683806
TBC1D22A	0.861211262118094	0.34985529953247857	0.21881302158106286	0.7602424015788513	0.500303641680766	0.40293511746932853	0.21226181320558518	0.3712521421771164	0.7175453267053687	0.7951057289904092
RNF4	0.05448558443847333	0.17740768208383573	0.14396181349950818	0.3653218371152774	0.22073413014253665	0.4011680639020558	0.22832951523027284	0.0915980636762354	0.2643757926203113	0.35894121138990165
TDP1	0.3846590594318807	0.5216523380052175	0.47959742020288393	0.3725548726611041	0.3368762758139072	0.3041820518086362	0.0026868873705520515	0.22285241186656823	0.2061698119241516	0.21695136251196062
CDIPT	0.23306062468403485	0.06987515629394925	0.2853455509513996	0.4270367738347909	0.7354010286994481	0.6728200237269831	0.739633357605293	0.5783659494684855	0.32782770348550827	1.3212007947415523
PIGB	0.2758043583124524	0.2117648230367849	0.6422012306592294	0.38519701586535804	0.7386923395817035	0.1432686339395533	0.0954389550968776	0.017256541823072402	0.18846461743996157	0.2988948907756552
SHARPIN	0.7650920901058468	0.6182647496170062	0.30997182673616086	0.6494789964573425	0.7383081953817705	0.6787756368689626	0.8005415159110472	0.9904627563453687	0.9182822472953859	1.1468612443774913
PQBP1	0.5436962581679959	0.46390134566673014	0.49848258778561444	0.6048510191839048	0.4091276868328625	0.7044058541517559	0.5489426280213784	0.6248450779954999	0.47575201503941	1.1089535634707428
R3HCC1L	0.7563844406163234	0.41048222944258905	0.7171032201362081	0.433404821138181	0.5478535154874359	0.0809246193793111	0.0007105476698074489	0.23922255636862544	0.2826460276015671	1.659271945902406e-05
PRPF6	1.0702503567846045	0.8445931022720115	1.0298135249976315	0.8783200916232201	0.878837745483978	0.9188936847052197	0.7164023950056958	0.9043346373961839	0.729615299860668	1.1876403248253722
CAND1	0.928517458919508	0.9147017325717192	0.9680766638150768	0.5530436261917326	1.3383721343386057	0.7574518346182348	0.39381939723399473	0.39612988888115314	0.4060056376805127	0.7368682459095696
KHNYN	0.7403404270637086	0.061552591745367424	0.007846685476207111	0.5169555568258482	0.04472128194251896	0.42280741529315924	0.0007644522219163543	0.8903675190217606	0.5330161540547016	0.4203164362946159
MED19	0.06803698647781548	0.09044993889893155	0.09520587584467442	0.08005760604314476	0.14162465982008068	0.13394960594560842	0.18556752472879823	0.06760992324165421	0.0684448403626156	0.1924833775260534
UNC50	0.4722878976713823	0.5392981884319169	0.9096855228146369	0.5475595593409258	1.2622184670384695	0.7449028520507929	0.5909518639467978	0.19513807466641295	0.18244542894463409	0.6960178094031918
ZC3HAV1	0.8324780257021059	0.6284730214812456	0.828848230747087	1.0852694273139305	0.8743278081938001	0.5257325360630057	0.29631445190284494	0.36960585815347907	0.5884630306501557	0.35408687261288946
RAI14	0.8922290536328255	0.99609772179728	0.7480220385193077	0.041485172236490966	1.0093378853408244	0.8798313569645896	1.018426370110831e-06	0.11876008438955837	0.1318143975308431	0.6393023947253678
PCGF1	0.12949671993931403	0.11308026240834153	0.15555438093845692	0.036060558168461376	0.2765749209054655	0.05400100895318987	0.05698756396412456	0.14903636792268607	0.11496859179207455	0.2595197609938539
TMEM117	0.08510336058848372	0.1144865322373406	0.07378882287476443	0.038859955023894624	0.2258840748947524	0.16742662518269646	0.29587259946279076	0.17164289222582044	8.396475902902781e-21	2.8266873285578425e-21
PIGW	0.001571502636789808	0.1156371612144816	0.19957611582322318	0.0306937622703277	0.22580571225973012	0.046394798354473334	0.09143693162411602	0.10190121234081732	4.5031559960182115e-10	8.829029178429202e-16
TCEB2	0.06878068355460565	0.37830612751487486	0.30540141572799967	0.41075279980946156	0.6480739838916969	0.6505811276013916	1.0066543380869657	0.6400625312245176	0.36939988778103794	0.9328892682461244
CHMP5	0.08781053365062493	0.4288211384373452	0.873933959857365	0.5530813241517389	0.3805782461023615	0.6047207612783221	0.36030755580902385	0.1251648880285315	0.10955638519814026	0.5634187103085675
TSR2	0.0024096319171547733	0.025293477679413916	0.47472669631775827	0.3352289951145676	0.2739599760704524	0.7093426213952444	0.5359013561573114	0.31845267642720004	0.12068842126918218	0.690828191250331
URB2	0.19722157730704193	0.2772307205247384	0.09758606570605972	0.14901554803546901	0.19117277568797242	0.152638839341002	0.08424726680586782	0.3949850890394636	0.19188704448754712	0.03475334536267392
LMNA	1.0713292181612948	0.8615705209897089	0.8959658664031013	0.8889556802921407	0.7397950710607568	1.226860970796177	0.7075431138264955	0.9068626881502251	0.8160159565606597	1.1918539207082715
PAN2	1.208626351986596	0.21986367040598964	0.3851479696170763	0.2748210368753568	0.5433762100318101	2.1814990161793152e-07	0.012672010201048096	0.6069061648855242	0.5486223847150955	0.770265489142235
DARS	0.9464525264501434	0.9306554699038009	1.3094622563123626	0.7333985801053198	1.105677876892243	0.9069677180106448	0.5715036774427464	0.5299160233126875	0.633600746600895	1.2879044890704714
STARD7	0.1308337606244333	0.2536434144262795	0.9925711889871934	0.7838602780383601	0.8764982138104392	0.5975865040482757	1.0459768984693518	0.8145669321132925	0.32448835383630154	0.6147482699244515
ZC3H18	0.808794431577743	0.5939864694982218	0.5806415812327136	0.7826250662574651	0.2943393359249077	0.7007137230475392	0.5924450390626432	0.7025558664766588	0.5933900252979929	0.9576730114643303
KLHDC7B	4.95436016741957e-21	2.3924137348986823e-06	1.4232625791387803e-20	0.5222180664809924	4.7534634414803384e-21	9.684492024022597e-21	0.26856817506069586	2.4579488211978275e-08	0.17209679635022024	9.522486945455312e-21
TRNAU1AP	0.5280909190077533	0.3563661277135569	0.22952907956226803	0.2591582227716731	0.11661535929406174	0.4061769879106127	0.0006343550638001459	0.07826277769471238	0.3825057065743544	0.7189434139781736
RBSN	0.6796126893190928	0.18376647201691346	0.3930251807487855	0.3617977874113645	0.22849528986177858	0.5183195168486543	0.09788961415385312	0.5872131979431569	0.2950788838298879	6.456608311169594e-07
EIF2B5	1.0107609392667396	0.6731894816664048	0.7074820028770366	0.637533330748982	0.6606495873848174	0.43443070593769495	0.2813932330099895	0.823545189428806	0.5672542524021776	0.9314530221125373
PRRC2C	1.117934731007038	0.891629047517102	1.1496788295641651	0.9564394145383736	1.0918126698872141	0.9579858539422987	0.7513764763778001	0.8140231729403901	0.7616758432047213	1.0747016850083133
MYL6	1.037466147404544	0.8935551793280212	1.1245100270221637	0.9606738744326353	1.0594191561437294	1.0746511743279858	0.8462011750077117	0.9297277023782278	0.7595136425149129	1.1307622692918327
PDS5A	0.9744800293471859	0.7795959229799041	1.2574830384760052	0.7198421817636713	1.0906808891892406	0.8469630492397939	0.5486800464029135	0.5391774971639433	0.5861168563272193	0.7231912005704652
TUBB2A	2.6042551755267556e-09	0.8936899030099046	1.0492374529243792e-08	3.2710351767673677e-12	0.3494785575249314	0.9889488261291453	0.6581332404649959	0.9624903240374599	5.8789610336230516e-06	1.9535693544693506e-19
SMC5	1.0886739303803612	0.5432106389679819	0.971221245000716	0.40920358483439295	0.26251309157163094	0.5299047976752908	1.103759011091367e-07	0.3492495268361856	0.31082994790538987	0.16694147375866936
CEBPG	0.20404593542990065	0.38422135749951175	0.653169513483317	0.26282723986008427	1.1057534983465707	0.4566222526063754	0.3725585981824644	0.33250473494777827	0.24973139681941295	4.370027041734889e-11
GAS2L2	0.06046446312482236	0.02175522078175372	0.01770958407591086	2.275551998362698e-10	0.05594087391898311	0.013811131314536143	0.03699626272354749	0.009551976286985139	0.0581969789109964	0.00021285607948722063
LSM11	0.07566497283249272	0.08510014879953855	0.06213088691606049	0.021186348158303992	0.055847501250587225	0.06727847216094014	0.0003202384362970048	0.15298758932750858	0.032236518076741286	0.1233891983726799
ORC3	0.44264599272933736	0.4396780738158578	0.8297844371479579	0.16216003520903285	0.3585549508623408	0.09715269792845954	4.134800712401402e-08	0.15695419703112162	0.00010158630503600673	0.21964744664369024
SRP72	0.5228285438713312	0.8295648577268288	1.2320611108910569	0.5661857405552488	1.0259271099914518	0.7923920366904403	0.43778618556764687	0.28639629324619237	0.3525192105499872	0.5552888961749158
TOR2A	0.036086618551320934	0.0003407723191631748	0.0022033588437112314	0.19138325423305624	0.03493931904662479	0.09115129059559397	0.08616725543980597	0.22930771091308821	0.10661100584277224	0.09843785389327761
MRPL50	0.014668955927860525	0.06579661039771043	0.7961954635188636	0.13218973116307284	0.26353475671636173	0.289998069073388	0.19909182048750482	0.2511226527345371	9.764517646943076e-08	0.00017702044663128183
MINOS1	0.032251005132765666	0.01224947964265191	0.0723096051512677	0.04292501682602941	1.040346525182272e-08	0.039443926038080765	0.035186392672306346	0.041202636277693945	0.03624555128431536	0.03561453927947058
GLP1R	0.09944117664709953	0.04635474554651497	0.013872163031346928	2.6987317545191494e-21	0.09382676609021565	4.0775082112152115e-21	0.017323985164302926	0.05053177330793931	8.594044642791717e-12	0.0150242257369704
TFRC	0.5487865177850118	1.0201539804329927	0.9432900094609051	0.9407594789722222	0.9591377645297301	1.1497045653146862	0.8582027464710182	0.2171795073251864	0.6788981671525333	0.8512497735636495
INPP5K	0.576139219738232	0.015796603784829638	0.37528240681855096	0.4931662136891548	0.009390639114329318	0.23053130465956426	0.2023686272841318	0.4308999978293774	0.320377391175644	0.6934119619160387
FAM50A	0.48597479972047325	0.7911248848267418	0.3711051624667547	0.5714122605498746	0.029096124302145695	0.7556472602129642	0.6179862843759963	0.6129499579309973	0.6396662163816189	0.90023493338551
FBXL18	0.12932856054633324	0.08626122639886974	3.061536977845632e-09	0.10320707780652981	0.03754837271903096	0.050110929380340855	0.08629862942238752	0.3289138180516414	0.14622035775519013	0.07995068171485567
PSENEN	0.7727494576476936	0.8061062657011544	0.9998441835342653	0.9603130914353762	1.2074656212576402	1.0033225048308914	0.9010531773488506	0.7084840309017516	0.6554593218821482	1.0826319010055747
SMARCB1	0.9965584684167037	0.7982926963189205	0.9876567424081283	0.8916104855817018	0.8720510618756063	0.9946896613898604	0.77880097578817	0.9420179018810534	0.7135541434513433	1.177692003254564
USP18	0.0005102333664520854	0.24510342399077958	0.10482135695963692	0.5857566062443887	0.13348641509921777	6.918026810811293e-13	0.1764726928901409	0.13374821796355754	0.39592653077319884	0.24069789887800863
FECH	0.0675091647981425	1.6810436253969932e-13	0.929137173089456	0.3850852472511511	0.13858102879002918	0.1445359925492899	0.5152853058523775	0.7452424747552571	0.03730269352639635	0.07995120837327269
VTI1B	0.10033095262605747	5.083165576528799e-12	0.42158271439319306	0.12757905896486452	0.2833781090055527	0.23502461694458862	0.16094768562075734	0.34432605035441005	0.015446055902494165	0.037272161530103244
SDHA	0.9379944761517981	0.6906989293475094	0.9964587608509828	0.8318275666952266	0.9661838219545944	0.918624628992289	0.7458591029691912	0.9404719981271387	0.7853630607378774	1.2985310637075433
DDI2	0.12701446726617766	1.7221930116245992e-08	0.1551135983398669	0.1176198352545426	0.08786831455672552	0.11419327219008732	0.059777726591074096	0.21434204938333967	0.1459948101590193	0.10836174890306527
TUBGCP4	0.5242732995171338	0.28129596176220956	0.554272251178785	0.19044537068440143	0.5776352410099839	0.13609652119787438	0.03509471777394575	0.5563070982502705	0.198042263092141	0.3530035272574266
CLUH	0.7093902765384299	0.2670375030531453	0.6261757286232208	0.4866238175164518	0.4324974368840034	0.01648622570461678	0.9415088497832512	1.4704718596311388	0.9031216662234205	1.2163727359030436
EID2	0.10154133540324457	0.00028882963902236236	0.14086544230909848	0.17763844179845603	0.2869182068041871	0.3123318937293923	0.2594467115395761	0.2698171261753391	0.051078671423587456	0.157836252847165
COX4I1	1.008410805751428	0.8767372800547384	1.1357899241681524	0.962974741211288	1.0704259396387963	1.0327319577028284	0.8755423971523411	0.9744550362540029	0.7656572464718184	1.1392600782046423
PRPF40A	0.5069840537446425	0.7898515791975408	0.9226660131971767	0.4322307544655203	0.5258347701165093	0.453622589037434	0.42832887444724316	0.06740834756705696	0.3149391738973143	0.38851683665457204
RPN2	0.9993558209762103	0.9062477404359268	1.0704725844985175	0.9580453519712319	1.1286087598139634	1.0481699270898694	0.8476793264898145	0.8808004768376553	0.7655442790059779	1.1468311589500249
MDH2	8.553367902829125e-05	0.7041842476929602	0.3743362548508504	0.3988186094535844	0.8803466769319482	0.7527378006852108	1.0685853381899877	0.6595691720520174	0.5826859926273524	1.2384001604175559
EWSR1	1.1158904062356652	0.8534680214739954	1.1334717590376198	0.9632705301275686	0.9466964935697781	0.9677674244080545	0.7615042984749316	0.923188182119392	0.7722644266922407	1.0509616708198444
KEAP1	0.6995621423879631	0.5466712671096247	0.4582651782144487	0.6950602062293981	0.7213186350493844	0.5702161259294016	0.5563322394672658	1.0220908804023427	0.8131727088184014	1.1166408630257214
GPATCH8	1.2112216158626417	0.5946570834245121	0.9552848116310181	0.5838301823808569	0.6621946012911962	0.5644765680969163	0.27371218150038235	0.664819047745687	0.5144503889058226	0.5840911591653521
WDR7	0.8822180233999111	0.165263993084167	0.8676221626563997	0.8074595747308244	0.5389548345562909	0.4205138578338251	0.008934356520683312	0.628352244667095	0.2815796353833529	0.1314831688691222
RPIA	0.2932610041864276	0.5422026882670368	0.6496299084286693	0.4994197365934812	0.33433525506372874	0.46575493615105773	0.31142859668281847	0.5418437848605251	0.05979902297551693	0.2340239932192651
OCRL	0.5578505972271328	0.6163321890446961	0.749166557702124	0.10175092225844702	1.2832232111009563	0.7931475260697212	0.5427364949353549	0.5576570140704468	0.39349668557342715	0.40851068302851906
SEH1L	0.16479350877928056	0.49820676927521185	0.9343504243701036	0.16305298609412028	0.32835994923714307	0.4726023634222193	0.4131921447358942	0.27583346375034906	0.07229214498271438	0.4849139986872006
AZI2	0.2944145207175053	0.15125357733760705	0.4291041876958314	0.2537311460704434	0.39556006987110215	0.6561430465349567	0.13696964246916965	0.05345609322879255	0.06157294514749579	1.1855090229988147e-11
PIGS	0.2589120629266798	0.16853025573613684	0.08693381423858011	0.3898110538861978	0.654333593384265	0.45177939736174294	0.6468478567321815	0.49403806287960966	0.35458806247925573	0.9735990351008635
PGLYRP1	7.954477787838041e-13	0.006905422519053787	0.039999792352474355	0.04021517196415541	0.0041611133116110244	0.018213515469778348	0.01563571729620923	0.06403869832973047	0.0066543245385798115	0.009233203048962066
PISD	0.5866035613533347	0.029848357488842243	0.14250072641974953	0.557571597528753	0.000252501137347669	0.14114535073417764	0.5982478278748884	0.7207706618966937	0.6230925114540374	0.7598334245562235
HDAC1	1.0104961020433856	0.8212472532860469	0.871379157787932	0.9410037185021662	0.6915250142075089	0.8564272708856888	0.3642586560011034	0.5915111035174406	0.5828517124318456	0.8611671229811029
NADK	0.27302957518602733	0.04959559104894863	0.0024018464950652527	0.9937976727635114	0.071951714920016	0.55765207556137	0.629092137629676	0.8504283743302371	0.7999644321797845	0.37632269761075693
METTL3	1.457323552227925	0.5848752659162855	0.809426563043822	0.653162576285023	0.3630044911508707	0.6238464863099453	0.07084055244514795	0.9104554372551972	0.5598368968692096	0.545372322046879
LSM10	0.03604419219015756	0.1501932873936265	0.006631357244765377	0.8811054038038653	0.6137728618581141	0.5825687904551464	0.6293235807866109	0.6131834898730573	0.5165916343189089	0.32134642910504857
MTA1	1.3410824173336087	0.5898548741647204	0.3727633720198652	0.5163886274610243	0.19543697104080848	0.7251443098932971	0.11015394204011594	1.2472919415020804	0.569097541276339	0.729569046404593
METAP1	0.10015810774756814	0.15555013837052242	0.4208796008029242	0.13917520686237664	0.10948747240068799	0.25200695590102196	0.16693694867532077	0.082522566268481	0.05788466815703891	0.14644950759290176
DPH7	0.5681752194400682	0.15260165347145346	0.09061732060405098	0.289142405558449	2.6928578039949995e-06	0.15172579360066968	0.00016632755944756604	0.632031526916038	0.29089523824917235	0.012782618071497906
GNL2	0.49298590474802223	0.940029710940534	0.7390046669394935	0.4416609685882579	0.40582683836436223	0.7233123383205557	0.48617183955905513	0.2159116447600215	0.6042380570159792	0.8112987381387078
COPA	0.9355817745600853	0.9225208765120396	1.0134367485173454	0.7666759863994546	0.9147114135606986	0.9619252226322398	0.6017839515115279	0.6867261850802586	0.65216883212545	1.0237872445434189
PUM1	1.0556733849754032	0.6280748658743586	0.9641809002565217	0.7441365491315655	0.5994663336362973	0.8137716341533788	0.560329565134686	0.6198590626023429	0.6782388198684012	0.9918930248432163
PDCD6IP	0.9050765559289002	0.6425236686811512	0.8546606683923258	0.7843549205053535	0.8282261054587511	0.9379129324112415	0.5164150701629338	0.6270069133421368	0.41546946401666357	0.40785197868736034
CALHM1	0.006703814305167349	0.03579147678688325	0.04352185448579925	0.004188099683338426	0.011616568214472267	0.006276206454190383	0.013185043072457416	0.04008869513369488	0.003863781678014362	0.01143439453537148
RBMS1	0.8625596866521289	0.5577037096281285	0.6573104204308606	0.5814803047847867	0.1962233885680087	1.2180813605145264	0.3738700787965186	0.04187662317980695	0.26583371152604207	0.4254568788208527
COA7	3.2610113080940144e-08	0.10864198363654559	0.19369015843236617	0.051425208265980106	0.1401810815769016	0.12231380131325294	0.23535829769308872	0.31404653903152085	0.08149956740088503	0.05005000628019694
MRPL15	2.5653513354549444e-19	0.5591117755723608	0.552348480149229	3.972529944208173e-09	0.9027066249470197	0.3243266795856628	0.8851027191919975	0.35910997082192736	0.22564133022490512	0.356196335401135
BRAT1	0.7720258805141736	0.5265014950848815	0.00010713561089642974	0.5845921106514327	0.22281670939296314	0.5259046048960274	0.24435609976111125	1.1406767515025127	0.7270189666747621	1.0319129703705412
SACM1L	0.48702386389797075	0.3139769148180753	1.1157558811454225	0.801137819068038	0.9347416317649982	0.8546082994557933	0.7201559837657581	0.2766310657583292	0.14760727601046617	0.0038735985561539166
SLC25A22	0.07973654974170803	0.4540926486070611	0.006994171469786875	0.6814287174970264	0.14715661778472822	0.09390875537733573	0.8304191451153363	0.7606117082586532	0.8084205601800528	0.20645427884985315
ATMIN	0.4343223327540962	0.2799069119228256	0.8450222797432082	0.384845161774149	1.374757655112736	0.5522607884749804	0.45827237044121716	0.6348697048602182	0.17622991013130385	0.42806548309958453
TBX1	0.3813183492358123	0.06498390764377543	4.860819092389002e-21	0.10461797233090943	5.30107560020042e-21	0.19146571885862265	0.043619663512839135	0.10335606947571947	0.016822512280508142	1.8225296098922834e-21
ILK	1.1093864469641812	0.7941064073523748	0.9852766815450609	0.8928060073211083	0.8779148186928587	1.0879314980245578	0.5752353591755871	0.8421094824199673	0.6935187613134131	1.1831208836972102
LIPT1	0.318080466788359	0.08645396654525209	0.37403383979381427	0.10045811756701972	0.4268349284559456	7.2632635762766066e-12	1.4792881485250457e-08	0.1781805882919244	5.236882224735682e-05	0.019270326452249374
ATP1B3	0.24157144867362884	0.5161838770404306	0.34493290070205207	0.7527759898367615	0.34246141629862015	1.5064881102393979	1.0315287155260948	0.17266572856718534	0.3265683753493392	0.8983768793613975
DPH6	0.10557503583221957	0.01068869785959596	0.2294863485191157	0.027933629340621834	0.08926459505551484	0.025830505067379137	0.04464056762829747	0.13322524220341858	0.020297994725571075	0.05330602421500932
AHCY	0.3584418690785175	0.8110700065569987	0.8676681696363459	0.2812678996776927	0.9158728101105617	0.49251173684773447	1.000088174304704	0.8950882423620218	0.5168725791099011	1.1845936354998032
VMP1	0.9159332536874877	0.9657678701286004	0.8881503032921211	0.8827299658365935	0.7486360167701863	1.240809255373897	0.633465084115409	0.07313158582392597	0.770396890064727	1.250410557644811
TMEM259	1.2126906150927161	0.59130325282133	0.4616957885339368	0.9555657690152776	0.7842691890322535	0.7789554040129588	0.5922175495063893	1.0556231942844638	0.9461961369406461	1.182881393978131
PPP2R4	0.7059767408065594	0.629759472089767	0.43271536837433217	0.6762945904033476	0.91161027610192	0.9145403831214471	0.5019652517999971	0.8300479192425072	0.7600820625856369	1.1653830180716864
TSC1	1.2692774226053154	0.32273177792177143	1.1207623670873956	0.46253091838299126	0.4856548612100786	0.3113204941051888	0.006015130031489049	1.1620100830177487	0.38326816443634143	0.33958158751975903
COG4	1.154633407442717	0.6553650917023409	0.7453094224912554	0.7695252123442994	0.7028956218821423	0.4506305835602845	0.5250231350962478	0.9648875430327437	0.7091130848604351	0.9091034708169722
URM1	0.0008294362693124812	0.028041640963109207	0.076713911224089	0.0777363630729715	0.026590358843933917	0.12270856162582974	0.06893553584298609	0.16270595444233735	0.04945986437600467	0.1439124368656814
LIPT2	0.04571437251105562	5.383947090308012e-12	0.06438138974447859	0.023478171655000286	0.1058273201618102	2.660868159648978e-13	0.0582405843781442	0.20197877351233195	0.06974310404071538	0.14309860230822333
NOA1	0.5446134127660472	0.4628131619215332	0.6575530900119644	0.4777761556174772	0.4942240781553673	0.48596602726264887	0.5150628741085651	0.7877667032556129	0.48422155483366064	0.8055605435785611
POLD1	0.8320517007022087	1.0171044144272	1.1467183304711352e-07	0.6405153962244298	0.170743884640818	0.17236303618832843	0.17413387252600382	0.7175260207413678	0.654636844671462	0.7194203584653873
MTX1	3.4750851564279396e-05	0.16699752401101664	0.07472648620431457	0.12422229241967817	0.29127302344954636	0.14615086971929056	0.29196188097110287	0.29839925272755474	0.2271196004456301	0.4501685203442562
ATPAF2	0.3660232117074643	0.06308058875300888	0.5042340623418041	0.45003504615588713	0.14494469644158456	0.2647966217003951	0.5428908246050113	0.6342312168764154	0.3457624731622728	0.5526148050339134
DAP	0.4954573004134586	0.5813179013348289	1.0648367741343219	0.5514917213917513	0.9603875864686634	0.9147409522824632	0.9617115219821627	0.623504326361546	0.42918225813749566	0.7494687747239671
TERT	0.11220302130131582	0.14798983576154653	0.01074373106805673	4.955215750343841e-21	5.375602100094232e-21	3.2012120912882416e-21	4.817672139915779e-21	0.23637879101876477	5.155908579427533e-10	2.5237571635986735e-10
PCNP	0.2610199708248651	0.45212314274610005	1.0042801844020606	0.2514671152938818	0.553053320257233	0.6397352896908407	0.30859040135468246	5.494722347315312e-09	0.10357369170591915	0.5077349319154694
YAP1	1.0829449172743597	0.6987847142950141	0.9448062443060449	0.2826650705844131	1.0817993224530802	1.2856823372238115	0.5031687335081102	0.392253164046412	0.4721761191822549	0.9485610009707454
CDC20	9.902593246627864e-20	0.8247273783156969	5.4880416756847366e-12	0.006602239799933936	1.1158760524432004e-20	0.04334656794194321	0.0761076972850198	0.11125789702013786	0.08973735664999832	0.019834759499444625
THTPA	0.31126558883199446	2.5056544211923026e-17	0.09100243963824986	0.175556482268837	6.56252112693914e-06	0.13129538683150846	0.025883584757226238	0.5733359165120198	0.20518783110223904	0.1734726454493687
RPS28	0.2933614000144225	0.29171033761596127	0.12744735270916807	0.3081197173461364	0.36458018761225186	0.4239510843932714	0.14449226393405493	0.6589987466791857	0.2544029783238094	0.9161557226969264
DOLK	0.13262157239015152	7.643819893494994e-05	0.1488746404510176	0.38374616755603297	0.2342014607621954	0.40972472341043564	0.4549441059538527	0.8866834642556501	0.20334714991228128	0.17003388649068316
C1QL2	0.0018085518682067821	0.01633283298840149	0.030852641376747047	0.010635859757070203	0.02239432590726871	0.015197397535994877	0.01879535288644516	0.03548816032067159	0.006228136213942494	0.015305946354917273
B4GALT5	0.8568992192555772	0.7989601530803692	1.0417033455083684	0.8614007733507608	1.1976542456404753	0.8539497909743294	0.8310626006615921	0.5638947583366317	0.7609459461508614	1.2114348030180433
VRK1	0.3558242957216691	0.8555401623025553	1.1486298330063707	0.6986329974751645	0.37197408899848283	0.6905859266478167	0.30134399060736194	0.12108132710826379	4.8637065481707364e-08	0.14221410680932692
GFM1	0.4945651258747263	0.610589963377978	1.1386713378415387	0.5446342563850232	1.3166709755180352	0.7248798309366601	0.7441216368546663	0.6264743893620065	0.29322667746964454	0.40819367432578885
SIRT7	0.7229821700545922	0.46924220508482356	8.136664255616384e-07	0.7285564537695656	1.1137020700274158e-06	5.671516205262006e-07	0.2938393858080895	0.8043221690155417	0.608910439999138	0.4435526194786881
IL18RAP	0.16645553552616257	2.3801605161619573e-16	0.15097132692867177	0.33944980908855016	1.4200363810682972e-18	0.1930949652188082	2.9646761758439283e-16	0.021529396619465097	0.11748064878856522	0.05889711735554929
RAD51D	0.7572019398428639	0.510475884875134	0.3681203641771008	0.3269576000659018	0.5203537619475915	0.04124864384541613	0.11382525787773073	0.4233220276981496	0.3818598271540304	0.21346737053127673
PPP2R1A	0.9892111430283484	0.8410484901355252	1.0741617428524781	0.9261960616010477	1.0025175188406388	1.0449397575737078	0.8594659379580716	0.9620360155019119	0.7601275142654127	1.1621107300103837
PHF23	0.5290188794288344	0.5081830227846346	0.554661690014606	0.6982925595486311	0.3527837500967308	0.45276929207297084	0.6320474093468791	0.843742964927076	0.6012652445437302	0.5784730712237932
TPSG1	5.591779178213041e-21	3.1351017832350747e-07	0.08747770983606877	4.356578711197186e-21	6.364794646183017e-07	6.1789870530001935e-21	3.259337719044142e-05	5.0638014887919855e-21	1.431589810111498	2.1159268597523086e-21
BABAM1	0.7329078579603993	0.6810382756873854	0.6706119457334968	0.7569381641984726	0.7234809796874808	0.8156322714344993	0.7119900985400395	0.8691143404958542	0.6057592525496454	1.128629365225644
KLF3	0.5071649344269208	0.2187285624242704	0.6627756592413836	0.6299411536531724	0.5022581342044633	0.6470306768513288	0.4301621504190524	0.6372327354842917	0.35025042709853327	0.3638436657969583
NIPA2	0.03288171773041796	0.35511302980081405	0.7628975232950903	0.6747292706587773	1.0462513839462442	0.47866043015912135	0.7544502733417368	0.2492748676620058	0.27872717844969624	0.00016355712343320926
AURKB	0.11193617983384307	1.1953148631072927	3.5699537901905036e-05	0.21974165860195843	1.0756306363371289e-15	0.01822220077815799	0.07611819014792187	0.09030383655178434	0.19053436951287772	9.280756821783897e-05
PSEN1	0.49465454899836225	0.3046153910721631	0.9895989903783767	0.5827767349780824	1.0883312957675446	0.8570931201175869	0.510910502196074	0.525483465465049	0.16106637418581862	0.2694358616701617
RMND5A	0.15022291173167107	8.291161661261249e-06	0.937245983720742	0.15363105252363032	0.4748218382138217	0.2387930457356422	0.28091230939763556	0.508363130393696	3.196667252721972e-15	0.0203090361544807
WWTR1	1.1426458817172354	0.800715916196846	0.9694556574942914	0.6314550915750368	1.0561577795342505	1.1301258721156646	0.3964473253153389	0.2847719705584893	0.6823287413110041	1.3513069398370943
NFRKB	0.8704106935705362	0.21509337372061565	0.2661503391684287	0.2605077807318354	0.18775819713623507	0.00245174586473888	0.028061777426486294	0.6293880627917716	0.36146704093163967	0.4288896793433048
CBR3	0.09697481062069183	0.17523017241056363	3.3443262741521426e-11	0.11807383364365955	0.1640685357534806	0.26836767791590255	8.658912948999251e-07	0.08764778643806763	0.06862536533267728	0.16597230520069312
EFNB1	0.9068602076311033	0.4282516866450089	0.13725127810348292	0.367476056310657	0.3487567916740611	1.0688877643563552	0.27271644684776797	0.5948730011914316	0.6012088023084857	1.0857046677972872
RAB35	0.5309633113533944	0.5992994644267976	0.43088999533711414	1.0068144677091506	0.5581220296741249	0.8368715787899701	0.7300463415324984	0.4461130515640957	0.6358875222412329	0.8916557871015198
PIK3C3	1.0059977489615144	0.6332553383035578	1.5244777605710995	0.6358530006652118	0.6189653444688865	0.6175129646753228	0.24301776098173827	0.5057695098945774	0.2845863407471609	0.6883078886891321
ASNA1	0.33866046822522083	0.5178617723966864	0.5404194437538062	0.7614470704354283	0.8810212240051485	0.8367008860072039	0.8473626103930059	0.8162355049588598	0.5217870800088016	1.313989648486332
WDR45	0.6543498235344729	0.029389167736121463	0.04961047366212092	0.5095238990699856	0.43438141022755783	0.3882057758007526	0.31793168385798876	0.651697561146294	0.6082290027116221	0.6829396281172848
PPP1R14A	0.7337632239071671	3.8386278491707e-21	0.005278292418347231	3.483340107871842e-10	4.528500630198485e-21	2.117073750516719	0.18805454958560172	1.3568403396052283e-08	0.09666278440575303	0.5596836543227334
PPP1R2	0.0011289440630012995	0.3041658581935737	0.7507105702747257	0.3934332252674721	0.2970022028567982	0.757055221723972	0.4732403651170255	2.1959052379528527e-19	2.1984334964238099e-07	0.22850868159983417
SERBP1	0.2498009986367532	0.9066998840746185	1.1692224488262117	0.45027239724499624	0.193083668053098	0.9263320391218604	0.875292022392756	0.02476476994999333	0.418312715713138	1.023830450706838
SLC4A7	0.9703168998215103	0.5348786401019591	0.7202169493628514	0.8735552343436893	1.1254776715560988	1.1465509772461844	0.23439875554120074	5.954925879787223e-08	0.6680109950149669	0.7828034967632568
PAX3	0.025028731379511168	0.07288088189990484	0.0334106497925366	5.2329534332812015e-21	5.4536713943295304e-17	9.98842699124264e-13	0.042329596347573356	0.068350795701697	4.362327449841528e-21	3.6227873703208874e-21
DIS3	0.6892663863931969	0.44918776865813115	1.0945536339834563	0.36027060369822966	0.4371035510867349	0.3279894428790979	0.20134810636639588	0.16870521253127543	0.19259821074157424	0.33989004689699975
PRRC2A	0.5964228859867007	0.5282663644816261	0.35144811191060404	0.4863191140981563	0.14368986900337896	0.5600300830298535	0.481050308318233	0.8917239628179991	0.5163826116144208	0.6813115106406528
ATP13A1	1.047105692824782	0.6362702690663911	0.29002398601858725	0.945664233106922	0.6071702464201589	0.5194804233227103	0.6073025245725667	0.9873632032463858	0.7906420684700348	1.0048535883521372
PIGX	0.0005795090175404007	0.18049930817593923	0.3674654233341606	0.0012942257464893256	0.5995887384359447	0.2002370947321551	0.21437528182770485	0.058596754840404316	1.733127054146442e-05	0.21881642033408483
COL6A6	0.40900944514431375	0.0006920272882490203	4.493680055300279e-21	0.014641508516917963	0.0001533321865917447	0.024021116094639437	0.0943500720342695	2.96844591107332e-21	6.779490617292626e-21	1.1868235622355468e-21
CDS2	0.19591233353648127	2.694951691449945e-07	0.3726369945126156	0.27596668206466723	0.6157353485608943	0.44412425149969376	0.24823350368900296	0.4576772082951091	0.0016840680019592645	0.35007121668799906
PRRC2B	1.1790591120264886	0.6762318550497739	0.8463525307833357	0.909353568535942	0.7160223658722238	0.967969281799361	0.5507067534284551	1.0549611557241394	0.7672716995997109	1.0707503654627384
PIAS1	0.6944566015267717	0.29686351843613684	0.9436808918381596	0.788256937121511	0.9146190584732444	0.7114553910805623	0.35682971555729726	0.21281629017693202	0.35138490690660384	0.4933625671848281
EXOSC5	0.2528092970766078	0.5255615917240104	3.816822707446812e-07	0.1827394576066871	0.22024371177846788	0.014005542328361171	0.20828368717153872	0.42521815939715985	0.4000148180540065	1.240770235761978
SLC25A29	0.8542146338209443	5.0153374714824585e-21	0.21650265460510248	0.05586736217757352	1.016810472081883e-18	0.1478545641089313	0.5740185583421418	0.7259550671205849	0.3912918653097571	0.001129219212172544
RNF114	0.5618067331796548	0.5704899678471989	0.9124256126375498	0.9427509509459739	1.206968747902973	0.6502951201189097	0.7218098714823258	0.5441743618378978	0.5449661812942214	0.8960729195667285
RPE	0.35796717883433216	0.18474818115902533	0.42660339726254853	0.2805813198675809	0.40700201826133964	0.21855129237457155	0.14848867161839185	0.21022921296101926	0.1624287664527768	0.1714910502852925
UXT	0.3852880930244183	0.6241060972712371	0.6344112285210232	0.6489377522995352	1.0068930484896965	0.9923373363908884	0.6265198209518417	0.5336392902391344	0.3959481729082033	1.1157178652746156
SYNPO	1.1694213987683153	0.5689859778922903	0.7743270587851697	0.9282917496683917	1.1975369598807344	1.2392734510181596	0.48122067412074054	0.692253780468486	0.9220256514051488	1.3796734016541157
NUDC	0.4717789616128833	0.7070809307471256	0.9376949059216046	0.7586431759641149	0.45365612997935734	0.9245793859940199	1.0056147457846678	0.719861961336195	0.6521923737487095	1.1534883678280576
RNASEH2A	0.154099828439879	1.1370096787922237	0.003594991731768853	0.1992298596194775	0.2646175218456858	0.23357520346836133	0.24377036205659375	0.34061928627079835	0.22581685766934587	0.5532352854148904
MRPL47	0.0023707223600129	0.7110318471241216	1.058656544486272	0.33347647304034317	0.9484674631794119	0.7273923180645401	0.8276926532611532	0.19359115520499656	0.10309067877377118	0.3970828130434217
DUSP23	0.7801487876478294	0.6705992338072312	0.7694281625208018	0.6947055607590724	1.2183211887531193	0.9176163798887906	0.8377266190456342	0.6660162627845604	0.8745584228429252	1.4691582666039675
PLEKHA5	0.9906578321425467	0.4731983932821824	0.7446429542358916	0.015060648167599907	1.264765223962349	0.0003937061414932825	0.227702388635375	1.4337698371230528e-09	0.8317693560812566	1.333468711804243
MESDC1	0.30426477758274817	0.11553365004820126	0.002213705226274109	0.6261807437330279	0.017683888149004717	0.546273559725045	0.13472400298652032	0.6228351646628257	0.469442503830223	0.35369313994736834
D2HGDH	1.3652595204238633	0.3646011807555242	0.9003886872632257	0.7980781890003993	0.4404293447754254	0.4454566587036001	0.4122853909065636	1.3248703368253754	0.8245939788927098	1.0232561307315315
OGT	1.183134767560772	0.8168226981751111	1.1191632954929815	1.0032195950399876	1.0983629449388352	0.9870604634770412	0.6686329694808036	0.8653212303700147	0.771242571331066	1.0272823223151635
DIDO1	1.170484684639472	0.5884173384076797	0.5558531238676959	0.6690766062082955	0.5168343505440987	0.39321413053887216	0.34389885586231245	0.8466120425919536	0.7721347954554573	0.823613416616459
SDHB	0.5042497867544063	0.5716909789709271	1.0821275484331723	0.8256969998706077	0.9486360727249459	0.9052062649733675	1.003089286780001	0.8576458918616452	0.6331657527771375	1.0403843340910166
CHMP4C	0.00252644873295827	0.14833462195777183	0.46410706262876034	6.0415153807593716e-18	0.00870351513608013	3.315220351167042e-09	0.7476851656764019	0.0014095586571120104	0.0017954014734391614	0.4809487470938806
NT5C	0.5149826604533524	0.6271240002995914	0.29157702160988885	0.4207696430008864	5.277119581355232e-05	0.36297093536024644	0.47317225416113096	0.46834099231922066	0.6042309379548761	1.158119052384855
RASAL1	0.22562501881721167	1.962233551905153e-18	0.21165772067573796	3.0954458150474614e-21	5.1042784329509994e-21	4.920892165281156e-21	0.7094040560121867	0.32815344742730346	0.3544472296156007	0.9757508465114441
LRP12	0.34426801004272223	0.7051658640681739	0.006113033057466047	0.005134832651253005	0.6535872552461457	0.760057024717157	0.14633808447120158	0.055252034102138706	0.018853960473216146	0.1370694026714406
INTS8	1.0131842504870254	0.8854079866243624	0.9550320422414644	0.45761136967946264	1.0843941751375263	0.4094746020154119	0.1886658565160055	0.3152994702080204	0.4370837622755795	0.40942648971405143
RNF168	0.9320500081583442	0.8664552485873366	1.1868321828147883	0.9092182156641461	0.7248971901641628	1.0636396686606753	0.5331298975100305	0.5950566131417476	0.6195999006395517	0.9154525535383792
ATP2B1	0.6849888280885172	0.4332503019845115	0.7648498583600972	0.8175767323577975	0.6055260721297488	1.0041124412146996	0.6504418336424705	0.16022317375831643	0.2934354886104044	0.1301750664504184
ARIH1	0.7885548204259509	0.5546454136079273	1.2073976691807249	0.7585116411675537	0.9839345849984721	0.9443858683030619	0.6643801080004396	0.5809004775112772	0.5365438590952016	0.6498409079020788
RRM2B	0.24394821413038134	0.2708460309397963	0.936598770720139	0.43475622367870564	1.524031661008433	0.6638631957096328	0.6418038547499687	9.555610222308687e-09	0.2682646834222619	0.5349001990505219
TAF6L	0.4324443740100795	0.05184336455652221	0.10494995861748285	0.2875740718415641	0.020751158110818763	0.09468679020192758	0.22009019900800164	0.7405348004180701	0.33255624707611925	0.3358561953049583
RPF2	2.529650759384182e-12	0.3005586291271129	0.5214982377921584	1.5633279282854402e-13	0.1209705442291374	0.1175299374967642	0.05494192405230721	2.4917551213346403e-05	7.023479100020718e-17	0.2260662438268588
TFAP2A	0.267286930873294	0.4057735995212621	3.111489675883594e-14	1.344300713724889e-19	4.383338728161231e-20	4.9974813092575895e-21	1.5201817640882058	3.718101850859634e-21	1.1396299797014827e-20	5.7331769727360425e-21
BDP1	0.8844658122183228	0.4054857554282986	0.748079519716377	0.14062706222438415	0.48412117759159523	0.193460562015552	1.9052617387572672e-08	0.2687586700497917	0.22861863578417932	0.2757594323179929
GNAL	0.03809475689005243	8.283434560967815e-19	0.05910045273332957	3.3246985885784954e-21	0.21365398682874528	0.19437510456633866	0.2294823027990688	0.08811867545175119	0.027904446772045944	0.03079976293833592
RAD51C	0.4168099766467088	0.7218778361285778	0.8837353484679854	0.3134330057478425	1.0093330415566646	0.38182673255824134	0.3383801109713275	0.22481856169492614	0.00969484081239695	0.3328550518752094
SIN3A	0.7135411849796189	0.49537477958363835	1.0576444604838042	0.7101538238045005	0.467296627159749	0.6893766910493138	0.4892574135531683	0.33888421352121584	0.4649640207329439	0.7310495652081144
COG2	0.4443751744838726	0.4631053331064735	0.950772722317626	0.48751423524809784	0.9025707996165433	0.3171057855097829	0.5507170427490299	0.5033520853050073	0.27382762494099205	0.49623295857890093
TSPO	0.6811250004165312	0.691322369862665	0.25148975137216856	1.0223751083317738	0.9324749786979697	0.9214036615883126	0.8984502489495642	0.9021644405126786	0.8767509998599232	1.0948506471615806
RNF32	0.02639965216281529	0.07006457739836418	0.054644301008942305	1.2906641700031353e-19	0.043018352077634325	3.6874704022068185e-21	0.014605292866603408	0.009359933684424197	0.03648276421019837	0.05784727067557231
RPAP1	0.3509093050131246	0.18031268611314172	0.016627811492490714	0.2246221095424014	0.15022672062021014	0.11935586001515155	0.21147513857589592	0.5928373154925554	0.45328074920039885	0.5275727065934972
TAF1C	1.4532721051145983	0.43520661414245276	0.25307707061008217	0.655753162000096	0.308798884935649	0.5098806497708817	0.2719488184029537	1.1691513874018966	0.7827383462295956	0.8762306803258288
KLF11	0.7983454612343085	0.30126663263962833	0.9468814978214019	0.25946164644914377	1.1819640581673887	0.7301725204935674	0.19389769689323602	0.6154271154067713	0.3580310302292492	1.0107126642950093
RAF1	1.0721576225705183	0.5567012973371757	0.8427425447602207	0.8605938151751127	0.9422670382750045	0.9830234844326694	0.5294075633006697	0.8841894260484825	0.6850155230287757	0.6132202037360879
EAPP	0.5284086235029263	0.39584397111907116	1.4084351525565633	0.526679764920207	0.48697971818604735	1.0426414526986894	0.7814873163553236	0.23317246838656364	0.22204749002921179	0.8729086651833505
NAA15	0.5374471682536861	0.6827528386215429	1.2891721113967096	0.4393388486126866	0.7805268905181053	0.5480819808975159	0.276261087776808	0.2274973365203676	0.39040934472554195	0.3600487519427704
ACTA2	1.0691370094367094	0.8393901760873959	1.0968454654987871	0.9633725192505358	1.0347452651117945	1.1658608944119178	0.7973703319525491	0.8410938298317678	0.7759744955666052	1.196347647048474
METTL1	0.1472939204801218	0.41239441479931666	0.0010833450287924323	0.0013708847346458673	0.3539780418159722	0.11620718596622935	0.44371996963773547	0.13849037956319904	0.37573027360435834	0.5035017992649873
BCL2	0.546269922263043	4.259239251901945e-21	1.6746859043261972	0.4227612979030847	1.2116980956061177e-06	2.6446979841592526e-08	2.3328419086574915e-10	0.6217169789884487	0.06243080701196887	1.224791063177589
DAXX	0.08650810608084451	0.11121561939600873	0.09944034720647592	0.23154222544898015	0.012679250041526596	0.13795601890188774	0.139052138380659	0.20933192639492054	0.15439775601873296	0.2359192604914942
FANCF	0.2081418514067741	0.18679403286476712	0.22930634713890016	0.23752240896858748	0.5007732445710876	2.040788880122005e-08	0.17387281208162556	0.4472200720327979	0.20746186529290228	0.30129021752122287
LMF1	1.033166788799651	0.09901992756367468	0.0007815200696346982	0.24501575001345072	0.4238434780714657	0.21480099461962698	0.41628976073580715	1.0802879832296584	0.4595524999279262	0.4326777119208998
TUBGCP2	0.8559875025025871	0.6554386163517399	0.39957406322994377	0.5736069921038147	0.25230115525825864	0.4810020085443637	0.3389117193985596	0.8820618169387706	0.7483888728081594	0.8909858236038869
EFCAB12	0.3682167689475221	0.013531486418485408	0.0003764969083001572	2.0826166282390568e-06	0.08054017244366139	2.2807369685980898e-21	5.255834926255944e-19	0.04574324652554198	0.03270646711624105	0.2726652545628042
NCAPH2	0.6341813696252934	0.3277470731676992	0.09102910900570049	0.4375153236675371	0.007398508015243182	0.38560510184307534	0.17679285482913829	0.8732417295904422	0.5485315803065436	0.8962938257815708
PITPNB	0.3305592363361932	0.46345539562188226	0.8888063851279491	0.5205152335663205	0.24645456552747097	0.9963394904163502	0.43064212628928705	0.04746509536996518	0.29867987245109645	0.5668652545022709
CKAP2	0.29510864148183796	0.9724775851254246	0.5652339527305679	0.39171311000477005	0.3726285220716745	0.07610928135498925	0.10078106527034349	0.043915933509677235	0.13302224132381765	0.143736070192786
DFFA	0.18941728647380518	0.12139613760674457	0.21551989956993822	0.1834389423253786	0.0015771384783533572	0.287981279050171	0.38552213918809836	0.47922939486993965	0.20397031788431583	0.38954836051366065
CSNK2B	0.15315798081771057	0.5410956187255173	0.6904729613683446	0.3342856089933453	0.5060233290253121	0.5868291574575396	0.45495250220618205	0.2926407484475746	0.14176187696557616	0.8335560990779602
VGF	2.307716383835453e-21	0.25483899166245366	4.365075561025412e-19	2.1182688941222417e-21	3.103408317794795e-20	0.04818440053073578	2.7057942281099777e-20	0.10850294468598239	4.417173844485347e-21	2.366226377526656e-21
FAM43B	1.2306294160814085e-05	4.769697300507276e-06	0.015781459156617886	0.01323957894290982	0.029812236449971077	0.03549635729353659	0.029624927549038796	0.051602882196202945	0.0032749340748931227	0.012297845894602791
RAC3	0.013199701995081185	0.2889650346383285	0.0003462502604292255	4.1028965942441e-21	5.602492649077071e-12	0.00013988202231532453	0.5363624430056468	0.6500940407533855	0.2603537411062926	0.10558685176795368
TFDP1	0.5440639266207216	0.6992263753006301	1.174897574792616	0.6656121806823486	0.6860084651845848	0.7240902012660406	0.4294658760184528	0.7282020521686875	0.33228269184084025	0.3615988742962755
NAA16	0.552540711503377	0.08250537789806191	0.42054017624909906	0.20200634814527466	0.1863765249765566	0.14794257307662903	0.03538706441075345	0.27219135251196747	0.03435550705693454	3.888159107202247e-06
MIDN	0.9275140352031082	0.5410299786700111	0.39296715144612426	0.885153341002644	0.42821450656710347	1.0885293846394317	0.7619276538789309	0.843472760757911	0.9246339578152183	1.4201392127257426
TICRR	0.08028329910630047	0.6246651449539117	0.016293859061611037	0.0004382349413485288	2.568909217209949e-07	1.404235157306568e-06	0.00027340839595662664	0.09458154068388824	0.10825897687392744	3.212256163002431e-11
PQLC3	0.3943125718239596	0.19668835645630203	0.24027580032727375	0.6713942953218139	0.78740752813051	0.5708139946500815	0.04269299469427426	0.05407832398878361	0.13317112722859267	0.6891455687556773
MAD2L2	0.04016776633731897	0.4579575424940952	3.993437175238031e-09	0.34992245314658804	0.1812760459651708	0.4417071365610971	0.5345330926679824	0.42980261256075053	0.3403196171956156	0.35273529575482915
CXXC1	1.2739525977809418	0.5096744527307233	0.8051937115812051	0.8689515604751922	5.4029355188027374e-05	0.4221825206072659	0.3445294496719923	1.0984996594460263	0.742558904763787	1.0979891367661547
BYSL	0.04766252908476157	0.4500880228377845	0.00021214647256407335	0.022569104563784404	0.17925558571573674	0.23639016191850393	0.21382151147067985	0.46955768413494187	0.15320216134973413	0.30580356873198505
NLN	4.150127485981882e-15	0.2975275179348987	0.2835712189274821	1.2104375485487257e-17	0.2702171367130711	0.06102879072429644	0.19367323505254	0.17907602101545533	1.2233387889994943e-05	0.12614670847505877
ICA1L	0.10580639603399737	0.031081228813906996	0.15139483872889176	2.321208815967636e-08	0.05261358518270602	0.025503346776099736	0.011433658487956572	0.07360139224215384	7.611441727370073e-21	0.03615740255085835
CCDC47	0.6373862758972153	0.8390194815232693	1.1674474199692186	0.6286142693017439	0.9080920630720748	0.8737009214742906	0.8304104592464848	0.5125450471210163	0.4974702930491588	1.071163573867423
CYBRD1	1.1494024172151116	0.11875392633061055	0.4167621991324448	0.5553863301254318	1.34895679255018	2.455929817347758	0.3781812771909468	0.006155039353578193	0.0404546012934271	0.20713515403733576
MEDAG	5.4399330001586515e-08	0.08890134644702213	2.2094092530296234e-10	3.778768410596272e-18	9.29942069339148e-21	1.190777910320481	9.697385317184022e-17	3.40317217721676e-21	0.06148317439657699	0.09174337112943971
PIGT	1.0062963550814148	0.8785102088267036	0.9233818354385933	0.9102179758850921	1.1063440393080046	1.0574444405276304	0.842283280813241	0.8740923331948935	0.7708357949174559	1.139959416203782
SRM	0.14232228032321137	0.8458882797564622	1.0965987661356263e-06	0.747434002793498	0.6442097850858294	0.9891025813451725	0.6701692493105528	0.7253362833655254	0.7080747853420166	0.8482472016101431
PAX5	2.30450857925516e-16	0.059874552904526264	5.300143422222449e-20	0.3063494915887285	3.00762035066802e-21	0.07098938711589808	0.0811658950439075	0.03302481720819787	3.906039009685936e-21	2.8478076959183737e-21
KIF18B	0.06768777152371884	0.6292308770620889	6.3944179664983936e-21	0.06515721975823978	4.7586313877628275e-21	7.775798740347709e-11	0.0003503637958047721	0.134945837716221	0.0936352636754457	4.390822115381024e-10
HSPA4	0.6279303348197601	0.8756269067077852	1.1634385146749753	0.786508719649297	1.1036634755814914	0.9132914483131639	0.8795979674074809	0.622022055545112	0.5031346574554266	0.8202430004091906
LELP1	0.0027285891922379773	0.018557349292829307	0.03159642343647776	0.011519652384077875	0.01952936227316919	0.013567436812874704	0.015845075143154135	0.03313718877149607	0.0070421894101093	0.017333720852136986
EIF5	0.4597923469543335	0.2617635121400397	0.8289969653035517	0.40336145954070046	0.7791457570289576	0.45723839417540696	0.3344221559985051	0.7488449907621864	0.12180149952802077	0.014878632159578452
GNE	0.2853327374520176	0.30359884564938044	1.1074599476545157	0.19666454835101815	0.36322453595638327	0.32168697896147513	0.2751845983116594	0.6587485362527897	0.2858975716655356	0.4464775570907507
EMC7	0.3644274489372507	0.5803064716533052	1.0463371878601415	0.7682425754568246	1.1059359834564628	0.9862406163039511	0.9013355952057492	0.4607035778255913	0.5148463670203902	1.05904319892702
CLTA	0.7295762693652822	0.8142546589030164	1.1479453155544777	0.945203551950323	0.8541360712556715	1.0572939707324533	0.8589375634930472	0.9151206830832417	0.5402974632650103	1.0243721475395493
CACNG7	0.0035245148241955654	0.03463189026543297	0.023658466559832995	0.0028035428429019345	0.005887373375913909	0.032453547503687556	0.00670727958709965	0.09507746383287083	0.0025900341917410572	0.00010277991181632741
RPS20	0.8576648365174318	0.8410357443921451	1.0697848754247175	0.8570029650814551	1.1647708850317948	1.0905111230220836	0.8282444028621414	0.62709377493059	0.6287451792729987	1.1631730422265452
RAD9A	1.2963714815907528	0.5197487639670016	0.21101235056514306	0.5954647136412186	0.3669565829703983	1.0940303898913943e-05	0.1345463262196264	0.8289776608403543	0.5507593245276674	0.651234532867914
WDR82	0.2476463253235114	0.15024824230587336	0.34070692456797486	0.5929470426111942	0.30137551280704994	0.5826179621888393	0.3977154858553898	0.2154292049905259	0.13879539119880818	0.09521718707022853
CDK7	0.1395980573172243	0.5614754291953864	0.7208937967555101	0.043369988271940905	0.7625958245392296	0.07574671704622381	0.30081663690758714	1.0825165680607953e-06	2.0706646985921948e-05	0.5352920255933115
SCO2	0.6316212400508484	0.59762317187723	1.4134803827277818e-14	1.5167164211097268	0.08714178335340482	2.4226559081454947e-09	0.12782930920628785	0.6039371147255379	1.1571635570740793	0.5683527896407192
GEMIN5	0.5049604361056056	0.5021630887041747	0.38243604971923917	0.05374151296345217	0.4547473969333723	0.19440156839012973	0.0017858353830952057	0.2910074696284801	0.25069210717124546	0.8593018374581186
VMA21	0.03865164987010212	0.4697278579468396	1.1718211053453633	0.21721786215597574	1.6362881361778447	0.6142643371569374	0.5047345567233974	7.1926550548405e-11	8.303978093992443e-06	0.27422024971233994
NUTF2	7.716621591740589e-11	0.5135473894467885	0.22907630717817223	0.17577948058276666	0.7439138882482211	0.5464720983350649	0.6419512302496251	2.1140874296607735e-05	0.13390002563361805	0.470170443352069
