	C0	C1	C2	C3	C4
TBK1	0.7591276788009277	0.9879757735933198	1.0558863203037587	0.44818000561088883	0.42544749838683077
AGO2	0.69827602976839	0.8912349050135014	0.7974008554450472	1.0357478996951124	0.6659681611264534
ATG10	0.11843671830088563	0.06976791987204309	0.24250790657214844	0.02667140839302121	0.045395084286642275
RNF31	0.39302053164351325	0.668720410929797	0.541990296199615	1.1813198167129495	0.5647608816717145
UBE2N	1.0549087851445584	0.8231874154354254	0.9974236187442844	0.35651969070405387	0.5931202763782922
CHMP3	0.04741941490353308	0.01277818172632096	0.02926380437408352	0.056439028441962295	0.045824726145694855
TRAF2	0.08380485229973124	0.6593538772739088	0.2933062822953875	0.8244345336705794	0.6395454043023293
SCAF4	0.6366205098865403	0.6519829051511624	0.72107159209757	0.6496836205124058	0.43224440592241065
STUB1	0.8041299977432969	0.6818343018643165	0.771573699240912	1.0442477391569382	1.0384014220486133
BCL2L1	0.814074517428719	0.8079207695548114	0.9261568641222091	0.9203985135587777	0.8957749637829467
PSMG1	0.4662909349050248	0.3436888356482378	0.37206570647989506	3.8912327358949544e-11	0.27470631740531865
EPG5	0.26910073682166386	0.48429839564182064	0.8130595211074902	0.7373516773182464	0.11730578877880761
ITGB5	0.8197251720615978	0.6294742249894175	0.506416357167512	0.8953450633575987	0.7781371256918556
DICER1	0.809440293924354	0.8841598009094491	1.0944462299345967	0.89582019232026	0.19315944270451887
MCL1	1.0047359648906866	0.9642746093249623	1.015214332431957	1.0105558542455848	0.8766204662171396
XYLT2	0.373957374509506	0.6199386584272929	0.49114803892308884	1.0131858183681597	0.9947506638863899
IPPK	0.14016062573269553	0.18509598769957186	0.11540203361598778	0.2501011380628613	0.09337527365506866
PCBP2	0.9775914923493112	0.8698970327647475	1.0557554218817993	0.960096912785556	0.9110871121408514
PTPN2	0.500366531615841	0.8252765721345132	0.6757262883479385	0.3264873373064751	0.03868146353401869
VPS13A	0.6244467910735473	0.7577572020947652	1.4251700097317317	0.8493697422723736	0.3505721250849853
FITM2	0.20650828972353022	4.8100238931460955e-09	0.3661500760457949	0.49233899157952254	0.7237974293580013
IKBKG	0.04001892813464514	0.09065183375174941	0.019889581561029147	0.24416188090783567	0.13475995449641318
RBCK1	0.8072503318330431	1.0066009086291374	0.9563139211648165	1.0077069586834342	0.9010574832095882
CFLAR	0.6344989010169555	0.7790914315618505	1.1735666180779543	0.9478813281968855	0.4155724184112916
EMC3	0.5578173071112112	0.327539342946464	0.3907563350635101	0.23001208712499732	0.35253173748076233
SETD1A	0.43712194893561734	0.5472996329490155	0.5375138342980301	0.9405490817900437	0.7880122466247023
OTULIN	0.08516127998795225	0.21843253316091796	0.2413556882842896	0.16501424647588486	0.14294003351544846
CHIC2	0.6191218146485511	0.22563936985309038	0.2713707763297345	0.38707946824066314	0.19492298061450578
TCEB1	0.44610549835626845	0.5015910785891703	0.45938570111401383	0.0010870741780745089	0.3047373864635376
RGP1	0.48199483296170587	0.3999458535257418	0.6890304859814192	0.9432618391162167	0.6058552728086559
TAB2	0.9205384970706619	1.023201423182531	1.1553592808945283	0.8082026875432554	0.5599501432490374
TMEM208	0.3677915534845773	0.3126209386683017	0.2057937986152271	0.3887121950041819	0.8581680851453108
IST1	0.6364590922068541	0.5109728024521955	0.7107900748118533	0.5496077604453126	0.5215027863890054
BAP1	0.6236077226211723	0.5436554279668901	0.430073539846393	1.0519811578893623	0.5707712701611315
UGP2	0.9758904164427223	0.7992098385391916	1.043464009916068	0.44747186327668365	0.6718193052569094
EMC6	0.4543095130580921	0.25542533726236405	0.2787870010349681	0.11552194364178137	0.6880487747724868
NCSTN	0.8533557533134319	0.8825540566913044	1.0134683454289253	0.8592385845058477	0.842834638379726
UBE2M	0.29828289737100855	0.13147456109985248	0.08862238008334213	0.23136385193722978	0.4626561984085509
KDSR	0.6460779655112668	0.2825398102061193	0.8377824841866983	0.30752705292589866	0.4306417984838749
BIRC5	0.01918521428380021	0.42763777650695756	2.539180980171353e-21	1.405592008520239e-21	0.19451286990508365
VPS4B	0.7576879293347002	0.48432369520545226	0.7080397563079084	0.5247925411727665	0.39318790949551924
POLR1E	0.41600990863313336	0.2646275825616393	0.48074037431734185	0.26829032216417337	0.2980585103376744
NPM1	1.0053861815501697	0.9421994609552585	1.1295112198265471	0.8575252356962683	0.8746664264728095
BARD1	0.17909955894389082	0.2755006105179082	0.22767962484679924	0.13721401679314332	0.00031758371625784424
GPATCH1	0.04703989967722293	0.25650013726895277	0.47666303490213074	0.41986446101885216	0.2298510124010166
L3MBTL2	0.20836424771547965	0.236293442448703	0.27637253156092917	0.7146734125350365	0.5318747647924399
TFB2M	0.19280544762505425	0.20547105969961338	0.33181485799604094	0.042535252569750756	0.2619498760363011
MRE11A	0.3556319762474161	0.5658486158666184	0.8535428545654002	0.357667098186559	0.00471188933227951
CENPO	1.8356987948097184e-09	0.44375632052818875	0.08702398040366029	0.23755360285447172	0.28208087904670875
CMAS	0.6640318281631495	0.4988249239349523	0.6389043970547037	0.012833321374499714	0.6681961303166963
MAPKAPK2	0.7715630795484745	0.6433442614631282	0.6792751109435219	0.7379768710294538	0.7925177553677948
SART3	0.7102686177233073	0.7593382593347443	0.8149701309362453	0.7412316537064934	0.6249929595765726
KLF5	0.7859649430534279	0.35005598440618624	0.09923750544112085	0.29750765286834047	0.20224076427056065
MRPL12	0.7048845997739372	0.6297661775457244	0.5159405557001242	0.6779676461311771	1.2886600216687862
MAP3K7	0.660896870344578	0.6634926760760446	0.8388213153316466	0.5034889392555091	0.27280650094260944
UXS1	0.6419021863338931	0.43938577988107663	0.459732434176416	0.33954751493990804	0.5641900045162741
NAA35	0.4667400828194184	0.3492451349199034	0.5490204137596829	0.3568109964685791	0.14464198935781095
RAB5C	1.0157278832570014	0.7051833038085742	0.6970013386048886	0.7942838087308997	0.8551310214283636
MRPS15	0.7571682395287688	0.510640372443108	0.5495432884729392	0.4517337985873111	0.8766798368104911
TSG101	0.9486492213882015	0.7090237146719729	1.0122905828126822	0.556600853365024	0.7043215680359765
ATG12	0.08002267603496827	0.059278958862840896	0.1116896011106573	0.05777857982203773	0.054913818038582904
ATG3	0.8617983448963451	0.700429410403655	0.7260308123149057	0.0888039441580061	0.3034849531203555
ATG101	0.7228405160932799	0.48383023860833174	0.2179394641237537	0.46734141594036055	0.9270221205583475
PSMB8	0.1330573253425972	0.1968523822396738	0.13735103782860242	0.1269387225430028	0.34407849845463584
SOCS1	0.6137787790707965	0.9285423985361193	0.007000131700618779	0.6002494399928341	0.6533970405383981
VDAC2	0.5225899999198068	0.2628884682734562	0.35681045364250397	0.07258096953731331	0.5442313711453675
JMJD6	0.219458161387217	0.44884378169036343	0.11461880719522546	0.4127744078968888	0.34864072789293044
EI24	0.9996380128433258	0.7826251052786745	1.1092733528977388	0.5588258688311579	0.8017672412528456
MED24	0.259610822717262	0.4619532200962394	0.39635123709432457	0.9429059752433713	0.7156602124069906
SAMD4A	0.31260599565312874	0.1819178197601194	0.17531871800929552	0.7395495214107187	0.23078196121084774
TMEM127	0.7152045066863688	0.5432053114792939	0.7148382570010423	0.7559898900616593	0.7808670655396023
KDM5C	0.45547176863364264	0.6761583272551959	0.5513988802568985	1.0575800609235877	0.6626970095329503
GLRX3	0.8361532629101032	0.8690602149065949	0.8757255894507084	0.3299625434690249	0.5875793961025257
TNFAIP3	0.9663609876703814	0.9761169209336727	0.5488953737932999	0.8849035606778095	0.5273411139046849
SRCAP	0.9138546996836915	0.9307708352635159	1.0398852977876187	1.0240304590093698	0.8793671247602468
PCBP1	0.970858381718705	0.9477243089410831	1.0623084803905911	1.013415329527802	0.92705431069639
MED16	0.268638736172026	0.3236170964795435	0.25052946812027677	1.102778184337136	0.8350107810414215
SETDB1	0.2012911677302271	0.6509252880185861	0.8624235301623472	0.8887780621891153	0.4913415760401111
RB1CC1	0.7640574670598413	0.7997355924915116	1.121980234742929	0.5870767080614642	0.31661995737266796
PSMB4	0.9413888468054743	0.9211261445267562	1.004471551887607	0.915891688150136	0.9265483232232956
DNTTIP1	0.44486687546195347	0.7669985392435701	0.09385675286156905	0.289106789819698	0.7335968014434155
HUWE1	0.7511954699440999	0.818909453945033	0.9469993943063676	0.9727203352105116	0.7732930896838566
PRPF3	0.26333008113484996	0.7484432254723292	1.0748902190719356	1.077432433845036	0.2946414487567884
BECN1	0.8472368880536192	0.611047242264438	0.6960080490200895	0.5480495819717034	0.659607502835255
TNIP1	0.921559438364206	0.8903238223504587	1.045299155121451	1.0254548963026404	0.9415851547893986
RPL28	0.4041068375699185	0.2993406242831222	0.1260630239340115	0.28492941511103237	0.6245058244628217
TAB1	0.2830411730114117	0.27061335800122327	0.4085853691784657	0.9297680207250552	0.6233098410294154
PEX12	0.20656986983866776	0.1421386405866279	0.40406416059249994	0.0575204248981798	0.18643792078252744
ZC3H13	0.6983657093900209	0.4653438163931757	0.8281621190381081	0.6118037250884728	0.22937547652515008
ATP6V0A1	0.634134319506488	0.632816405911955	1.133621044856924	0.8270636525653797	0.7902493152324674
YEATS4	0.36036807977595947	0.33824880005941216	0.39045475367343413	0.0424932376960234	0.26671989671636903
GRB2	0.8491764217320426	0.8897909238400747	0.6819893772722311	0.6842329428555924	0.7364477609102255
INTS3	0.3200788699000911	0.5066439839078062	0.7356055721320633	0.9060095568144879	0.5913637739813256
MBTPS1	0.729491121633185	0.7299201312748778	0.9293058549998378	0.9676452923034051	0.7147653521373285
HAUS4	0.44236225324394435	0.2450105587725014	0.509564095877607	0.6039326888773766	0.42100480049905586
CSNK1A1	0.7753896964541984	0.693372534334149	0.8938367415103162	0.5369237256422501	0.5762681946301862
IGBP1	0.8748353362489655	0.661165213390617	1.0779485018879826	0.7754954836562685	0.7793902218822333
MED9	0.05768981641825146	1.1414826093209746e-13	0.05241012427804779	0.0830686762947377	0.11547322094544593
UBR4	0.6893998232673934	0.8074854001929528	0.9103944531664993	1.0906755127720462	0.6884657037234543
YBEY	0.20744461482958215	0.10179252606404333	0.28340358415686956	0.10967806692804127	0.2557836325320628
RFC2	0.34152745936350326	0.4547577340043511	0.3316489052851968	0.26529029452523023	0.6270033330727006
DUSP11	0.1575906892058575	0.187585296587596	0.41151865096097295	0.2655545078730827	0.10170420637223669
TADA1	0.09434788323230217	0.09752485288143739	0.28625024683542055	0.09216022560696042	0.18375311467633693
TRAPPC1	0.9390978079477875	0.8137867659343436	0.8536173347980115	0.8065527975320868	0.8831038177362478
PTAR1	0.11729427550563765	0.07302185954759492	0.3297013853985041	0.2657320063830719	0.10488778441303058
CANX	0.983795565206452	0.9551252205473897	1.1011860352276237	0.9317739911099592	0.913482842470097
PIGK	0.3248049219563109	0.10435858897559716	0.22150528408618594	3.8614448344048506e-09	0.14974178369731925
MAPK1	0.9408753334603565	0.7291416013440061	1.08847874618843	0.7939961503678424	0.7562519869247661
SLC10A7	0.08066036446543884	0.13682791853289084	0.2174029096560362	0.1832377248570802	5.2083590707015496e-08
TPR	0.8367735383268022	0.9652274993233344	1.129600979845086	0.8855225903352324	0.6066208079962878
PTPN1	1.0412168443924317	0.8900314318898772	0.843195696224555	0.774404735294023	0.7956364767471905
HNRNPF	0.9017437257596752	0.8447079738414728	0.8111371744418467	0.8110729677621127	0.8155267337440347
SRGAP2	0.14979329621990886	0.36755684281565143	0.33388902982144225	0.4878510402962396	0.11028044146226632
USP8	0.3972057991209672	0.3166289671487491	0.5919948383720472	0.29161029494059737	0.1562427468037852
RANGAP1	0.46785492803374323	0.717328733823588	0.22542677556805535	0.7850206577518127	0.6841370283477531
GFPT1	0.9181090534496734	0.8377738850041923	0.9429324759298922	0.29705425321084167	0.6793804168039546
COPE	0.9196593757103504	0.825044131027674	0.8043442944752796	0.990868632504406	0.9886331744414751
ANAPC13	0.7014659096016123	0.09106619625715873	0.3822496409385312	0.026927914896579103	0.382443005250872
STK11	0.38655323201033803	0.2882995756704805	0.2690504971195428	0.9024836837569826	0.6558662894315815
SMARCA4	0.8278321877729866	0.8977377143185431	0.9285851365950922	1.0949046353366694	0.9045489199026382
IPMK	0.15076179473686663	0.10615899693159757	0.15818362321240798	0.022308374588857035	0.1314616443904544
ANAPC15	0.41925741511488973	0.13718620691769734	0.14365440678347313	0.13596209848109822	0.3319835675554306
BIRC2	0.6249719792742136	0.9089452284106416	1.2756526114291817	0.5724586686051151	0.3379606528388731
RBM10	0.45764979692949825	0.6082728693537058	0.5652557293765968	1.0148407506694677	0.7243984617244702
ANKRD35	0.01789347525853409	0.014786761838800816	0.015411051324853804	0.02686883671183876	0.020020992935276448
MTFP1	0.18245936592205828	2.3482946069247174e-21	0.2059571646042374	0.2614271309302823	0.885760352379868
DHX15	0.8690950339204633	0.9102074150188966	1.0440181489101947	0.9388416175247711	0.6913966819100164
SPTSSA	0.35767741543967346	0.07524433478820068	0.005029625053842523	0.12529277432103988	0.2149295589644932
UBE4B	0.5600376155540996	0.48053305694657217	0.7753701855236725	0.722248530143706	0.49639471793588547
SMARCD3	0.6722659840413797	0.37099003472598524	0.00017734537971464656	0.7659559611954982	0.28229899989961355
CCDC114	4.010848536207149e-06	0.06682967289333526	0.05482281791469201	0.10869487079327668	1.6051293031722595e-08
SHOC2	0.95465267127578	0.890383553531754	1.1746235126397684	0.5450858360826545	0.4931059360705921
CUL2	0.3520142028484868	0.5292934043320958	0.540248322382073	0.1108652329661277	0.13185209383300792
PGM3	0.2967285849473252	0.5074014404514833	0.5275479483188851	0.21521428645075358	0.21300009107589404
TAMM41	0.1383053159741692	0.2855057297480352	0.34012096451867163	0.3387354664199181	1.8718247775850008e-07
ACTR5	1.1478887713699082e-10	0.1387829535969022	0.19337564656479486	0.3231656325934677	0.12029971124901721
DNAJC9	0.08918117007612524	0.3879906385513181	0.12494983103465981	0.38450812801396095	0.23118895866741632
GET4	0.16752785378519447	0.18269639125695084	0.13339334171389775	0.5579497831870452	0.7979888262128365
ROMO1	1.0053738629942632	0.7611121551088486	0.7343894571676164	0.7490911181565559	1.1213331349016027
SOHLH1	0.008333298536814086	0.028979810337904165	0.023950206508939788	0.017180923787998712	0.019548414477591487
EMC8	0.17157631991254652	0.16685477871268023	0.05616605169187541	0.24039882916677616	0.2892175696383849
RNASEH2C	0.5799071219935816	0.3218791566423724	0.4026143411643412	0.8609041684337112	0.6160750335888856
PHB	0.8291200059464346	0.4959627947160768	0.6853877859719921	0.6141609517205282	1.1687978374811407
CHTF8	0.47650961162670025	0.44509882459766875	0.62273495911318	0.658705573176501	0.7147077023310168
SLC35A2	0.20854702096367841	0.31664210173842666	0.0701871091063866	0.1704057189032319	0.5231796752575687
PPP4C	0.8067270672522779	0.8238624971375413	0.7894213710842108	0.9170978129430899	0.9931010924239122
RTTN	0.12113233388464058	0.47395323407782913	0.8975427144555416	0.6627497500412493	0.03090102267751757
IARS	0.8536364222034102	0.9381851714167074	0.9290569120224845	0.6803099605492455	0.7251716175666055
GNB1L	0.025631094262023237	0.04233868094923362	0.01458324516225488	0.07167714741075798	0.05813201244820499
MRPS34	0.7055225369716354	0.478069297554302	0.4800598265650674	0.6788426412313805	1.233091688316437
CPSF1	0.15837001401405845	0.6149176424454156	0.33805643312427314	1.1237062935552111	0.5341692992980527
EXOSC2	0.17062086027967452	0.15300933915590156	0.21671510427830543	0.2595594910190914	0.1670367184237226
EMC4	0.9084636070908455	0.7069457877552366	0.9673870011219005	0.734248455201607	0.866949721644735
TMEM165	1.0635923860563226	0.9902262855746102	0.8767307935374175	0.8072863298787865	0.7326251293969689
VPS25	0.4973791291804247	0.34544209605620285	0.3034559115443259	0.3223894557911076	0.8106362085369783
RBBP4	0.34120004008780425	0.25826263259802595	0.47453209975341615	0.056131858103373275	0.12418694501878214
MRPL38	0.5386964157368457	0.43585062919357287	0.449510923840704	0.8004297953798467	1.0082679679594975
ETNK1	0.19241899770494048	0.30382027820630114	0.2534465097023499	0.30810876643090784	0.2826485349351084
CCZ1	0.8589081560491667	0.7319124830225399	0.90603684637098	0.2777772143779078	0.4676658802084245
TIMM50	0.45498720328828746	0.29967194652716345	0.2516734822435046	0.31647155634869895	0.7582291653706454
NMNAT1	0.18224809280554605	0.07450349088991016	0.24083722289101617	0.1999858911764934	0.19253129847800785
ADAR	0.8752088421577267	0.9634895029005548	1.0482379149380219	1.0119662825245863	0.8339130685437042
SMC6	0.2555847282422667	0.6665832658758429	0.8507391566823108	0.3400688791616815	0.013820236090208474
PPCS	0.2421581440281362	0.3234969557076632	0.31648715836818475	0.4187451006852807	0.7024951952532124
WNT3	0.0009822985841085145	0.15523418780803055	0.06973285489322775	0.06576835800617072	0.21420165894891674
ACACA	0.4633695072505959	0.8272010350741623	0.5805438662648776	0.48321476524625706	0.5094105567829149
SOD2	0.9816821277904626	0.962847063380836	1.0719739502848407	1.0145469053563194	0.9358351121267579
NARS2	0.37316732565085026	0.2643425832278812	0.6580787378045982	0.48358556460523544	0.3468812763494759
COX7C	1.000971232586015	0.9467338783841107	1.1096672692303302	0.9469408889024663	0.916263270578394
ATG5	0.3125326707268397	0.3632250341213944	0.44782771260486043	0.11873445138702719	0.059308353465166073
ATG9A	0.4751347936703742	0.5239203977532577	0.5306097031136391	0.7800621342529139	0.767330677604909
CD274	0.06575897892681802	0.4412134028446882	0.1388048336223331	0.03510192388175285	0.009722927449780127
HIRA	0.271048012082768	0.4637615710712763	0.45422855255886707	0.8115593390413184	0.6180578222803031
MRPS9	0.4140395396788977	0.17023376471872725	0.4945246702853054	0.1867282223451551	0.3677248777452586
MAP2K3	0.8000423398196217	0.7057418583283838	0.6234573769808317	1.1205424540615985	0.8471747217517858
WIPI2	0.4239003822656725	0.3514078232757331	0.3133023787392174	0.5355203081857602	0.7124995896868782
VPS18	0.3502318060308392	0.3202453049612947	0.1444461264258394	0.7118333690850177	0.7378580857703014
HM13	0.5521083664698068	0.8171902219598035	0.37967746293590343	0.35740024526136155	0.9355015870579458
PEX3	0.5827774359109897	0.35221996393786836	0.7825127691830316	0.21236861994918413	0.2625069344750973
LRP10	0.8045065901053329	0.5548113919559835	0.4166372653770861	1.0144880207748441	0.9251912021379299
USP9X	0.9340736365807859	0.9458263459431736	1.1040863153984222	0.9154135939609651	0.8010509002244249
NDUFA11	0.8002920199066696	0.41144564602787814	0.5044386685487581	0.7640088677962785	1.0584817063563658
NDUFB8	0.9737399087298024	0.8053006930566287	0.9815649227066111	0.9468209344996827	0.8409972306702941
FURIN	0.8609197267788246	0.8146753420088299	0.7985843975848963	1.1081411378939916	0.8985602394827744
PCED1B	0.30551647915833224	0.9761311673297918	0.22539970983453878	0.6704798718706749	0.04472710356042477
PRPF39	0.34775920658323467	0.6454502057059732	0.8534840076049754	0.6494078591740704	9.096222951225572e-05
SHFM1	1.051669910090262	0.9567988559315375	1.0561713556656762	0.8267313931227737	0.8828208577411449
IRF1	0.41074210184363796	1.1449676566045968	0.7363379218845466	1.0646183015358677	0.4718395679949919
SMG7	0.6284961248260125	0.7190032182579563	1.0705566391767205	0.6838776509204335	0.5633431229049674
PTPN11	0.9342610928710235	0.7251438786335829	0.9713698838436589	0.2977791820545571	0.6047105896912419
CCNE1	0.09015777188015016	0.28965262492948324	0.00018644403904523267	1.3459666401108414e-10	0.18687275519815907
MED14	0.628811293184066	0.8103725778962686	1.0577429119951145	0.6329093484673864	0.46707000226703327
MTA2	0.820585583920175	0.8996208978624188	0.7137660349852155	1.0156907100945516	0.7092084378806538
MED26	0.1548623814753698	0.12253146395855119	0.0007655388190679098	0.40212321541863644	0.2383110097968674
NDUFB11	0.8526781561923867	0.47095419384193504	0.5323580365433057	0.7088616108495579	1.1108437301412328
ZNRD1	0.07141212737129632	0.025656558986186205	0.06532728718033352	0.0315202369247504	0.07315508086752454
UBE2G1	0.1958662161222045	0.08777880613484157	0.09927456183806149	0.06843588659003348	0.129109055054586
INO80	0.33484607592449817	0.5019131483447763	0.7377476914751818	0.5727792762463249	0.18821336992311916
MED20	0.05788934323316021	0.07050193823261339	0.11143792687691877	0.1545953342274354	0.13195009625887882
CCNC	0.6719269167100675	0.35433371411972325	0.658208922397752	0.14259937264455488	0.2408056929309929
USP7	0.9340737322742214	0.835987618267054	1.0052301535161894	0.6932031829637186	0.505710647078306
KCMF1	0.309529926252874	0.31480155418847866	0.24276136136296472	0.08365711489911715	0.296238786448284
DSCC1	0.07344977009827375	0.15861301330925093	0.1166565511770204	2.5981828772149782e-09	0.057012568549816234
CHAF1A	0.0587096409947332	0.7547500648029505	0.2237776253089536	0.5431958330987422	0.48788331384273137
LEMD2	0.3357936761562446	0.34594388190226827	0.20487332193448704	0.8729671171998409	0.6305117022298325
RPAP2	0.3278431587653649	0.412301995241401	0.6417073698129194	0.23143214078153143	0.000156246491767398
HNRNPAB	0.9679414789562566	0.8839525644494987	0.6827232264341401	0.6318904776939216	0.9257884263145391
CDK8	0.5162937919941468	0.3440971631271505	0.5360019574558406	0.24752040165952377	0.11634657825285115
FBXO28	0.1492151811258739	0.1396837657938407	0.22869286607424447	0.11213411911636126	0.2009111373043396
PARP9	0.20096438304992725	0.8225009276693328	0.4814006896995721	0.464988150730996	0.18828595460144462
ZC3H3	0.4026098328542937	0.7118585141869247	0.4681539952830134	1.1235337301925485	0.8191380166694834
DPH5	0.24582842087248583	0.18996497845283017	0.33649329933624644	0.02425139730481213	0.1851384321420523
ORC5	0.24128822132656008	0.3460232060987084	0.43726823934060854	1.6415846272114807e-06	0.14396261064780808
ELAVL1	0.44771409500897763	0.2651504528535888	0.20256027514806788	0.29201772875904797	0.4922130116420157
CCDC115	0.11960495791131273	7.188341231636437e-13	0.08098178405012328	0.26560356219446113	0.28251118602924485
SLTM	0.78187940873101	0.80096080215673	0.9391498966316012	0.8547880932565072	0.511101701618748
CHP1	1.0573290324276903	0.5616600546682973	0.9291582870908186	0.5078747638968563	0.8628413648537474
DCP1A	0.10336947339282945	0.0731744243390052	0.08721404900152623	0.1350683253257248	0.06493978868361633
NSFL1C	0.5487243662843306	0.30074500032721263	0.25998732506415495	0.4640768253392471	0.6674288197674779
ZC3HC1	0.13873569845036085	0.3074731338763804	0.6844685405008435	0.43598881551266305	0.8588484961889286
NGLY1	0.46080596589563966	0.5624578623852027	0.49507770468574425	0.35152911764085626	0.17572080421578473
CHTF18	2.1088696034008235e-21	0.33521153836804607	6.694867749422157e-12	0.45599242297346165	0.1929675638550458
PDCD10	0.9863646248853565	0.9317784864260096	0.9795002319782897	0.32841286928866537	0.42582088734332674
ETS1	1.0500760251304864	0.8774521650916265	1.0500988423581954	0.9767627072095441	0.4391751820638385
VPS29	0.9238124950606099	0.93996346178113	1.1435781320060883	0.6924796263615078	0.6694673179277971
AARS	0.8756671214134479	0.8904124380305354	0.9182839736689304	0.9126602306260192	0.9110831037754535
RQCD1	0.5195234646166293	0.584437206457489	0.5682878260666927	0.30915865580795765	0.2804377075303934
ARID4A	0.6555824474196719	0.5723823266098679	1.1007680800732076	0.6362944648081361	0.01714472577120713
INTS10	0.6731136878013256	0.6937049147371531	0.8731126324646532	0.7458115562505423	0.4388167873226176
UFL1	0.4209535330396815	0.4247536043966997	0.8153120999691461	0.3293470275726785	0.2735656157328541
XPO7	0.6657539309733189	0.5976786763432453	0.9062193764157069	0.6268294355710341	0.4833314395478808
PTK2	0.8717192714182052	0.8124272391139761	1.087337209647964	0.8850147561536028	0.6998737482637009
YIPF5	0.5458131502910132	0.49150683750684526	0.7822700206548016	9.588196805046891e-11	0.413419073786312
NSD1	0.5476055971883826	0.8833625793344797	1.0355951759482427	0.9645115466186646	0.5676911898296827
HNRNPR	0.9226440259180788	0.8188019306862767	0.7772870363812641	0.8565587718815412	0.6287279324828832
RIC1	0.558699097117716	0.9253492218760621	0.8721559297405551	0.8881839262177343	0.2546556511566051
N6AMT1	0.04992072969222821	0.05018892831207533	0.18761613575147995	0.2159265466831978	0.09127361554141572
ISCA2	0.2755662374520628	0.062167526092572076	0.24220274634239009	0.23174039878817929	0.25222501676083925
BCOR	0.4854698573867592	0.5691870853480229	0.6884637557014766	0.9231921743283471	0.553436746628742
ATXN2L	0.8523937943875088	0.9285844310960926	0.9580616905302125	1.0227660524662947	0.892570309795443
PIGU	0.4801611673467249	0.43032019327696946	0.4229414789501445	0.003576871855661597	0.4806324398944935
PARS2	0.021956790708543714	0.05943773970089504	0.17673080995156723	0.18606610252205932	0.22992846118713497
HSPH1	0.8635527981777357	0.9489356401746569	0.5251354309796238	0.2821337191849463	0.4555308988388818
SLC35A3	0.3700304322664432	0.3471843801695862	0.8116929900504462	9.167734566936158e-09	0.10071856242561832
TBC1D22A	0.28954592705347576	0.5630039994273449	0.48051887037656854	0.7861935011482499	0.46237038822690724
RNF4	0.3325618856963395	0.22929678076742832	0.13121861779413382	0.19110490313887238	0.2780681450427399
TDP1	0.2573896297832959	0.46155133734966436	0.40731390615693186	0.2787922023641538	0.13598726120431692
CDIPT	0.6552797122567174	0.12767955128555541	0.4882663515177267	0.5416521676046424	0.9142262716169967
PIGB	0.2701927951682684	0.36590016044924684	0.6352365408869248	0.11527580723470597	0.155149608516072
SHARPIN	0.571711674903049	0.6302570616115492	0.5256746434918053	0.9659536961355187	1.0550952675347003
PQBP1	0.6412940114437695	0.39793272573285327	0.4847397246631704	0.7188859088894233	0.7588728766797774
R3HCC1L	0.14994114762425545	0.5646244732731556	0.6446303368156561	0.37826505260904736	0.0013023164195389127
PRPF6	0.859190871715787	0.8503885787628328	0.9776583579058991	1.0203510076388773	0.8766639051345919
CAND1	0.724759909879864	0.9040291100087954	1.0740044609547996	0.5225814994039885	0.5318784820218624
KHNYN	0.11494847269569018	0.24455312713120275	0.1900122269758243	0.9148611782539932	0.3046328425459392
MED19	0.14593752636118182	0.08623069678931515	0.10032983866801326	0.07597780822427755	0.15607545459555885
UNC50	0.8040168930369918	0.6525322040892513	0.935787755769219	0.2621481597652667	0.4935973074479701
ZC3HAV1	0.5057850243240963	0.9500608085905159	0.8237080657918283	0.6277831737507885	0.29280845218296125
RAI14	0.6492398832555093	0.7041423350976156	0.8841386371230473	0.32633942068507876	0.2635465985948318
PCGF1	0.07645626116056939	0.08727850512542938	0.21154334252293258	0.11489932967790835	0.18966288449936813
TMEM117	0.1958296115276696	0.17023520922300167	0.11773722920043216	0.03849194673322427	0.05780097153932368
PIGW	0.08434716044956055	0.11199519564364478	0.15742010740960116	2.6708724277062844e-14	0.056768908911057084
TCEB2	0.6831716237439982	0.3314139892326832	0.3322785857410444	0.3991082033948937	0.9430004916323701
CHMP5	0.6659997350384578	0.3890854862799447	0.5375557610320463	0.17604016332971714	0.3338674585226491
TSR2	0.6845645948584614	0.056758353433037985	0.2743190512120003	0.26939681243470304	0.4978974285727193
URB2	0.07418939317650432	0.2489785660391035	0.12465030818339184	0.2301386576737298	0.18119103444519327
LMNA	0.989964026288398	0.856689288930239	0.8398399255549333	1.0878116674734006	0.8830461758509488
PAN2	0.00045208339764897125	0.32067133230732486	0.7110623326319575	0.8691841624558447	0.3653001449673361
DARS	0.9367868111799856	0.8443651332419406	1.1853411311117628	0.7579925625893504	0.813302350723566
STARD7	0.7706768548856535	0.4970033494914796	0.7299453039462837	0.45238595913021984	0.756416276574737
ZC3H18	0.620043412834853	0.591114173851389	0.5195609857931905	0.8819630335037538	0.6727735751605821
KLHDC7B	0.07701324388303157	0.2166589601236874	1.9302242353084283e-21	0.1057244857560013	0.05433691818375274
TRNAU1AP	0.2810107574306689	0.2502039571787776	0.294835444572074	0.45825554417909264	0.2768054470934373
RBSN	0.30374673759406634	0.36837005263743255	0.3421638784506114	0.5848784574257713	0.05561116060610955
EIF2B5	0.411343376648496	0.6396851318110327	0.7856276731736291	0.8969889806302165	0.6272594620889461
PRRC2C	0.9154006685037039	0.9825078270083799	1.0994086983199889	0.9727691452632253	0.8251379172298766
MYL6	0.9960872035254547	0.9572113432031424	1.0471933123823933	1.000791339117821	0.9143046281903534
PDS5A	0.8406764730662606	0.8783206059469404	1.1073137273925855	0.6938966623956752	0.5465003376350096
TUBB2A	0.6256123026350574	0.53625021064984	2.587688140022998e-07	0.1948192525924389	0.5324785455945136
SMC5	0.41678580738841287	0.5687176149154761	0.7050571396597611	0.6444967859725932	2.3526618017879356e-06
CEBPG	0.4581378654563156	0.5860132299887566	0.6517073188949712	0.09433775761334508	0.2386593542719515
GAS2L2	0.018756984239985956	0.03681609260497699	0.03189228674002275	0.024187441039837266	0.020886198746083412
LSM11	0.04370335606375495	0.038448866526757455	0.06657986349818595	0.09807655293922414	0.09319995850943479
ORC3	0.21508725127715211	0.3320434502238996	0.618162738548831	0.17501193049514557	0.051052931636730484
SRP72	0.8211509154675534	0.7916006034317813	0.9742720636518931	0.3204468580270139	0.45276154666996543
TOR2A	0.05423097179107312	0.060154566314745396	0.021399827522899404	0.1641576601985711	0.12383531892948688
MRPL50	0.37046534079799504	0.1302388440038651	0.4224286433709294	0.05594788526961936	0.05071675726626209
MINOS1	0.04162787992641949	0.02175945541485855	0.03531934706848857	0.048472501480152815	0.02494875663684286
GLP1R	2.3507583497792085e-21	0.04216985340231944	0.07217789403000777	0.028665871635174645	0.024563393575658524
TFRC	1.0847613968553336	1.0267929689351336	0.780086583777552	0.4958300813641031	0.7274424588568648
INPP5K	0.2216599365439679	0.13440664235568808	0.3528058032976481	0.6479538071425529	0.3114087787776196
FAM50A	0.6271984405565463	0.5447582831602783	0.22889503893369373	0.6995145241384352	0.7494230554391657
FBXL18	0.016438498220141103	0.08635501435979047	0.01416602934161249	0.21623279953886315	0.16410354626384643
PSENEN	0.9826599586024918	0.9240976964223749	0.9935703491943976	0.7683326170548568	0.9024388248207227
SMARCB1	0.9043311778678941	0.8305469849216773	0.9346370673829122	1.0127865069868514	0.8973691700828065
USP18	0.005250444439008376	0.36767818818939757	0.1359390679858183	0.19415245841745066	0.2687306536039072
FECH	0.33936804566579243	0.10728159813716001	0.4559570760425909	0.34693764305058655	0.2424293479040731
VTI1B	0.24469144808122587	0.07507294296484694	0.27895395116254124	0.1650290587095966	0.10744231104747998
SDHA	0.8677167122272863	0.7410890969238275	0.9814011983877649	1.00019502698663	0.9714402154079422
DDI2	0.09026854864343983	0.04886361944266073	0.12482674568856361	0.18679738445365707	0.10537380899598292
TUBGCP4	0.1621785008151613	0.28718164885711	0.5831695984357241	0.4127301357682292	0.2677626656347149
CLUH	0.23964541629288563	0.28252730300891976	0.6464513604112595	1.0760230771519752	1.168932011655229
EID2	0.2609923312383884	0.10004752475385473	0.1605908852178578	0.1791682405563027	0.18310648781051253
COX4I1	0.97871284240677	0.9446562646712253	1.052823009433025	1.0021599908953798	0.9446909300736264
PRPF40A	0.5667073532497654	0.6704338362220015	0.6556249842429202	0.241087553521298	0.3038005962372052
RPN2	0.9780711161810425	0.9721041750791091	1.0437902956145222	0.9573437676290256	0.9340822378307769
MDH2	0.8194614783324041	0.45973023277370234	0.4046350983216454	0.36601881893870025	1.2698442722916083
EWSR1	0.9023119932773567	0.9413848474689019	1.038369017997144	1.0360980665857942	0.8245986337122201
KEAP1	0.48198837440439146	0.5699170368246407	0.6159470802757802	0.9339920710507698	0.9587027247450242
GPATCH8	0.5072088204228324	0.688410410362467	0.8975698590135008	0.8662657457120716	0.3506538028784198
WDR7	0.32893067078473426	0.5425692433096673	0.7790327684176874	0.7149636392783886	0.014549157635118574
RPIA	0.4441370420884643	0.47287316069206276	0.4286652725115214	0.3496438138573086	0.2805426614513144
OCRL	0.6983924354784439	0.6057858464018306	0.8027077553635708	0.3477698255775145	0.5705816797875364
SEH1L	0.5761219854417317	0.2882677142794202	0.5332680122699534	0.16307518818933447	0.3794258822646641
AZI2	0.48864887111271393	0.3001070409413477	0.31769513006669586	0.1534913529731071	7.941336271454948e-11
PIGS	0.4248957959908336	0.23199285568544137	0.36143968286579703	0.45942099327159347	0.7611018646770019
PGLYRP1	0.01735661496412754	0.012813843421365576	0.018427377021169106	0.03336424440875085	0.018536772184362168
PISD	0.18182723669607007	0.19111494754587083	0.20112315666729744	0.8311086168752989	0.5958655660870599
HDAC1	0.7169437230227924	0.8668464025759042	0.8364266022542154	0.8678776661187688	0.5326411667987246
NADK	0.3573784106393487	0.43445937080224034	0.024289164726568845	0.8047353632973534	0.5822802568029052
METTL3	0.4158900765269119	0.6737485160466031	0.7879508709216934	1.1362289684993272	0.2624995763353291
LSM10	0.4355068087779413	0.5166411863744479	0.1570834871334784	0.4500145651522684	0.5733728212410398
MTA1	0.3736990166633258	0.5272891120680595	0.497661689137531	1.2605257706139574	0.5018125970837464
METAP1	0.2699079369730482	0.13794948808316349	0.22962373944014103	0.09343328047843667	0.09981998227886994
DPH7	0.01683841427632814	0.2336815382233533	0.12358863205120459	0.5740916982363453	0.09770136178619139
GNL2	0.6892472145344413	0.6754252709206103	0.5319495837405009	0.4275579027562126	0.6147172155039642
COPA	0.8681889201912673	0.8716279343255143	0.9395307609764372	0.8214092400721114	0.7618955627681624
PUM1	0.7497893043224209	0.6895498025620804	0.858800846250229	0.9151252701783823	0.6217779981788405
PDCD6IP	0.7780760814132166	0.8199331212194619	0.780735408359617	0.7118525125278519	0.3862753987889217
CALHM1	0.010644450894242869	0.020939838898444384	0.02571541135154464	0.011823518885831883	0.018087162655271754
RBMS1	0.9074188434960624	0.6193341426709386	0.4774548414726778	0.5534599477128764	0.08682942508814527
COA7	0.13961854847138647	0.08521243348020467	0.09837100069899765	0.09406056217625636	0.21284667732875232
MRPL15	0.567587123850811	0.3531387343422234	0.3826306703709696	2.663972585073713e-08	0.7685377824336953
BRAT1	0.2665199470640012	0.4198935216492519	0.21138886297596898	1.0809799038478938	0.8554085601255722
SACM1L	0.8787873646396489	0.7153322303436415	0.81753481333049	0.3087947106553721	0.14656878124712275
SLC25A22	0.155940550802361	0.564249163227155	0.00020790390067935372	0.48005361762472093	0.6920738934287363
ATMIN	0.5702484630772179	0.5020219560037313	0.9320530508076731	0.3453161741131621	0.4791028254679039
TBX1	0.08531670441428912	0.14409149857380937	6.376357047105288e-13	0.2274267308954655	1.3702360998172168e-21
ILK	0.91173636843346	0.8356148343753409	0.9748128942503497	1.0368478907099672	0.7885122945946171
LIPT1	0.014618732129678812	0.17974640348079546	0.4249532048237765	0.13327253729954316	0.010917360656836154
ATP1B3	1.2217768614910942	0.5451443282019447	0.2281145766626607	0.4544955003662289	0.6578856765819867
DPH6	0.06175809062220297	0.02763218984308274	0.1578134769487797	0.08637074224431585	0.03885341774039589
AHCY	0.6813538839064969	0.5201058822613852	0.7687746391872378	0.5282067203959893	1.1431426099952193
VMP1	1.087003043560873	0.9113040590748666	0.8137195008175525	0.7336063508272571	0.6967133667193398
TMEM259	0.5844513386148901	0.7725572924966109	0.7418756329298525	1.2474364521746355	0.8950657949945899
PPP2R4	0.696824257931895	0.6420913111784969	0.6492859982636007	0.8648145755306565	0.9153807113330714
TSC1	0.2663368051504822	0.4708029746266838	0.9552530986998631	1.0198749080549583	0.20370723860679352
COG4	0.4462359080207222	0.7393959486201177	0.8323361369030164	1.0382662549046526	0.7012954475148089
URM1	0.10110774273500067	0.013005528890179549	0.03944854873725966	0.0977204329250753	0.12801328064338396
LIPT2	0.005573957334325845	2.546871435585506e-10	0.09466077089431779	0.10987701904260702	0.13765532427212276
NOA1	0.48940382261424675	0.4229578657380687	0.577524567302114	0.6678342429964107	0.6830101876435465
POLD1	0.0765636322920543	0.7495187319745134	0.1651770585930983	0.8317154627089262	0.6653782415066352
MTX1	0.18166140364078817	0.10316759427046757	0.12492959959520568	0.161702250847657	0.45405225657745524
ATPAF2	0.33347148515989483	0.18585372402287006	0.36649359921964136	0.5536214029164302	0.4599683307097476
DAP	0.9433196974589483	0.6385012944221303	0.8508665147513709	0.5083216348558587	0.7394275337703486
TERT	1.2154455445651963e-21	0.08397217039258863	0.027117581566857528	0.09904983393839425	0.03229906678907609
PCNP	0.7278337261070588	0.3771289793900715	0.6825237635327718	0.09285053362758412	0.23822169331430054
YAP1	1.033490049476127	0.6624624968061885	0.9719128096979659	0.6916701406341687	0.5621800800238733
CDC20	4.093699541130335e-16	0.38708639488016705	2.1903622691113407e-21	3.5902133329990605e-21	0.1657776479383628
THTPA	0.054896962197028894	0.03323826043632269	0.0969136358222051	0.4501097159824004	0.17801761267247498
RPS28	0.3015360548931065	0.16502456064072432	0.3034598956339755	0.5333568740492525	0.6053186832190076
DOLK	0.281181714650901	0.1679974544947951	0.14257787040697467	0.4700862381068962	0.40299131651576064
C1QL2	0.016935405810741825	0.012770361981752043	0.021098169222778275	0.012726961679618572	0.022557097543407244
B4GALT5	0.8961935207253174	0.8859615875966853	1.059371586394066	0.761395208372642	0.9087560347716687
VRK1	0.7341825690020455	0.7366598792653944	0.6644975997595775	0.1896600549536025	0.07519249131662499
GFM1	0.799430962892919	0.7468323183240313	1.0010887686536027	0.3696774899427248	0.5625330615072216
SIRT7	1.158697514671962e-08	0.516099347852157	0.11724829551671379	0.8258004699424762	0.4869136430079503
IL18RAP	0.15232973118686707	0.09731512350468431	0.062399999165717084	0.21893962270380998	4.271569606004683e-21
RAD51D	0.07135578874270952	0.5346048006100281	0.4876713015868137	0.47804919002956764	0.23093838871631536
PPP2R1A	0.9696424519622112	0.8953906524409238	1.0009293018218788	1.0039563036829344	0.942785885009935
PHF23	0.4410802485149051	0.5718522774610402	0.45564915789887517	0.7139245639265412	0.6350244493956586
TPSG1	6.1247625033108415e-09	0.1751987537393537	2.6616426495521473e-07	0.1610722571228908	0.30255386044237925
BABAM1	0.7448252732733256	0.6498607403234973	0.6891318239241743	0.8632508665968033	0.8975553147852536
KLF3	0.5472270157804641	0.43768088710193964	0.542665534024338	0.5870080328167581	0.35754774804068556
NIPA2	0.5966911291369444	0.6926270675375564	0.6271367990983208	0.057716374437051056	0.34349859352206186
AURKB	1.6573717707113024e-12	0.6728337735577546	6.39333294470639e-19	0.020946968750359753	0.21377680382914113
PSEN1	0.7894357437516477	0.5866482152902694	0.8637292590985061	0.39516280698556866	0.30834651319535583
RMND5A	0.3516583457983366	0.12785483232587386	0.6193051289795991	0.1767130712618017	0.11925409441503723
WWTR1	0.9538008681050917	0.782429035580654	1.059143355350483	0.8201456835426574	0.6887276568619144
NFRKB	9.221172069469345e-05	0.25553313803018884	0.3960357539758356	0.6977460102952885	0.24388806237747118
CBR3	0.15128702820532894	0.1481847443731851	0.05586058830326577	0.11983633293468912	0.11350593079853366
EFNB1	0.6430606850419966	0.36937269431867953	0.3663099475026382	0.9036884191356046	0.6408531172930597
RAB35	0.7349906977699757	0.7426765438267849	0.4657819036186258	0.6820829195115178	0.7018505587519333
PIK3C3	0.6892617879129124	0.6489910350998837	1.1359428097984974	0.6907398027751983	0.27252450436583403
ASNA1	0.7988942283114817	0.5199154836293812	0.6352828870601013	0.6867098555474221	1.060246232552947
WDR45	0.2412657524250593	0.26246531756384595	0.3240972994949466	0.7770402324824178	0.5219328949904697
PPP1R14A	1.2504318453734824	2.9741484238998064e-21	8.286178683776977e-07	0.7068541303323417	1.4551919765978756e-20
PPP1R2	0.7823096775216183	0.3475245149466834	0.40111807491725254	0.0003025042490018188	0.12799662802228676
SERBP1	1.0429264340027182	0.5516928621335155	0.6017296445140586	0.2583852033655105	0.7018933874468318
SLC4A7	0.8978922400708871	0.8853582269957799	0.9291638876766156	0.5963976190307114	0.3027626134091552
PAX3	8.65103175000732e-12	0.051564156429540806	0.02960039709635877	0.018299330402734054	0.014826491607952743
DIS3	0.4404790613152627	0.4654289609631539	0.793376286194696	0.35442579404212343	0.11361064306804804
PRRC2A	0.4204848811759572	0.4260360332478601	0.3049574566172542	0.7733552554326385	0.6449053960792497
ATP13A1	0.41023325935712923	0.7611593995217817	0.5668835108333262	1.1004560958406824	0.8234134127933663
PIGX	0.2611141771923559	0.14130498875819844	0.33864619431587184	2.7703592148264723e-18	0.21273618688441476
COL6A6	0.03888918370166494	0.07752708146232912	3.9955491612454006e-16	0.15696705209363712	4.507491471122534e-22
CDS2	0.3974192280039041	0.13202298615545877	0.4243518464387753	0.2774484994054353	0.2856063303347058
PRRC2B	0.7704550575329852	0.7738467776731902	0.8599855752152084	1.1783368428553735	0.7776853521088398
PIAS1	0.6973777144505955	0.63195922838336	0.8784259522098219	0.4855999443372526	0.2457587049734283
EXOSC5	0.10501054114848618	0.15647556000096038	0.15979117024041828	0.45683630322139934	0.8561716501717496
SLC25A29	0.20875915737909534	0.07324952337896297	0.10360493215892663	0.7882313508535463	0.21597134769254936
RNF114	0.741161975902358	0.7924001614612157	0.94783678429284	0.5781899526959753	0.7415909949669172
RPE	0.2336080890194021	0.2837411590931147	0.3993539535128456	0.25005650767898485	0.12810417996663437
UXT	0.8909756294364225	0.5869687251083352	0.6997507801731154	0.5231256195167666	0.8378662031051588
SYNPO	0.9445651292090488	0.803573486057863	1.0252205176513656	1.0896953708583696	0.858446553990694
NUDC	0.9495883021698028	0.610347821547793	0.631997100189867	0.7310749521614544	0.9562312535080728
RNASEH2A	0.21320691980218687	0.5735254153993319	0.07470956420962584	0.1863456156931715	0.6153564609066113
MRPL47	0.8736047371173246	0.5956017603010292	0.6952237498356055	8.284071525740288e-05	0.5326637840799571
DUSP23	0.887026517884112	0.7021662827161048	0.9383569134238794	0.8320453423114287	1.1057958726580386
PLEKHA5	0.298347563698442	0.4626876590859846	1.120188986818813	0.4312289525859	0.6698677927210936
MESDC1	0.26794020014689574	0.2792659173677831	0.061117990470490914	0.6185600366696158	0.33458800490857954
D2HGDH	0.38796180638269584	0.5414013702842433	0.894659590646654	1.371265547803548	0.6986575286408484
OGT	0.8941813002363795	0.9721309444704626	1.1037310994134493	1.0391976576212987	0.7733243116034442
DIDO1	0.32738419816133496	0.6608032945167519	0.6824413939684013	1.0278348109683306	0.5983271315551434
SDHB	0.9501153321629514	0.6762670163572904	0.8880836999893985	0.7238063948281713	0.946009347380008
CHMP4C	0.3020145217714434	0.000343920709935077	0.21321214789324816	0.011073209080872788	0.389077888390505
NT5C	0.39086900557601445	0.33435332898355014	0.22731221936316826	0.6918682906057143	0.7898070115104876
RASAL1	0.05661531640278074	1.8979716209985266e-21	0.28303493417047654	0.4057934712712091	0.6072167667625873
LRP12	0.4743122204848949	0.5319576784799332	0.20727399252894704	0.07784204384208021	0.17249219982457084
INTS8	0.4535594691779485	0.881069253044009	0.9882913436918759	0.4836731233273241	0.303043979673629
RNF168	0.9564117818790536	0.8754233741760812	0.934471595347267	0.8305255348644364	0.6116374713496189
ATP2B1	0.8628147884058034	0.7558793579483901	0.596061795610208	0.4494217400896795	0.1336422661591745
ARIH1	0.9091012925677378	0.7582409278234458	0.9931343383192254	0.6692914196990034	0.5331140616650021
RRM2B	0.8261888241453813	0.592022116157362	0.9942075855861948	0.00025508191188758713	0.43007247287590583
TAF6L	0.046059057182825755	0.12335732159411737	0.15936487151681272	0.5893149530176442	0.33680901987147666
RPF2	0.21394321571461172	0.09808102601239012	0.2699510848446233	2.7644776570077176e-21	0.11694075254942675
TFAP2A	0.24039158067761812	0.5115196739069982	4.801100557439125e-16	6.150067110867244e-12	0.2431644414542906
BDP1	0.21336031090656507	0.40224901493597326	0.7082657292772817	0.45064495388562903	0.0602946975635749
GNAL	0.18271282090043614	0.022765689154051163	0.08782822425193715	0.037910293665798005	0.10741664906536849
RAD51C	0.5110848472397754	0.6292196553254596	0.8048071476382592	0.12066651702013875	0.3086404192196136
SIN3A	0.7165126145534854	0.5847072344287637	0.7836855947722116	0.6083898079986286	0.4117742821440443
COG2	0.4974254295922199	0.5441604201525796	0.8260164988510081	0.3594365462209308	0.48133936578956127
TSPO	0.7365576154681829	0.8552766475773713	0.5373289004304042	0.925941095777129	1.0410758499775012
RNF32	1.5883555393385704e-06	0.0389651680892515	0.060858561899998616	0.00810488423415029	0.04697454980788921
RPAP1	0.07180162925583013	0.1628880143057999	0.14116058612472354	0.51655626380574	0.4749800424196389
TAF1C	0.2536139285136822	0.5521360600877007	0.5383642410203018	1.3540475963428693	0.5955744377277873
KLF11	0.6517293288555587	0.35773533541055436	1.0586192557569862	0.6278219745367748	0.5789535137157424
RAF1	0.7636377881057722	0.8316699566764736	0.8747151847780652	0.9636532042732542	0.5464986455928029
EAPP	1.1055949323696164	0.41525893689699983	0.8814234012591621	0.45473748566742916	0.46428819069986665
NAA15	0.6338778515635465	0.6647236122882109	0.9263672958954938	0.3001378699586085	0.28088674282920495
ACTA2	1.0427319321927058	0.9233234832133089	1.0390584852230527	1.0200377012661381	0.8849071681442358
METTL1	0.1831156140303928	0.24694185046454073	0.10328039612916287	0.15700716890840596	0.5291246446608815
BCL2	0.3192050647555652	2.3999340897816667e-20	1.0461842253927962	0.7544609805006801	0.22801072220633437
DAXX	0.11673596352149937	0.11465668276345785	0.07247192672294071	0.19970632418649586	0.1942594430871915
FANCF	0.03127699337430338	0.24295441141309596	0.36105782787069063	0.25915076721929264	0.33550204938961126
LMF1	0.09742409532423824	0.2638224656768696	0.33101596162277314	0.9395643285889177	0.4960539445894523
TUBGCP2	0.3448526900508306	0.5559247667965779	0.4533106823526489	0.9366819962991576	0.6981656238376703
EFCAB12	1.499590174958921e-21	0.002735119957832285	0.1798698988837766	0.17508419077504647	0.05708327842535088
NCAPH2	0.20546881275131892	0.24301786773731363	0.2089404767246217	0.8737760760185147	0.618246320364855
PITPNB	0.8778448540009761	0.4475365928532985	0.5093477603655074	0.3261058153758691	0.2882202544032666
CKAP2	0.1981868245561874	0.6927994658524843	0.42298694948923193	0.05897020643371101	0.1852548857612485
DFFA	0.2687377027141261	0.08271441628039035	0.11910522356879416	0.36297127094644904	0.3687655273924775
CSNK2B	0.6296263131680918	0.34067545081600564	0.519188947645547	0.2406447970719933	0.5872638339070898
VGF	0.04836732064764468	0.09458348060027445	8.459312628957367e-21	1.9130321412790205e-21	0.05693719812904351
FAM43B	0.02875157722315318	0.005632722901982608	0.01275899635354781	0.019394002053193245	0.02851955664829812
RAC3	0.03470337514162443	0.1217646308770771	1.0165970544987989e-14	0.21668155706752262	0.4618721490981659
TFDP1	0.6934061569777381	0.7115073546603883	0.8226453856404395	0.5427838531735525	0.416289052340008
NAA16	0.13490000500895125	0.1881623641491195	0.3269345439134662	0.3245784412210615	6.320291611896772e-15
MIDN	0.8331452560877337	0.5988322420104266	0.5093833815627833	1.1589015886283731	0.983229395989739
TICRR	4.505724169559548e-21	0.31606582480620293	3.6829088357085235e-17	1.239191333911433e-05	0.12490547146679472
PQLC3	0.4423774127197406	0.40144292100639273	0.5332156521470527	0.3264214219259401	0.26861693532471653
MAD2L2	0.3374859287717688	0.36918640301776706	2.705807519457442e-09	0.2887045223166024	0.5268114086791652
CXXC1	0.3739809252095168	0.530723136595724	0.669384585262701	1.3274315678166704	0.631928199911305
BYSL	0.15655155223904552	0.1978573187376418	0.03877844117729621	0.1925568584508955	0.43129359505339365
NLN	0.14140788090541417	0.14130679387664094	0.18949529269857154	1.0063698636838506e-07	0.2359629635715274
ICA1L	0.043618576314094215	0.023203702794519575	0.11930006524785884	0.05387291268966526	0.007726270092795202
CCDC47	0.9446352328111791	0.7359893306514524	0.9478090666433894	0.5742152764814678	0.8150052238696155
CYBRD1	1.5584078571808304	0.6494451630694787	0.6917710844151901	0.6046732262145854	1.0921750452343e-08
MEDAG	0.6751112218055617	0.05834281967617896	2.798674690775096e-21	0.0377252789755731	6.886216239816357e-21
PIGT	0.948046045170392	0.9444954304224045	0.9673516833738133	0.9619873059122706	0.9376452099459226
SRM	0.7028564524531343	0.7142757205818995	0.07279840364026263	0.6072298239222013	1.0372021887859548
PAX5	0.07209988696964291	0.1425601883905853	1.194759474931979e-15	0.060168825577245844	2.7387915745499737e-21
KIF18B	2.016403680794989e-21	0.31878504083499903	2.2543749616221883e-21	0.03614496955434799	0.1167136769502811
HSPA4	0.95594844055379	0.8921712006459604	0.9807218566139293	0.5698675226303253	0.7717347907301144
LELP1	0.01566121244154538	0.013478997919171959	0.021212480279997545	0.012893015673468842	0.021891570136689156
EIF5	0.4372844885651472	0.4497312301216456	0.6806612312397703	0.4082872303096894	0.23400094042825387
GNE	0.41263299519125096	0.23591422615822824	0.6856106560182248	0.3853566862144377	0.40597742050480995
EMC7	1.021986586653624	0.6779414401234308	0.908732507902978	0.48129935042184424	0.8488620025127633
CLTA	1.0079360882970934	0.8321606242792005	0.9222557023581373	0.8434454818998158	0.853574967327553
CACNG7	0.015792186518031916	0.018547820416546627	0.006665195342596602	0.03975713517429039	0.019730324767144
RPS20	1.0406985215392288	0.8854292187137294	1.0298866163508502	0.7760201913268241	0.8727564337730305
RAD9A	1.769682549981398e-07	0.5835819385629097	0.5300676182466888	0.9965279053894589	0.41683524668660943
WDR82	0.47782057734010475	0.38573593481368645	0.2597946439825371	0.28654689288744306	0.12987542727386625
CDK7	0.3114752944511136	0.3363210174631664	0.6268861378988237	2.7524643246649002e-17	0.3462401561049332
SCO2	3.4289648184875456e-12	0.888237479783458	0.0871980837356735	0.9576934926765303	0.6121833524595677
GEMIN5	0.20266895485753084	0.24138635843705855	0.5035432044095157	0.37008499018144786	0.4652550621572813
VMA21	0.7380730677096373	0.535964641906175	0.989188816423007	2.7673502542697785e-21	0.2939407212207211
NUTF2	0.5914873185872319	0.38900424029926045	0.24186664135982555	1.4214992853366248e-10	0.5371708464246486
