row_id	C0	C1	C2	C3	C4	C5
ERP44	0.6169542671198252	0.5709035595550238	4.017596939508153e-20	7.870690837602866e-20	1.2210255966637016	0.7459249256595992
FAS	0.34920271024272526	0.7374013129969551	0.42007121765724953	0.7206096497892938	0.6373632179971812	1.1066439676662387
ICAM1	1.0787906528631164	0.43652599846070683	0.8105319097224221	0.041597996158403226	0.27806705304137336	1.1405568097894219
UBE2G2	0.0464119825432176	0.403708959572244	0.5816133358371911	0.577429760441931	1.0699888578512895	0.2727283382208302
KDELR2	6.763873008349347e-07	0.7264592158716473	0.01702374046689091	0.6466899019635826	0.3352415030774664	0.3745766441300779
KAT7	0.13577480109629148	0.8612304345499604	0.736085182629258	0.3336438187926107	5.995286115074066e-20	0.7313845692252017
SEL1L	0.5562106653177442	0.8016480608975006	0.9006989853919254	0.10805181191169115	0.45311591053233485	0.46534698966838733
ELOF1	0.5447552951079278	0.020151066933382523	0.6312086675006375	0.1850212491715403	0.8830412365798445	0.290848042289571
AP2M1	0.815548043341172	5.014461611763434e-20	0.7421494602810166	0.19756388490311702	0.5996768624974532	0.98951679507434
NDUFV1	0.6541609719226018	0.5456079149885884	0.48502365698887334	0.41075003013678874	0.2625448890382444	0.9919194319363874
PRKCSH	0.9530989306256805	0.267917841939457	0.5418665799407038	9.049862057782521e-20	0.9172644342000907	0.146934624894674
SMG7	0.056091486262733685	0.2088754920372139	0.1889161044103391	1.9217107933615074	0.05361109300865295	0.0366202118462429
PSME1	0.8012940216493613	0.57361611829924	0.6469025513984864	0.6137565710630588	0.5726261930912657	0.9451500074524366
OTUD5	0.7273092960191244	9.464600561036829e-20	0.8791354147347401	0.332749815163943	0.7139353383820987	0.1799326874155825
LENG8	0.7474714529709092	0.520510925096843	0.20589757937433673	0.6026150030752624	0.15764794874824384	0.48537864171068923
RBM15	5.592523098876e-19	0.7256310057592101	0.3986407653610981	0.466981589745056	0.9638777050187042	0.33696904318213944
DPF2	0.8313584813733712	0.6634597753735323	0.47846298188435377	0.22844159269941522	0.14243310014881122	0.42058838590283215
RCE1	0.23329809624255424	0.2732337730772823	0.6199408091551051	0.9608559720939832	0.6196724634059535	0.6214466005322795
FIBP	1.0100719841569339	0.07227642807090118	0.2944914156274942	2.178088477866007e-20	0.8416987820808421	0.29994571472000503
NDUFS1	1.106018716619081	0.15693131208388097	0.2354097068179806	0.11878167662554184	0.42343202949096354	0.7315114395362473
CYB5R4	0.8004022509659134	0.267470787897924	0.24785805038015404	0.7266918779732121	0.5877629255333742	0.5585721978979343
ANKS3	0.004591507795288664	0.458078844767046	0.07746913611812124	0.4981057797130706	0.2827370950113752	0.9176915053802571
PET100	0.12924091506976937	0.7450083285024618	0.6191597092191914	0.5063716293084538	0.17530268484020148	0.6166173539077535
ATXN7L3	0.7009360221865183	0.180397663457487	0.4934818943752468	0.8016970457325275	1.035626410834738	1.462394158863849e-20
CARD10	0.5750746892841639	0.7122170978627399	0.26848704075631735	0.6514183295481097	0.3212017542119858	0.22401770166389975
PSME2	0.64209279095947	0.46759097089289003	0.5022010574514933	0.6570274393319014	0.6824448630004473	0.33897300259143365
PKNOX1	0.46412732611565644	0.1211749698618572	2.509318409985915e-14	0.7499258233563527	0.7235515622633178	0.9430618564481503
PTEN	0.8592394218770428	0.5813264262783883	0.6017946647363019	0.5394898674748276	0.23484141941253356	0.3943953266628043
IFNAR1	1.0330787265198533	7.329158438809117e-09	0.11814011094060693	0.3364088773241861	1.2859984283442114	0.6707171299237746
SURF1	1.0034907491927052	0.22812964052019902	0.5745500638810543	0.30726788514047926	0.4213262495463593	0.2512110744671819
LSM12	0.6806078536636823	0.8394549252834406	0.5869361929713827	0.28111942328704703	0.0783054116921038	0.46084279207574785
TTL	0.6438456757017661	0.7259560785895324	0.3939215723186383	2.0495747527875134e-05	0.41693055866030676	0.6041724522536623
SCAF8	0.5815753931808234	0.0032102513517636155	0.4862974716988834	0.361061440784272	1.0189775665122653	0.21521010307305088
DDX39B	0.3556944023503589	0.1645738970362038	0.23623580021332224	0.6812445509515427	0.8595659133053978	0.21617658364964304
SRSF2	0.48560413730893265	0.06372757525087558	0.2609110364734717	0.7327371749948285	0.6579748884048201	0.7545222009846024
NDUFA6	0.20755571373030596	4.483359010423111e-16	0.42014629632372297	0.3967910119766756	0.8444464255857563	0.28423764880460956
EPHX4	0.2321417165900993	0.4241055114694699	0.6158734643448027	0.34599401772264643	0.36732470064921363	1.030444505196794
DUS1L	0.8574094244354719	0.026586310319376683	0.7459470870582385	0.09875045094275427	0.7684048573740697	0.09279543115911575
ABHD16A	0.5417025661979115	0.2421084547645532	0.43737943558676884	0.234241871463634	0.9683752098378985	0.220721092932137
NXF1	0.6058333956902799	0.526630223646542	0.5141593156804505	1.3684936008696427e-19	0.6816322879360271	0.7516950858384007
FBXW7	3.977157870596867e-13	2.9354125414989625e-19	0.3463344209525527	0.560214624596213	0.9359234093766257	0.7954526053853082
USP4	0.11577671620613575	0.8780798842202912	0.28550853612472177	0.9354817144920533	6.340332225319846e-20	0.479871845274846
FAM117A	0.8539098366729738	0.42624160725926474	0.4701351443169838	0.5958594407362414	4.6966014532550484e-20	0.6446708665834331
TAF13	4.232855136322722e-20	0.679301670250279	0.7109775515510396	0.35926325323379227	0.31103441356656036	0.044656641164763256
CYC1	2.242256830399358e-19	0.6646689657984988	0.7266900665098183	0.4279408122236137	0.40485122122529077	0.2102086853734559
CDCA3	0.4095201499948211	0.33973799606050564	0.16050802750269488	0.6905910503444149	0.354451427306145	0.8318351347709847
FXR2	0.44538303450309297	0.46279822553337907	0.6547634872432151	0.8765026740067964	0.13485067196486275	0.510184229237682
THOC5	0.2693721413677996	0.37078434087371304	0.506333886136126	0.1497453772953551	0.4605969227183933	0.651102203967454
S1PR3	0.797996334526884	0.0698624125660545	0.691783750077317	0.3559162700360966	0.21362099113284583	0.2435025084191717
SIGLEC15	0.5127652890936902	0.971754117689456	0.5091933248586865	0.4305563302467827	1.7149219458225993e-19	0.5563390616406808
COCH	0.9248762863774526	0.5431179302577779	0.7356116130886518	0.13976361536759982	1.7000705046137222e-19	0.293744441080134
QRSL1	0.29084485845726527	0.5483575871162675	0.46884378011769934	0.403339686496248	0.5174662116503796	0.02979589416169253
EPHA4	6.3885189189979e-20	0.6733084484426527	0.31721135557700336	0.6917524847659047	0.04028183735744628	0.6650283458885063
MRPS26	0.07054714586130854	0.6264936807984985	0.5294438325097094	3.159419087043229e-20	0.11200451271558685	0.6893583011333886
IL12RB2	1.0765756378294788	0.172999355865174	0.4992156710757125	0.13587123422299943	0.20531937971194122	0.7280618542404463
ATP5D	0.14646651839503932	0.8070606444596958	0.5273169435764361	0.08845640568622784	0.25149891951166053	1.2835425889506127
CUL5	0.8595697025999897	0.2923053071761968	0.4197839979900082	4.992686733371537e-20	0.10544129875750577	0.5472196042293512
SUMO1	0.5061187985060572	0.8589704584949498	0.45655940388730637	0.14153479378930514	0.19905512336030917	0.1755102938000222
AHCTF1	0.8852463603275179	0.4106994593728176	5.614599941944273e-08	2.685122779178384e-19	0.6143687622776309	1.0145360012389144
GPCPD1	0.40255440532612224	0.2323677890777498	0.3981747623166225	0.960966441032279	0.16036756269410254	0.5952490235506034
GAPDH	0.3581178628481337	0.4652678037048906	0.45797060611552615	0.5172613616784637	0.18957850832345427	0.32619173958014613
SLC38A8	0.8063663110798261	0.6404207166070064	0.1365262626908849	0.7973147794190014	0.0689526581289171	0.8205993890161767
DYRK1A	5.190899830770819e-07	0.3934449221169209	0.942761848486176	0.1605732448633454	8.702268512784755e-12	0.6835171039325709
HNRNPA3	0.9500550378887975	0.5251345697274079	0.21651272475942013	0.2845789073538846	0.680737803634391	0.30301782223615203
SLC29A3	0.3658537237208107	0.4255191230362214	0.7606637444983536	0.7979424649672476	0.21565079194940334	0.39717592477197927
SMG6	0.9586376228870604	2.141527309199329e-19	0.47264023179938636	0.8598121475298245	0.1740538801867439	2.5438346322263065e-19
SMG8	1.1200773445070342	0.158774493742176	0.29535379172932796	0.9256824037981248	0.2425258266547957	0.643053076045132
SEH1L	0.4680053469014573	0.6245018699825834	0.20215865222882365	0.8275996223210761	0.42754378815156935	2.0436118467603164e-20
EIF3H	0.11797396499425862	0.951146016583583	0.4699809274945394	0.1828023142255909	0.7474045088956752	0.36284005297883637
EIF3B	0.7473796009124455	0.9035831986487485	0.7339628481982957	6.081454310145686e-20	8.074428075298354e-16	0.354849603309314
QKI	0.0022327092016999153	0.09330869082969824	0.9309761133368555	0.5912622285552036	0.417334326264092	0.995244568984518
KAT6A	0.7719554074944047	0.7620888349702556	0.15751461933009955	4.303187399693513e-19	0.8224622906607145	0.9444624594519062
MEX3D	0.7401967190268186	0.42575007891417566	0.5130089683709659	0.5773277355069595	0.239255474844858	0.06082858318602446
TCP11	0.028647804982494203	0.6301502139042426	0.43685105489843656	1.0438653494499122	0.4702990843989061	0.5048225897975933
SPRY2	0.7089495619057142	0.003933568716811473	0.46488929398947754	0.6699467923763446	0.14613965485795574	0.8871941348470748
RUNX2	8.114635972872253e-20	0.682023106637964	0.6059212207831056	0.577834866037941	0.5072447763672814	0.7237965334000172
SPRED1	0.6549566429273714	0.23087739776272564	0.4292039716590542	0.9471344281803705	0.13507117305134445	0.7311049472596534
IGFLR1	0.8850663281420906	0.7304107221420431	0.9127891614531314	0.7550406939793353	0.12579928488308714	0.07880164845965729
KCNIP4	0.3822099471191271	0.37431062694404293	0.3570465208165104	0.6973573855476835	0.19719419536630017	0.44514476741325826
PGP	0.19034510745027386	0.6184653559104109	0.3155646463916929	0.8884168903101751	0.6361683235925146	0.08803346746507731
OFD1	0.9980528007680161	0.19366877316188935	0.5205661046275373	0.34248639187542285	0.2232229745686106	0.6228228598480191
CDC14A	0.6751249729194522	0.6733078424395841	0.4981036060649836	0.3032622685721092	5.276092987501359e-20	0.9743991314839228
PPP6R1	0.8039518367854308	0.30507472769508737	1.8241817850134665e-20	0.48103563977866615	0.39370998738065477	0.5784359052427847
CPNE5	0.5733821436971241	0.6147318855985747	0.25946770222380205	0.41239868714407174	0.6246373945727055	0.22481681575953802
ILDR1	0.31044326618095835	0.809218786032576	0.3466371385903271	0.40390925517316534	1.8042379448143033e-09	0.9723535243978036
CCNF	0.6583020079480432	3.2648424081496675e-20	0.7878016138375972	0.1978417815579888	0.6426130712682089	0.32787183471866177
MAD2L1	0.238535571617927	0.6716350113381748	0.30677272817737866	0.2815847653385662	0.3118132570924579	0.5045773605543549
SNRNP70	0.8828387694477676	0.7759153773260407	0.6038727258602284	0.2820041634298471	2.1924208248590597e-20	0.8685024708961052
AGPAT1	1.0401734144459003	0.3020556722799376	0.5105360864840366	0.433635897496173	0.47247578970605436	0.3677506793537632
TRIM39	0.5587386499658578	0.7003723365029815	2.0340768823605612e-20	0.4691938389434557	0.22657335473077386	0.35907745670614133
SCN5A	0.8771502645114692	0.41736060229978733	0.4712330306011197	0.5801724517934015	0.15117007651032105	0.10563787727862996
PHGDH	0.5970945973550978	0.6661515202389034	0.3304610671214034	4.636712438148062e-20	0.36421678999088575	0.4014826475352234
CNOT3	1.9147596462394645e-08	0.7393990637247122	0.6377373160894723	0.49399569965810275	0.17415324806514604	0.8784435836856289
METTL4	0.4453884129359619	0.08398393389780494	0.3785487189182915	0.5189766316531788	0.7129677844074779	0.836132995523062
VMAC	0.8245343955598087	0.4547459809045799	0.1970531042177813	0.4300799430524642	0.31661445349915296	0.7546937930760916
PANK4	0.6696945244814289	0.6736309758523509	0.4653654167637283	0.33657082620331336	0.10271122436910331	0.7567785036521384
SERBP1	1.2492971664358201	0.21097789434601016	0.31262261121029644	0.1533279268082188	0.4963398549693196	3.4202043567285446e-20
NKX2-8	0.4504698065401185	0.35746010769700765	0.12362607244408035	0.7074589602299948	0.19154849755555797	0.5137072438040229
EHMT1	0.19895539932424258	0.4635940444180005	4.8208003096303157e-20	0.5833574328619764	0.6795410185992219	0.7621580116377932
ST6GAL1	0.5656821497696273	0.4227430512096175	0.5177227254611209	0.5395254869885056	0.16731082216924983	0.5027934484506916
GRIK2	0.35534530676203124	0.6277235516282731	0.7529469658101029	0.7505293756526119	0.10465233350101566	0.6732605739366955
ANAPC2	0.5451306143797737	0.38890351889778824	0.7714361626603315	0.5968119709929915	9.128150068151003e-20	0.46777021169839794
FNDC3B	0.630323051381927	2.6276140912371377e-20	0.2548458259879619	0.5818544297848018	0.6561261346713719	0.7173192397334035
ZFYVE21	0.776245717101251	0.8031041918980327	0.04179466553654895	0.2885851677387801	7.173488514932571e-20	0.3019700576864501
FBXL15	0.5541156181527589	0.4686326892327714	0.5991304185490426	0.09189842336962115	0.1050332455726416	0.4164803961674913
GPRIN3	0.7536006360709527	3.443927701973903e-20	0.4452283997816354	0.5085258521941989	0.42125769561282184	0.5330370401621481
AMD1	1.114473763086014	0.37592034755665743	0.4793378917456357	1.5332757964747126e-07	0.5743704037102101	0.5500881753559417
FASTKD2	1.794944272730564e-20	0.583875337723672	0.6444824116118284	0.2996602532966976	0.20679762147942835	0.7321252988387243
CRISP1	0.6090663041915546	0.22519524973469035	0.4021540491759256	0.4370761260192177	0.4260134118479993	0.5147085582634696
ERMARD	0.5483434332829001	0.14392109450452842	0.358458596741046	0.5128215466861114	0.5316956930361405	0.21740378375477942
NXT2	0.8919762168182167	0.791851153679169	0.32138944993410207	0.49039294858226157	0.28388070562318746	0.29049915720343916
RPUSD1	7.30031887803685e-20	0.6091255366398086	0.5400856156281376	0.5943191765709339	0.4081258131995261	0.8406397553379732
MSRB1	0.4851481411565365	0.6187695013834338	0.555377686842998	0.24091838653791403	0.6162766383370959	0.32410439181881334
SUV39H1	0.531898465705972	0.5143990595131448	0.10244151447873494	0.6094820638601595	0.4078760251884103	0.6637275094466307
SYNGR3	0.9957607135830895	5.0632738505289696e-20	0.581007570415472	0.7392276671360486	0.37903469604957707	0.5079033479191759
RGS11	0.12965869989632264	0.29677145425179335	0.7768175255956669	0.4697010802084727	0.4523705528655991	0.8149037198165366
PITPNM2	1.0583097895641733	0.5416851696823054	0.4054970282611945	0.3291854308725009	0.22414087232243887	0.513915640678336
TADA3	0.7988258178000521	0.6745447096532051	0.324775649404019	0.5880268863164446	0.07837128889712561	0.06027166974771638
PIM2	0.7636187434637061	0.7098281904601058	0.8165931573344699	0.25091333140189026	0.07727430631244932	0.614609280595402
STIL	0.49453508234038657	0.2769288044518778	0.3766067723390777	5.898168730573039e-20	0.5393203925383299	0.4601094586809921
ACSBG2	3.278500122266805e-19	0.6430915686313545	0.3299109463519927	0.45873677517376055	0.36737013539818986	0.7092685890805148
SWI5	0.7675346254715865	0.13840792603647753	0.5271086158993251	0.5755347366688351	0.3920910845864406	0.6326841573487207
RAB8B	0.8149533199654508	0.013057496410110177	0.631992396688411	0.11809530069470366	0.2322256683730743	0.6740577733715626
EIF5B	0.5270701455825849	0.4509001300823433	0.8110316404601408	0.5718631165449962	0.2489177957781095	0.48795591041003583
GRWD1	0.5083948778194518	0.20736128488619246	0.61788523190754	0.010957307814615127	0.539027609854003	0.44501401965615045
LRRC47	1.167496211988539	0.4611463523758856	0.19134191420902058	0.30924852652550444	0.05985551388861939	0.7470639099356926
SPATA2	1.0390980658723816	1.6624740952673854e-13	0.24306598203121416	1.1135457402132358	0.3387154177031137	0.19309418185501248
NRD1	0.7764380102891035	0.3483533869459779	0.10782693551785233	0.0886967311039687	0.49660288106206246	1.1757899427575338
SUCO	0.04768761885236043	0.7206799218776452	0.23103052553914802	0.8264702517929184	0.029627906552830745	0.5132328188265584
PYROXD1	0.47006731718666045	0.6800845344940052	0.55272006177021	4.8972820555787346e-20	0.5271247001593575	0.6098526565215225
BRPF1	0.32604504821183605	8.134504016729375e-05	8.809630114611683e-20	0.6265384674461314	1.0850906599385992	0.36311554015727354
FAM109B	0.43828330847641395	0.16258863494942838	0.6377067431391612	0.4480436784665102	9.196958988563225e-20	0.8281510927107072
AP2S1	0.2584043838021611	0.358315840814237	0.830242373872721	0.047271370674815745	0.6887652016628101	0.5565894189638437
ZCCHC14	0.6115126263365673	0.4909458806513285	0.13059187086236118	0.3745085279045644	1.0883212168769434	0.7146251499989364
NXT1	0.7271240197381623	0.0616971835608288	0.4486147661046465	3.129972231521001e-20	1.2071750052547077	1.261627675992695e-13
TAZ	0.19472791913801746	0.615572944202759	0.7573757667435399	1.8062070044945106e-19	0.581376709926772	0.9212575770706543
MOGS	0.18304281696047006	0.18845779505002896	0.5863666487648213	0.2357465410316577	1.165475744484943	0.16085062172402453
RANBP2	1.1176841805719628	0.6675251323169632	0.042263338239510326	0.16382693456778763	0.41067702870008777	0.3748769567490283
SMG9	0.6835948894540247	1.4128169575150668e-06	0.04491382281267378	1.1226459810827656	0.47719881179519996	0.6684902394231647
PPP6R3	0.6805084861695052	0.5941021930559806	0.4527117038486762	0.8973654793849629	0.2831506421216481	0.40976372122475196
MTF1	0.1975962318378597	0.2313502000532392	1.2983435364329785	0.2820943841162934	0.24705131431454233	0.4474386974896364
NUP188	5.835123756366798e-20	0.679069092891993	0.5022261830868029	0.8751634370516626	0.628035976384125	0.4739900006795617
BAP1	0.16572844007592627	0.7599679560291991	0.7649204711636144	9.617644824431886e-11	2.8767312758975646e-08	1.951056112299288e-20
ZEB2	0.4926145790696754	0.4258522027015778	0.1385843331264843	0.6258986230298726	0.7247404695624727	0.3557145042029339
TGFB2	0.9271249398204726	0.3917955410073771	0.3350126358777412	0.4184175103998368	0.1301388372750663	0.5998056188370592
NKX2-5	1.03374383160383	0.5229903578702381	0.07151274241867302	0.5489071252134905	0.3065273576244363	0.6848518553667455
NARS	0.5799057864839945	0.18212819988471834	0.10110855332965872	0.2957366153900779	0.6768962484906264	0.5478897517201837
SRSF7	0.4532909941610335	0.2436004879730036	0.06611259062726946	4.740907341622347e-20	0.9560502122893489	0.4155415508013463
YARS	0.26343985087738775	0.4846594013200963	0.6956696909012552	0.43164551362095005	0.3307488217956412	0.44191455947123787
GIPC3	0.3453023600640369	0.516603248597706	0.8105618588179684	0.1176896101462268	0.2150207467338535	0.4951052075819169
IFNAR2	0.7794698740978713	0.39660818386323665	5.013448315096782e-20	0.7232489277890971	0.8147658834871101	0.9442461212080352
EHMT2	1.1054692369906298	0.13454775262893404	0.25215340002152054	1.0907973952282504e-19	0.5250329774816836	0.18757172208738093
RPS26	0.9896920814924414	0.49450624259540876	0.764843327255324	0.08551445618521171	0.1634430164900678	0.4667354122836949
SLC25A20	0.2154285908491422	0.5068953391118374	0.28605737323541414	0.7228118174238923	0.31539375166073114	0.877315698743904
NDC1	0.1127422945314841	0.37658117556179943	0.3040497434014509	0.9185151835471527	0.489619190984968	0.5487480496962639
PGAP3	1.0496209147573177	0.4309573384797858	0.6148088072724612	0.7077030936678012	3.596615852610253e-20	0.7488900208097703
NCKAP1	0.2116278070554645	0.36770891627963226	0.9455418697501968	0.42687851862958587	2.9122307695229123e-20	0.6930756832966757
NABP2	0.4199744364821534	0.4290666466196846	0.5882534475519002	0.6011270585577752	0.42372405945715924	0.6490906215254846
CNOT11	0.8168195167137801	0.3301989043679244	0.8654926674424076	0.18650650311510952	0.7913267341235394	0.09032768779309708
DNAJB13	0.38840479341496387	0.407183132070792	0.3217048252601101	0.6697602793610915	0.5484528979091337	0.5873938107606306
PFN1	4.112726310068101e-19	0.8962767359088258	0.6058983779537697	0.5101814704835194	0.48234997290543963	0.5532962785639788
SQSTM1	0.7543437464471743	2.7566122174654085e-20	0.7123401483317023	1.0339663479082675	0.16824175726465548	0.4628145071488609
CASP3	1.205884340307609	0.32339985314759156	0.9830693696795394	0.16263857875455856	0.16658692580207785	0.784883180058555
NOP58	0.5999488656776661	0.5046327171660616	0.5451606515875703	0.10660506163649693	0.8298507663957063	0.3332047292324086
ERAP1	8.491095654443623e-20	1.0176527514629712	0.026832360934771766	0.43251472931530416	0.9454218626481365	1.370715815776881
PDIA3	3.158136565076613e-20	0.37215976828123365	1.111917917210057	0.03563565233634725	1.0396623316208735	0.7349140254300094
TNFRSF1B	0.769163266001856	2.804384224770474e-12	0.0002526441862868278	1.4289868494189248	0.6990775438258835	0.9071002507125889
STAT2	0.652575116449683	0.8168133133284439	0.26570099883136267	0.507277945220878	1.091049611139737	0.2815603370478164
TRADD	0.36564818737522303	0.18712632228677276	1.405435792495293e-20	1.8431801080693302	0.17549409742120628	1.0706972854418193
EIF3L	0.4739468034263154	0.3303591970317618	0.5866900156936982	0.727030819710006	0.7303221221597472	0.2926862062332192
ATP5SL	4.5866838207072434e-05	1.2938199625686573	0.7304743535074265	0.2982076549694287	0.4575612652936994	0.18594316950582757
KMT2A	1.213160631024362e-19	0.969697728316234	0.7910585482771474	0.45078524131374775	0.5475966004279922	0.8226147789872368
ARID1A	1.069583250611917	0.6107814806045753	0.3586447582460106	0.6902148942629565	0.04900923527140961	0.979787084591223
ADO	1.214139328187775	0.12078285883636598	0.243307693225987	1.1628167193833874	0.25971110037250444	0.4537037834329116
WDR24	0.9847416288830698	0.07149782043876762	0.13402988619036318	0.9688549116597382	0.8450888921899009	0.18727606935420751
NF2	0.4018646504574492	0.36253939841860294	0.7805995934730532	0.7968349335983533	0.6151106069082294	0.6980722131677981
RC3H1	0.9720615201579454	3.8632037350189306e-20	0.20977051474704791	1.2226955070188186	0.282461485330802	0.7882556548376268
CALR	0.07287605569861945	0.5176835248082169	0.9921250425285723	0.2733799411057495	1.0628442044072663	0.35783684195806387
FADD	0.15635919891625302	3.29372878459805e-20	0.9545981461107377	1.7871904936433998	3.7016949222041843e-20	0.6328950483126271
MEN1	0.7261635376563936	0.7352372205808247	0.6470618252149506	4.4404978442406485e-20	0.9248001364928047	0.8152016940970718
CASP8	0.8620171940213415	2.079265763011644e-11	0.6120976925917672	1.5394670066746126	0.3958668788736974	0.8038225263483548
IFNGR2	0.9251088566072665	0.8540135321886027	0.07291095686893682	0.8414365311498775	1.0241161302746369	1.0841493363102876
TAP2	1.3712327969093934	1.119455345207272	0.6717711947326808	0.02410136477703486	1.1294685255087586	0.14083470688620944
TAP1	1.2091406869457488	1.0461709472433087	0.6140742377478505	0.4345505210015518	1.0241181347002803	0.1414112988803356
IFNGR1	1.3676438819107883	1.0158396809376733	0.1713262272656325	0.21362153340730883	1.1271803882710778	1.1331100927685853
B2M	1.2479112219554802	0.9942564455773322	0.6136883237033456	0.5822366249351473	0.9731428062133822	0.11038790576883911
JAK2	0.9939733553697102	0.92881871544406	0.36298061873497284	0.9448928248132228	0.9422572177880825	1.1127042449391424
TNFRSF1A	1.4337263920903227	0.7218562156998659	0.23759563753107063	1.06973839630204	0.7732276087098671	0.30676600509497026
TAPBP	1.3879959754700646	1.0196683321024997	0.7391580490884352	0.12412123456631363	1.051759257962269	0.4285285389506871
STAT1	1.222089786956414	0.8729508722365722	0.48477961243433243	0.7155827543772639	0.9722809411683951	1.0595534810970848
JAK1	1.16369911131508	0.8597223697792985	0.5684598832168557	0.9104275856700424	0.9614506242426601	1.072585389172721
