row_id	C0	C1	C2	C3	C4	C5	C6
ERP44	0.683335645426794	0.9266584189959195	1.2088206565855883	0.23659724238620122	0.7166311131624374	8.251754706094476e-20	0.0023464809458360117
FAS	0.6819722078497514	1.2656576318635289	0.670247459444329	0.8506343406837116	0.5977369493973884	0.6957998049831102	7.022625028757995e-12
ICAM1	0.2114793918590173	1.1226548353633778	0.29923723640144007	0.7438779571628613	0.31015830889233187	0.15672202520873674	1.428032088134634
UBE2G2	0.3760365055193037	0.08688530651590792	1.1325610099142012	0.8948647772046333	0.17678242074337633	0.5402757039721394	0.2623569095390978
KDELR2	0.4265655876885601	0.44434435662477567	0.6128412738816975	3.755387587305406e-12	0.11998899417589265	0.6794673027730801	0.08362082296295847
KAT7	0.5675154425053883	0.671806857379311	0.16494708126010071	0.590288619388431	3.906987515094295e-20	0.4575389082675242	0.7210719171951763
SEL1L	0.6745222114692246	0.27953394607469434	0.5379346563640466	1.1035000211166437	0.232725469640821	0.23301958166806247	0.7854857327420265
ELOF1	4.422385909365743e-20	0.14864274415571743	0.8508818206258965	0.7715728060141194	4.993769725080012e-15	0.1962621213314695	0.9141950572185482
AP2M1	3.809026066261614e-20	0.92581474403106	0.5486543248791818	1.0371176176243826	0.6269288484270295	0.2167463109099692	0.6197385664504296
NDUFV1	0.381304804246344	0.8703730739322709	0.29505290852110744	0.7143429010274315	0.5082931914433206	0.4607547345281918	0.6772865372716079
PRKCSH	0.22128322716038906	0.22160804326549383	0.9383628686440301	1.7568084080575489e-07	0.25022928294260827	8.878136854781869e-20	1.4212013100117251
SMG7	5.332819136643969e-06	1.8476895832221687e-19	3.232529696043526e-07	0.16836636721741768	1.070040952835122	1.4535225260643827	0.19346506761316523
PSME1	0.38203543313980337	0.963469405936761	0.7247775175312787	0.419228516338425	0.30739379657976196	0.6939394547835117	1.1803420569164729
OTUD5	7.197679131411823e-06	0.13843630458178707	0.7293137859514903	0.988137290694648	0.31812409631138716	0.3373658380166113	0.785528781391847
LENG8	0.20811799209575899	0.5535831953760717	0.24385042783073463	4.3560996845207506e-20	0.2913349180883084	0.6713832934915754	1.0001652861924024
RBM15	0.7531709138680188	0.1737871269308419	0.8337443467252427	0.9703663535344517	0.3933762442170202	0.3843428055663636	3.99885769821922e-20
DPF2	0.4131459925277482	0.36769531333129263	0.21862822350910138	0.4936360782069382	0.15105051597048896	0.25972138696126446	1.1690978887422416
RCE1	4.668073339527152e-09	0.4386335218788395	0.7002947158335165	0.8534212526410342	0.0979535841496136	1.122035436231825	0.58531763071833
FIBP	0.0001821041276944504	0.3822191314528454	0.7160941525709122	0.30704590131733506	0.3395823455128452	2.709984200675618e-20	1.052995061521744
NDUFS1	5.754919759225342e-07	0.8027372977022821	0.4542303513970601	2.5589043050101367e-16	0.4596990166687684	0.13740827968977862	1.1924182209862986
CYB5R4	0.34996169953563605	0.6203651599432096	0.3996924113481496	0.4581023169915015	1.2059078347921004	0.5455691090651413	0.2707347906520766
ANKS3	0.10294888002378663	0.8783674041797707	0.39751955337598	0.2948636352199136	0.13937044119914	0.7612995490832509	9.010475632241869e-20
PET100	0.45286053568753326	0.460828215751335	0.31566836340800863	0.6975948392299437	6.348772218955213e-20	0.677858295557323	0.5815956189590716
ATXN7L3	0.13773635322136357	1.426706964676479e-20	0.9085487023637542	0.389025573858336	0.7857443737229285	0.626256856749096	0.8287339249144037
CARD10	0.6089990082113338	0.3056439053364302	0.38023010835190146	2.420650905209681e-19	0.394539925200297	0.5994522129787849	0.7990420612878525
PSME2	0.46590723489876074	0.30459596108324155	0.602270417983185	0.7063281135623646	0.6291639279021567	0.6432874108183845	0.5251408620378387
PKNOX1	0.07053898543673964	1.0607369459590121	0.7728967577449548	2.6893248845621443e-19	0.5817566394151092	0.6720942950572675	0.2951656015782087
PTEN	0.3947386328338524	0.35331490575015034	0.22879245402252832	0.5735114467217587	0.4056314089887756	0.6014855830633554	1.0850129849417673
IFNAR1	2.2201360805519365e-19	0.8287099089064228	1.2903778287950323	0.05132722515527667	0.36331758978373485	0.3186707599100347	0.983538607026541
SURF1	0.004819198446345332	0.3215289096625071	0.49785909845461657	0.10330534652742773	3.0179171154500886e-17	0.36197639077244415	1.6397007707728275
LSM12	0.7422381900820972	0.46573896565537043	0.10371042070458779	0.502440996676348	0.3417375852725557	0.36234327658173726	0.8539423236809075
TTL	0.6666426528637225	0.7118192591380383	0.4905800114818766	0.43651597980287277	0.31490326854828743	0.06640791702052647	0.5530763168467354
SCAF8	1.0504087666876414e-17	0.16650234797971636	0.888486130605788	0.7195148459545521	0.4834867459184312	0.3454704997051807	0.513597683460871
DDX39B	0.05329554234292304	0.20601948902874284	0.9659640970691796	0.13442836363983984	0.15620828163823244	0.6367099239551809	0.6291248189998342
SRSF2	0.08898272170534986	0.7302335385388656	0.5930503489188802	0.5804684672834056	0.6298114801330487	0.7247599415329908	0.1719369130625168
NDUFA6	0.027035592908137493	0.2972280800706417	0.6865942877238606	0.8967534041431114	0.44270901216572633	0.28007184108445465	6.031936919913688e-07
EPHX4	0.22480043737138206	0.8761243443135986	0.5186533453011742	0.7197258484824726	1.105514880893503e-19	0.4553794402301686	0.6512183286305337
DUS1L	2.3366169345708754e-19	0.017141617356027684	0.6383465951023382	0.8152400482375965	0.42237012338635055	0.10732425591450052	0.9763868487738177
ABHD16A	0.2984959011883627	0.22830008031595514	0.9254081728228607	0.597398789538873	0.4697217972199371	0.20344723600436804	0.3946630679091224
NXF1	0.5326328484345544	0.6544427901986679	0.7269044600766242	0.7183184601663876	0.2267812517536967	5.479889527227211e-12	0.7209090433116697
FBXW7	7.933077289085922e-20	0.6309261682476438	0.8414987451287117	0.9514061029164794	0.329647521213299	0.42090572376218555	2.7239706633395697e-20
USP4	0.8142660941902016	0.4855318583719334	0.12669453807565315	3.0154348775019533e-19	0.22247939787274415	0.8581771710523328	0.5488556626874501
FAM117A	0.1772038001448207	0.7385289585930294	0.02355292182454408	4.2504544349814248e-19	0.1470202814811779	0.6936280827958012	1.435010836138906
TAF13	0.6279326235107303	2.014868998011764e-20	0.3692650155916036	0.9115820846004912	0.02342112789183723	0.5099437350362548	0.09601897421827336
CYC1	0.6011271330555334	0.01468796818223485	0.4617839455542225	1.0282464037370913	0.0556233767292265	0.4814282628094485	0.26309715800003786
CDCA3	0.20409098432325673	0.9894529969067398	0.4412755856321798	0.036352273203436467	0.3182725840961133	0.6582503376098553	0.5019186796775406
FXR2	0.3974694302870777	0.4219843142196385	0.170618010517352	0.6940983898860277	0.5408550588615093	0.8157929268499535	0.5787151637317636
THOC5	0.22361246291214162	0.6201597869765767	0.5187741928978599	0.5639527061355741	0.041835400392094775	0.20470725384705968	0.5728566760602092
S1PR3	0.23288823788442684	0.22010582611119006	0.13392745462367114	0.7412995873387891	0.44163419597206943	0.39503208846869337	0.6578163112354339
SIGLEC15	0.9862460452696291	0.6194231919108321	1.850294462929857e-18	0.391421459720624	0.473891502492204	0.342719086304475	0.6741194045549099
COCH	0.6936246731227953	0.34814155010998715	6.212399304907005e-20	0.5178336329646462	0.33062658059858646	0.1488562329161078	1.019113035125957
QRSL1	0.5538667354640271	2.8204637362705925e-20	0.5183611891542588	0.4777968194650972	0.347315306120669	0.2712415191740802	0.4694787872413376
EPHA4	0.5429226670945295	0.5326374091383848	0.17366943486019545	0.3117221922963788	1.0484765443724386e-09	0.8600541471764565	0.31709334231933756
MRPS26	0.532785022071478	0.5867264314597053	0.2764614530615998	0.8266351553571183	4.0062452149385783e-20	1.128114006368494e-19	0.20707071610203612
IL12RB2	6.434260875072131e-12	0.7531995584900008	0.10973699144322413	0.326462040165222	0.5382713124710162	0.1684147326295437	1.2534065986060368
ATP5D	0.713210993621903	1.1163165340493038	0.4151609203012148	0.8021806829524544	4.617196762873779e-20	0.28768488761755184	0.32438996404764564
CUL5	0.3113372918654016	0.6980895445052439	0.15297261227910403	0.1120305968129086	0.14682677569690658	0.013036305744767163	1.0319842048463086
SUMO1	0.7308790925475721	0.15735873224209226	0.2698919265711555	0.3588802086687113	7.068689168728548e-18	0.2341183692612519	0.8657517017731797
AHCTF1	0.4460507864514405	1.137940645678433	0.5212115589498256	2.4218903868040597e-19	0.7757022436140876	0.04385470748762977	0.49111483635190756
GPCPD1	0.22868134900645065	0.4520135512317695	0.10164925331501158	0.7946689630413168	1.0481349230349892	0.774530938112375	2.7580843489305837e-05
GAPDH	0.3622443035244163	0.32692157369083497	0.32548959281154977	0.3167857624607048	0.20918447685431085	0.41111576041607845	0.6683690467991323
SLC38A8	0.639209054035272	0.9996152335455091	0.06472100705653716	0.09818428653723199	0.8544663718460482	0.7461212250998784	0.4404992943381039
DYRK1A	0.39269618314195215	0.45662369673876646	8.470499096630978e-13	1.4555139437202327	3.893611975421833e-16	0.2994191674329373	0.11254981251605325
HNRNPA3	0.7511934059822807	0.3832761168870896	0.43145039171961813	0.3195775373397186	1.0899756017585815	0.23559932662539415	0.37298212182524404
SLC29A3	0.1858393021644635	0.26506019880960213	0.26854361331839893	0.8350382782965999	0.1421189442504426	0.9218960515812513	0.7630725837444451
SMG6	3.216682442244267e-19	3.5888946714337864e-20	0.08874360808001203	0.3113821947204665	0.9567531590352734	0.7094045480319136	0.7978796043500358
SMG8	0.22962692952147043	0.7994635074571707	0.1561106420743715	0.06445303021911473	1.0500956836218718	0.7233290809390014	0.8904892961635004
SEH1L	0.6283930997316132	1.8971669930796228e-09	0.46015200916010424	3.115447051763151e-19	0.5751327472240128	0.6517604049520775	0.598527785903336
EIF3H	1.028748374319536	0.30447143345673394	0.7534027198416366	0.78653756450618	0.12671512780675787	0.20219727739192767	0.18604912950121144
EIF3B	0.8765158902205196	0.2626631106026754	1.7410351606523548e-17	0.7715473087443228	0.22421006340738722	6.276499208061083e-20	1.0404721338619702
QKI	6.450712474731824e-20	0.663419601968688	0.5134923356025928	1.405917037795275	4.114256519710583e-19	0.7558795943648396	0.2747074305786104
KAT6A	1.0542806301179126	1.2501362881527545	0.5471836941998627	0.5565917140520669	0.8148404542794807	4.324948211630162e-15	0.017209687986078137
MEX3D	0.43741143102373775	0.0010840025407077947	0.16336368378251037	0.4826630333639649	0.6891557066274189	0.5089575040363001	0.7127082190134283
TCP11	0.6990465360767146	0.34377969669539304	0.48144884178132547	0.7943508004190749	0.5746824999999923	0.8808110394764171	7.141989360795972e-20
SPRY2	8.356685847440675e-19	0.9748675517382049	0.2000753827477089	0.3400327511299922	0.4981538356387627	0.5464093250215902	0.7501038575969909
RUNX2	0.6544155777648952	0.6329851049996075	0.6698604476457154	0.7712721093343623	0.09663682085849912	0.5813587547677541	0.24216311718052957
SPRED1	0.19248058199473567	0.7953440325299789	0.06535242588526158	0.4828363164837741	0.8930609820254286	0.7539454163237111	0.5103122269838332
IGFLR1	0.7548261288436285	0.001351398754913905	0.060093083909466855	0.8559684497327592	0.5896105278946902	0.7428178545634271	1.0658244528235647
KCNIP4	0.48093873971218387	0.3688530672834918	0.1373437427487407	0.6843045629156026	0.9574987417499334	0.4330445401060939	8.928115814684181e-20
PGP	0.6976316207801097	1.4832781169245357e-06	0.579743103934228	0.5097488853841768	0.5820130905636511	0.682419454237152	0.21241064731621
OFD1	0.2233007502183915	0.6704942226617442	0.1565295702709346	0.4130548370297331	0.6295921115136311	0.3375300679354253	0.9225624847880691
CDC14A	0.569430963222147	1.023852915406266	0.07734153915432432	0.2822699174855297	1.175839773570567e-13	0.43830788468602233	1.098127368629244
PPP6R1	0.39512426234465375	0.7232433020166198	0.35361789960873224	3.778260655574918e-20	0.9485533350643939	0.4323842230683331	0.20664288838883774
CPNE5	0.7522958468825666	0.334209567451988	0.48462476165107665	0.35087316100367605	0.5097516037879402	0.4108551387915977	0.3650517832774219
ILDR1	0.7542274221289669	0.9214147037635715	0.07731166435769998	0.4138030952137437	0.12367012576391041	0.5635066601652619	0.4527473408953771
CCNF	2.5753209512257103e-20	0.21038015521648717	0.6218790236494351	0.7843755107541672	0.1775392221544673	0.2082654703127271	0.9753806023891096
MAD2L1	0.722213491313718	0.5348302464458492	0.40928686623404364	0.22915069042728042	0.07633796458387833	0.2930790794867537	0.40933938088880095
SNRNP70	0.9832798987796775	0.9637697523527263	1.5395257216723813e-20	0.6945316935362736	0.7504830105756622	0.279885645870895	0.4654541323623671
AGPAT1	0.31687036313294104	0.4295698500711078	0.4993839152855599	0.25870147770481045	0.31834134774839984	0.43966080479741326	1.2311806967666912
TRIM39	0.7812174495157884	0.5633606929921969	0.29965260079191797	1.9374702598441758e-20	0.32102214105451826	0.45815449584182594	0.2756319149825033
SCN5A	0.5943248221338632	0.10301473813238923	0.04405660665978957	0.32638672886270365	0.9858530116441652	0.3680527198945547	0.6845188758608047
PHGDH	0.6995064746131291	0.4820419256566255	0.3631550739670365	0.24336460352012199	0.2250641730245579	5.92868945472939e-20	0.6928808269402033
CNOT3	0.6542352630597134	0.696167772785615	0.36091790573759713	0.45850285403981894	2.67596456708452e-20	0.6677902900393611	0.5220822633622678
METTL4	0.15411538967952795	0.7780115535330616	0.6119129409079838	0.6694867785218565	0.667908849994709	0.519656813166853	0.1727021707876972
VMAC	0.725886685597978	1.0303964227120472	0.05510532152617062	0.5144903823926087	1.126581640184066	0.2579651560421437	4.3662799515143635e-05
PANK4	0.6229807486316503	0.8383880120988539	0.2618829828587844	7.435440292104993e-19	0.11000378576586409	0.39451994862431966	1.1017329832610026
SERBP1	0.2898469724933659	0.043049449842822614	0.43899297387141684	4.6775813505901637e-20	0.5189481182532517	0.07397157314232371	1.3080991434576306
NKX2-8	0.4906940596454612	0.7426586180499057	0.07817398390892984	0.2919756316116131	0.6710070470006166	0.5599851863312625	0.015383785686274503
EHMT1	0.6149794794470356	0.8194937290310662	0.5225684392887423	0.19151153111398705	0.7654990178689061	0.3262112015910141	2.8406370685343783e-20
ST6GAL1	0.6275436176194172	0.31340300285976513	7.553429109076666e-17	0.9981154051448821	1.1981132706504243	0.3309931317656317	1.509655539490242e-12
GRIK2	0.5561785899265227	0.5672530689564959	0.18202013610905057	0.8278519871826637	0.17593619576047279	0.825672349464869	0.663144049912766
ANAPC2	0.3949666371243708	0.37066535257666194	6.677421513619202e-20	0.875001536818246	0.5787662062146259	0.4540008741058141	0.6287070909721855
FNDC3B	2.8354301619765956e-20	0.8621626934008033	0.6581638016716009	0.2928721421396486	0.4125246242680756	0.5659029417428815	0.4778109311547802
ZFYVE21	1.0170931766214861	0.4488670652974586	2.82922057777474e-20	7.276501653945628e-20	0.5774661901886506	0.26173103882040416	0.34344456740153984
FBXL15	0.4781211483422013	0.4391572119214632	0.20551081864421203	0.050954420376807905	8.488123230513237e-20	0.13953741563116523	1.1242195002031858
GPRIN3	4.235342576699512e-20	0.5004795729661792	0.38762605264240224	0.5292829262713554	0.7069155824563992	0.4494632452841577	0.5566695367281652
AMD1	0.5747009001952311	0.47784514372189185	0.38391027904207237	0.7781495281594422	1.0888316474440651	5.301731342072473e-12	0.4853393174424102
FASTKD2	0.5730212829850582	0.594992000882085	0.2807850408328393	0.9694360926969205	4.385527541952104e-20	0.5755943688981339	6.45821443858015e-20
CRISP1	0.14305193549541162	0.5339573053335293	0.5206102711031486	0.42090302960628095	6.329741035080555e-20	0.5588799806631075	0.7571760318182437
ERMARD	0.37305761714265834	0.22258189355899782	0.23574925693193705	0.7226499805541623	1.105508412832337	0.27150259548596367	5.0922073623169146e-14
NXT2	0.9048266718438003	0.38748098435022665	0.2917381817651194	0.17513357779464264	0.4411162881063188	0.4389734137298936	0.8875214477445489
RPUSD1	0.6080591663944828	0.7397716406197069	0.48484190678137923	0.9480208585106631	0.08969433423211132	0.7260595297824582	2.7404022240082733e-10
MSRB1	0.8477260013921277	0.3412019189205061	0.4111695792572857	0.8940376621132035	0.6723784063890734	0.20922944871196533	0.13652220936198262
SUV39H1	0.6673620385265956	0.735525125631042	0.360263499631578	0.232719803020048	0.7927914281958338	0.46875438287011595	0.14756969409589765
SYNGR3	6.486842730468932e-20	0.621871906310004	0.4618560507521816	1.6894230217080643e-05	0.6669245412326824	0.5633191409813988	1.2533575519018718
RGS11	0.4164110876154086	0.7332853650225377	0.389866860016139	1.3607158333783405	0.44801531060240724	0.3019754364215264	7.60630251248487e-20
PITPNM2	0.7652637988403378	0.6195369915305781	0.09316334874281748	0.2463749663333164	0.9072851158614982	0.22325477443922345	0.7821074308184599
TADA3	0.9310569672903141	0.1006625211080279	3.5802314251223626e-20	0.21694250120686479	1.0955643319714847	0.32810394007099775	0.4115429171939428
PIM2	0.8305436257697442	0.6311676946797391	1.6099168706258443e-18	0.9996055940047366	0.5637316281551481	0.24983692582311404	0.6228451912530655
STIL	0.3706102453185611	0.4759148124937416	0.370088848747059	0.7855626628381656	0.6069087727100716	1.1331972307964749e-19	0.061624934832820735
ACSBG2	0.6823756470327341	0.622418867085408	0.42264251132374725	0.60819402797286	0.10534427211416827	0.5336254407659226	0.02768623938226108
SWI5	0.21053837056126007	0.6054327336222132	0.36580394223977397	0.5497469577998674	0.505928164422092	0.5716218635051243	0.7234290475805127
RAB8B	5.82466537797368e-05	0.7069774788144858	0.3484248114385084	0.3629195136174995	6.1020838603296195e-05	0.132987717112812	1.1839548922509797
EIF5B	0.4220131864761607	0.4039163550708775	0.23277411920459115	0.9997291824335672	0.3759587450988363	0.572040459944684	0.649801554284381
GRWD1	0.2871267920046558	0.37566160518876984	0.51207403373201	0.805027237941646	0.28649029163690276	1.3726607659485793e-10	0.5027718931562796
LRRC47	0.5680533071033707	0.9787060740879439	0.013882757144997022	6.611948999791657e-20	0.6979636617315941	0.24233916709080172	0.8853714809219105
SPATA2	2.88838208161757e-15	0.24381345098955334	0.2253687198507053	0.13299003540163046	1.2396714964735955	0.8958040696193903	0.6790436732743355
NRD1	0.4364464927975674	1.2403374103624154	0.499775305330352	0.1693111380524182	0.3811952137969684	0.1626932960260635	0.5776156080777517
SUCO	0.8301930464410596	0.4231445167442443	0.015786606139910567	0.41614180508485393	0.5806270232520968	0.6300567315164247	6.262871088120204e-20
PYROXD1	0.8943938499962296	0.4728821028187939	0.32095489019358325	1.2210997142480997	0.6812390499712511	2.0240053659392138e-20	3.684200869325113e-20
BRPF1	0.16333092327931245	0.354468183599103	0.9380611539780124	0.191695477559297	0.9001923724886759	0.34419005274681674	3.640650930773737e-20
FAM109B	0.15943376875145907	0.7200618432282755	9.755302055109934e-20	0.7470944130000827	0.37301062734501794	0.5090232623921264	0.4765483264080182
AP2S1	0.2571899517102787	0.3819686247427344	0.7176134136797804	1.3100978994318628	0.15256305321869745	0.09567239480742275	0.3635703329408304
ZCCHC14	0.577040618028469	0.8048045936157744	1.0989075189456592	0.1431917106302752	0.6849601409587316	0.2741966521527485	0.3958765105654902
NXT1	0.04104734593145708	1.1907255734653085e-19	1.229368731799928	0.31776764993587414	1.3633809739791454e-18	3.770196401584702e-20	1.0719851698287592
TAZ	0.5225969102838474	0.7218194372284256	0.690638008120098	1.2020086297050143	0.024058140359517706	0.07870556891581089	0.4038482288533286
MOGS	0.2744911718417286	0.0068860801082289615	1.1335705532510136	1.113542493924637	0.38984259855993175	0.1693650639124277	6.570762679730141e-11
RANBP2	0.6691894173171785	0.4872334570382139	0.4456026648496927	5.188095057948409e-20	0.797451666375163	0.09294764975366016	0.7210288856306368
SMG9	1.7848837170773752e-19	0.8034324284401118	0.42969470652866043	0.024027877610602655	0.9527513416792306	0.8917753407407323	0.38510106847188796
PPP6R3	0.36139903269728035	0.43372392282606687	0.45885873434873115	0.12264622998822577	0.2304312255938622	0.83988910339325	1.1957172642797549
MTF1	0.3967249793152893	0.19474970577386433	0.11575321497433066	1.9377691056044881	0.36158790378501265	0.38305029735180735	0.06440821087106859
NUP188	0.6229722969961821	0.292742417948861	0.7714090719201847	0.8295078072582622	0.13397661360444865	0.9779557240782825	0.10553838007288616
BAP1	0.5560704222510264	1.1278658436195116e-20	0.16012749838756735	0.3076266456091443	1.9009186348062255e-20	0.0034223781972125516	0.8275006413374105
ZEB2	0.3347313532836471	0.39973003340428515	0.8436102189553941	0.10901372176646101	0.24087627328940067	0.618550678424263	0.5639560081507385
TGFB2	0.49134748040331566	0.6210649942533787	0.1262400766751599	0.2742850605719637	0.7063338570690983	0.4167484007962099	0.6574380352513669
NKX2-5	0.5386127471630322	0.8692642843824814	0.22842024993358684	1.3372146092343172e-19	1.0368428645167211	0.4672320755897589	0.5714854370289062
NARS	0.12177808698610972	0.5862713895720957	0.6847710260674608	0.19191879573598303	0.49569478862167066	0.32503580062970344	0.3525375844858362
SRSF7	0.24629514210040557	0.48545623165017143	0.9499673388536137	0.1129214920730853	0.21169756709607748	3.6587445998204434e-20	0.4175644697687389
YARS	0.5413152857692208	0.27365124177032174	0.3243440189960297	1.1715975621318955	0.5730380888715595	0.29081713618491334	0.10932579491772958
GIPC3	0.3977716072774849	0.40867224682871767	0.25628678383597575	0.8458504766363243	0.11593654100019185	0.14449527525212713	0.7277518203388781
IFNAR2	0.5271071624878704	1.1416961403811237	0.8731836714570684	9.616382560222417e-20	0.7632297836381164	0.6440734581082168	0.3267667391846253
EHMT2	0.2596091462364569	0.3943304611375261	0.30342002153046815	0.2921776440462407	0.7102080603340207	4.000688267242375e-20	0.6378231111745444
RPS26	0.6728549203386396	0.46554601810617807	5.739901448231671e-20	0.7283075731770322	0.7522895839586927	1.9071834174623762e-19	0.9158744736824556
SLC25A20	0.6048772377965652	0.8310446073494203	0.33343618390268176	0.4589808407557679	0.40357674048252545	0.701451812959043	0.15143897085869865
NDC1	0.6344920891313022	0.496100102073681	0.3537171293838735	0.5820011153495763	0.8701880725840928	0.4553644940854451	5.484095527473155e-20
PGAP3	0.350303515709618	0.8480727774282998	3.2639859194944446e-20	0.493968354214349	0.6667262052666066	0.7017243467324558	1.0298479930871065
NCKAP1	0.4092800694466925	0.6033411073668329	2.5881440853370403e-20	1.3280760059237036	0.2495134408983166	0.5077464386310195	0.16287233584619454
NABP2	0.635174599716527	0.6541388579247414	0.22620482671627815	1.1455975012896318	0.8211625276198167	0.4037348891858789	1.2112610837802914e-19
CNOT11	0.3834451643500414	0.060930351839866524	0.6193197759461091	1.0077610427472645	0.598385256874826	0.1648723521745329	0.8067468720056156
DNAJB13	0.6106950081493709	0.6797168886194399	0.3667270207309551	0.6931079715674638	0.7685657995905143	0.4726933235164035	5.741096418162246e-20
PFN1	1.1106671536802044	0.3956541595914527	0.4623137269409708	1.1161979885520588	0.3664379091508168	0.31670991671932064	6.785683085779151e-20
SQSTM1	7.271208225988704e-20	0.4029439566012556	0.07006139624571725	0.9190033068228388	1.1458435743454554	0.8229906330537535	0.43327666317032765
CASP3	0.4425751812625977	0.779907233833697	0.09452602860567806	1.0930955912285565	0.6150473841748346	0.24666381189297049	1.0275153054546686
NOP58	0.5520110122570955	0.3161850976096502	0.7334587631512708	0.8377294029456669	0.5211914984528994	0.10612835812074543	0.42159987486797085
ERAP1	0.9980904468394372	1.253638133155364	1.154931853517864	0.3831344156530801	0.011430603483648258	0.6351808154726676	5.229265313735624e-20
PDIA3	0.3740190531072568	0.41233321725739447	1.118893042365648	1.8882766724054054	6.056099217504442e-20	0.2508466213300463	3.1937827954529613e-16
TNFRSF1B	4.530092361774347e-19	0.9696746442114746	0.6463850844851187	0.18948044521679208	1.2399443009287914	1.2011595761137985	0.24062994406542634
STAT2	0.9153268301214506	0.2979107828884872	1.0102415706900447	0.46418290343848123	0.5872329903352499	0.4528376186137807	0.5095020098349352
TRADD	0.06809993614136622	1.0878938563441818	0.22039188474782254	7.077415726709597e-20	1.4380592962989762	1.4883920537555846	0.019023179592317925
EIF3L	0.2615840570706943	0.12529394825502574	0.63169294131343	0.9223301767737951	0.783789456685772	0.5917193986482396	0.42708487980023574
ATP5SL	1.1058359815800127	0.0040455099449508945	0.549513631567936	0.9318863138088568	4.4947346060293865e-20	0.3488036029512249	0.5197960843027621
KMT2A	0.8556457373186064	0.6346167729061222	0.725113613118871	1.0999336832528324	1.9063330462947165e-12	0.6105183257292184	0.3033870598924826
ARID1A	0.6129741790281984	1.1404433833032157	0.08405089617209996	3.1654903626073025e-07	0.8206730565915002	0.6785870797562291	0.9767478510308419
ADO	0.10747945637149259	0.5955317912434198	0.2823869933911302	3.960330402135577e-20	0.8524248323486526	0.9469176326465516	1.1141149890142494
WDR24	0.12036367145040743	0.3025301275904515	0.8424324767793763	0.0229660375864598	0.6789903316418605	0.845034623004678	0.8023367914515205
NF2	0.21438563128562205	0.6648654760940482	0.8730882088600227	0.5303239044586952	1.3501683103105572e-19	0.8931964371863297	0.9246822002126642
RC3H1	4.787653387681557e-20	0.9568956574015199	0.19697859272396548	0.2933861774114561	1.1548062241406993	1.0395770372437825	0.45676761766284174
CALR	0.5480425856752628	0.018172005639782565	1.055834917373114	1.7043230547492954	0.1901068425075102	0.30831962648202915	0.17206481055171108
FADD	6.314712618006066e-20	0.5046539657833827	3.715639165775428e-20	1.4135968101914493	1.080575671151228	1.3637203495748538	9.419891708331057e-05
MEN1	0.7938966783324698	0.8378116325537416	0.9205856772485405	0.8005237562273534	0.3277678703781963	1.1041363250424803e-19	0.8077027060126599
CASP8	1.5520892993044e-08	0.8459868752291099	0.40889957796658766	0.5345555957233642	1.0369398960899128	1.2425373250756817	0.82898313739691
IFNGR2	0.889271483569539	1.319349789975518	1.06384801586596	8.865934480354334e-20	0.7742930911119013	0.763452538984095	0.7169426947969176
TAP2	1.2392992612645424	0.11673486261663309	1.0133118593827193	0.6733892163431261	0.8879674493319721	5.358250880420379e-19	1.2612605374747716
TAP1	1.0761565352755036	0.1930166435092017	1.0309045176717058	0.3030470719087655	0.7762101262544087	0.3319502359187531	1.3821342132833427
IFNGR1	1.1679670421830393	1.3147713921077715	0.999249292781662	0.2857845357116344	1.2323559758210234	0.20346574538734746	0.7277016518486278
B2M	0.9649392627350359	0.19561749095781103	1.0418329701861055	0.09468657686068851	0.6811173279194259	0.4647339488126566	1.618017828748829
JAK2	0.9760050019071017	1.2387713997041827	0.933659138037363	0.4378961761325499	0.9811659755422053	0.8714157306955097	0.7363963291262101
TNFRSF1A	0.6659896402771771	0.43272977135736007	0.8433137134651421	4.542272869483473e-20	0.7302199891720529	1.0050974801693346	1.4155051926376003
TAPBP	1.1098172819060137	0.4832823436483882	0.9625542223612064	0.6822126291054986	0.8557651094573985	0.10211391016640217	1.3175445688537837
STAT1	0.8885873492766033	1.1963129957385623	1.007257060398081	0.36791837355713636	0.8794052035436967	0.656221366169111	1.1409648666718804
JAK1	0.8757332812876517	1.1614917608953574	0.9728766870567668	0.5638759660331086	0.950983457373258	0.8337062520101333	1.0618394128655115
