	RENCA.CTL.LAWSON..Gene..Statistic.Value	EMT6.CTL.LAWSON..Gene..Statistic.Value	B16.CTL.LAWSON..Gene..Statistic.Value	X4T1.CTL.LAWSON..Gene..Statistic.Value	CT26.CTL.LAWSON..Gene..Statistic.Value	MC38.CTL.LAWSON..Gene..Statistic.Value	B16.CTL.KEARNEY..Gene..Statistic.Value	MC38.CTL.KEARNEY..Gene..Statistic.Value	B16.CTL.PRFKO.KEARNEY..Gene..Statistic.Value	MDAMB231.CART.HER2.KEARNEY..Gene..Statistic.Value	MC38.NK.KEARNEY..Gene..Statistic.Value	MC38.CTL.PD1.KEARNEY..Gene..Statistic.Value	MC38.CTL.IgG.KEARNEY..Gene..Statistic.Value	MART1.CTL.LIBA.VRED..Gene..Statistic.Value	MART1.CTL.LIBB.VRED..Gene..Statistic.Value	K562.NK1_1.PECH..Gene..Statistic.Value	K562.NK2_5.PECH..Gene..Statistic.Value
C0	4.905693406076061e-17	525.8939888587395	3895.4097701533165	3.594616334609684e-17	636.9114206466108	5.940712262743449e-17	244.1847031286511	5793.927766184982	4768.792063793218	5.753489524004112e-17	147.46186737634775	3.6549992613087627	174.01825223841823	7.362432369733503	0.0009997950414892076	6.192854713195748e-17	220.94557025100724
C1	3.185074681936203e-10	5.0700385218054455e-17	2.51093637566496e-16	2621.437073159147	1.768194341924573e-05	2.658790931315041e-16	5.277591436332126e-14	1.5749413010501614	4.164205140876794e-06	0.0006774142171480787	1600.916614046505	175.4664555687232	8.547147901160032e-06	9325.817788404449	0.008104592236488717	265.21617867832293	4.5092373093948055e-12
C2	4195.278012545053	4.6878059740260566e-17	0.08276088545758499	738.7297641282631	0.1545282756771231	4.6555364090447716e-17	7655.875939201967	3.574258544733673	3.600956145894825	4.497226489375522e-17	9.457663963299673	2615.269325164637	560.9681001758092	242.21626038754687	4957.665177144545	379.16302481831485	1.182801534223058e-12
C3	6.2738978380924e-08	1.1229096993001455e-16	7123.717094454585	5103.50105348099	0.07231574631477289	6747.229662596602	0.0019443164253421393	1.3916771880173132e-16	8.437413400631218e-07	0.4962611081505539	0.012774664556861288	1.2975032911079304e-09	0.003729766140068778	0.6873048206787876	1.189098758026678e-16	106.70548470250455	1.0408883983919802e-07
C4	4572.330641795448	5833.650811688885	1.6249377071520302e-13	3058.8996215438433	7003.008262387798	1.3643222592995427e-13	5.0989270998662336e-05	0.1191687190859824	2.5592430340771954e-07	457.7084540785461	4.227563951356839e-09	383.40299160088364	1.442866934977701e-13	3.3880460255207537e-06	3.79849575531708e-17	0.015597641868848872	0.004807870826148665
C5	0.00026432545227628304	3.108884798409745e-17	9.027331533231995e-17	58.65013945266821	645.3694714898587	9.283064569615773e-11	1914.9349385244439	8.122490928537915e-05	3836.2355628438604	2137.220801928264	92.37035983684795	5.674428150574498e-10	278.8213394169653	7.01751859998207e-08	2.8301658604909666e-17	6597.316989342905	6596.189831635072
C6	4.1830256490976284e-17	3220.4169865623826	5.367351541938185e-12	4.408518264958439e-17	0.008438201054719126	0.01693569261165268	379.1114888169521	1.0697175500915612e-05	6.0479310977738355e-12	189.09061862093088	0.43484365358654087	7216.797957125377	7755.007344983883	0.000839174546607879	2.7554716167047186e-16	7.489544462092567e-08	382.47356215099006
C7	1883.1375713230223	730.725428210671	5.553692364729259e-17	3.618898761845173e-17	0.00036186485941106867	5029.687197539702	0.00032168903168988314	2853.4387561678013	0.22128700982007332	3.956862146229409e-09	8765.220926255592	1.3087961641084834e-09	1434.555867668357	28.070390228353183	3.370775278754494e-13	90.08544577478213	1.2885051875053382e-14
C8	6.71424052812195e-07	4.021171589548413e-13	0.0006080077126581597	3.537120268945687e-17	1881.2993085808187	7.808598740314402e-08	1.0172634506338222e-16	968.5646724194416	4.9640578504718503e-17	6942.379672167805	4.652050272996771	0.003153621909867962	2.94876868694444e-10	787.9391203691574	5584.3570622920215	951.003408128606	1104.629907578762
