	C0	C1	C2	C3	C4	C5	C6	C7	C8	C9
ERP44	0.7435373993247759	0.1281238826917287	0.7485384944713143	0.21659413260181676	0.6254390780456139	0.21008188259414365	0.6859240501152304	0.22540555465202108	0.5167515451551836	0.2421671911761155
FAS	1.107775148907261	0.17280854445832983	0.9610945534106605	0.3425263691901342	1.002583021152614	0.6558093468339025	0.9768572943154609	0.5471434110114565	0.7405466500868583	0.11402825812692845
ICAM1	0.9825551387511006	0.15357050455245116	0.7068860360237349	0.6999032898700238	0.8521317624835815	0.7180195549795718	1.0819170917483565	1.0292247771567222	0.34304829398716036	0.002156226668117534
UBE2G2	0.26661348959724257	0.05364834544866528	0.4871100446240634	0.3313691459930686	0.37564709843265764	0.281884929568486	0.29562157417934903	0.5053661547360588	0.2169585731524681	0.19178343120597668
KDELR2	0.7436045038061225	0.15029174029009268	0.9156770903839794	0.5878361590547985	0.8981817378687394	0.4944741548644754	1.0100087816736234	0.4484185910411309	0.5680249180356002	0.28877458109464954
KAT7	0.46268479074029994	0.1564782132337037	0.6949121160510517	0.3073939312317458	0.7232126633474242	0.5418662540068924	0.46520894504169813	0.5565911514707661	0.5121432707370865	0.2974740870597332
SEL1L	0.8082870425391376	0.13508621797346956	0.9781365765901308	0.41055689085699754	0.8929880100165479	0.4039746341376523	0.7609380214378955	0.5180735614094851	0.593178608815062	0.48030531032440704
ELOF1	0.561869272613449	0.11242045809164306	0.7099623330607714	0.49508505074183934	0.6378211572760003	0.45672046425540014	0.5030914412151976	0.400296683764458	0.4208082092289455	0.307177745578419
AP2M1	0.7811042073607289	0.20128719778515103	1.1146102437938112	0.7959095919618778	1.1849491996134243	0.7848185234491348	0.9893470706747108	0.8594162811315587	0.7079679662256941	0.37641319572309595
NDUFV1	0.484013685972747	0.1950788543139416	1.087103714222259	0.9528972304099114	1.2850055070142765	0.9805948190319356	0.5857728917447893	1.1046422108632465	0.5944951826675655	0.7004471507210286
PRKCSH	0.7013366050789627	0.1629551259096223	1.1734202698712166	1.013648409351109	1.3147285579430283	1.0821250190385228	0.9065804813810254	1.0883738751544183	0.6869167956090623	0.46261219065538894
SMG7	0.6295860747726051	0.16683133502420755	0.922009172852767	0.44385875819789633	0.9339000264923238	0.6318675688984121	0.7042296519529162	0.585584846592796	0.5748960820192124	0.37739549350835605
PSME1	0.8527351545249461	0.144856457613359	0.9145126030625986	0.6314926015401418	1.0091133950978308	0.5656836918154458	0.7272269757231485	0.7871712956986422	0.5225790717222855	0.4295275206437764
OTUD5	0.3058542250385496	0.0693808783538879	0.38462198897123484	0.3750848289343736	0.49304781928216584	0.47273374744951063	0.337472781755608	0.6908683417249333	0.24773690062224504	0.23027495235756357
LENG8	0.5490628239957966	0.12474323083125381	0.7479116126555262	0.4873700104453621	1.0743013885617787	0.8348111760489386	0.6960507645838225	1.1102135857699058	0.6642148130459389	0.4259623404674324
RBM15	0.4800615590642081	0.2515081687534941	0.7012659466544164	0.5017214305415238	1.0344230584150629	0.775079853627793	0.744594658847242	1.070528770809135	0.5022656828603166	0.359492919205102
DPF2	0.41261630946360445	0.150009192280617	0.5947431725849933	0.4675064819850643	0.6320914185154212	0.4505757687126703	0.3923979181630668	0.696966072551335	0.41013882370433546	0.22854095829173154
RCE1	0.0008906628812058959	0.00029339476387105993	0.0012568859429090316	0.000906900345771057	0.0015154598837530525	0.0010234807335057561	0.0009853701058722664	0.001175317754643428	0.0008591269319519167	0.0005725440475691507
FIBP	0.47626975842316116	0.16016507790913406	0.8110833994032204	0.6942332511731863	0.8298818518556937	0.619334658019751	0.578726646705809	0.7451692475058566	0.4101731458158255	0.29884385266300517
NDUFS1	0.6633540853574309	0.13614863820329473	1.1926763327136074	0.6696451362139729	1.1657800624620753	0.7090447832118899	0.6674872205760316	0.5928754948432481	0.6673152802638036	0.6516165122590191
CYB5R4	0.9032545732201653	0.24175823817891282	0.7540197867263821	0.14809414187282455	0.7694962843996895	0.36221894799188503	0.8006785230396848	0.3075155221915958	0.5715041243594452	0.28796652262904804
ANKS3	0.0062496765117091325	0.17993079142511026	0.44016627172777195	0.5090953949282265	0.6549155831235624	0.8327606099230448	0.23801810995156072	0.8569148623637967	0.21628796627471955	0.2589014077572588
PET100	0.7460336062541678	0.16336764352074665	1.020371552086079	0.6076539720023527	0.9522997564806253	0.6496465529347336	0.7076839090802973	0.49427032629638384	0.586566719245003	0.43594498193763254
ATXN7L3	0.32910889860341175	0.18583080009240605	0.3604846419850614	0.3323758113691697	0.5226201137436861	0.29728412158907613	0.48685365564811317	0.6719021187881415	0.2965795137528521	0.1993717274556932
CARD10	0.004070171560513096	0.09551347288237287	0.5659088246538688	0.6414434915400712	0.7258970611256813	1.0006293018424874	0.347874453026866	0.9686783562790809	0.22443318281707586	0.16232589509884252
PSME2	0.7360499942640565	0.21457055449941184	0.5651965630176383	0.4449877472216965	0.7719493471073499	0.40953545135030694	0.7593080003546981	0.8398059611623686	0.3913759072153758	0.3668094184255481
PKNOX1	0.4303813556619268	0.21738199981336137	0.6235103578900869	0.17336913304109375	0.5986490902250007	0.38043751929023095	0.590289032508105	0.36332398657810894	0.5060478724517136	0.20173237153949192
PTEN	0.9226152026656967	0.18051915199549676	1.1860588414864024	0.4043741516560543	1.0664942165800464	0.5055844234130499	0.8283332602238304	0.5863969999593076	0.9063457717892356	0.3808099656055046
IFNAR1	0.8515406662790264	0.15047968005285792	1.025671084151163	0.3013260344424394	0.9296933237832335	0.46222997919780695	0.762122125019271	0.36501956719314005	0.6619956130572907	0.32782566314573347
SURF1	0.3084428142009762	0.14551554476810558	0.5235139065093682	0.5021830264548495	0.7969785215692561	0.4208529911620914	0.18743453942442959	0.6551224055312117	0.2901780484527519	0.4817313530043874
LSM12	0.29758493563063304	0.11411805635218346	0.41903565980036706	0.07757775307401596	0.0010141360049024494	0.012182560839219194	0.3759682410944568	0.058504361623342785	0.16211892831259664	0.048969389838385405
TTL	0.4786828106651309	0.29922637403688146	0.5216210245276329	0.3887637488953669	0.727800782166235	0.32371727107773285	0.6836653881403617	0.6146908063534137	0.5261239195426274	0.3559570941344414
SCAF8	0.6393577471767091	0.18869971474971306	0.9245404746847958	0.38134673950386777	0.9739140825625432	0.6121930833135044	0.692734202306618	0.7248809731490026	0.7490070413751321	0.39752184153808173
DDX39B	0.0008906629165386301	0.00029339477087283344	0.0012568859264125186	0.0009069003596759469	0.0015154598802574661	0.0010234806944340237	0.0009853701069575467	0.0011753177820367894	0.0008591269331238384	0.0005725440063442397
SRSF2	0.6237579206086532	0.206662934915467	0.8612822999594794	0.6390890616446023	1.0997640857177997	0.7216456167659768	0.8271341212137444	1.0822781422783576	0.6089190463757848	0.46190462484841255
NDUFA6	0.5545966208005667	0.13009249721144692	0.9979093696582606	0.5716396176486248	0.8278638284816316	0.45207182302760524	0.5859503844997735	0.33268939199496494	0.4892323128667427	0.5350131757508942
EPHX4	0.0011197858803149803	0.7904205285654213	0.44070259278320867	3.3719237213641536e-18	4.524981843587573e-18	6.11499559467505e-18	9.397883387296793e-12	0.0573313776070482	0.1909215261507917	2.2662936572415676e-08
DUS1L	0.3130813029699082	0.19004779219513804	0.48677412866505704	0.7145135657085115	0.8893019135174726	0.6091082983057416	0.4694072765401088	1.0790983944563126	0.32586784864280727	0.4548303056336542
ABHD16A	0.28066700411628115	0.12959203724788682	0.20793778943067365	0.24981270180040638	0.328334238157591	0.11610961461024591	0.2051874571647471	0.5171248252018014	0.1319930932092924	0.1034479024699235
NXF1	0.45805162484494605	0.2690824566609538	0.5883549731396795	0.2944746614816263	0.8200357261718023	0.5072993315937301	0.49204515177107716	0.8378976701276938	0.522772184317792	0.2652712070194078
FBXW7	0.8302032129764921	0.20436673629978527	0.7401394594516879	0.27775572585778396	0.7586972657936891	0.4383402142375162	0.6443795772187125	0.7655882180791639	0.5318254002364932	0.40686728467159056
USP4	0.5496202674596189	0.2478957404958656	0.5152793374112928	0.2670621332686931	0.7891523384758453	0.4971767683919847	0.599455965720313	0.7966277518411204	0.5084581995587824	0.32434088278179407
FAM117A	0.46694587641395763	0.01242294041679268	0.21907471840413448	0.322153444718148	0.4646329527929692	0.3062042052710071	0.0006342162173293355	0.7906261600492513	0.21121177786353715	0.3736619641396058
TAF13	0.9466921136850084	0.14073356792840783	0.9980188681305586	0.35161599748201694	0.7176788086575269	0.3380387925125705	0.8937709631523584	0.14867796480623294	0.6563771906410307	0.21494361815910895
CYC1	0.4165129948631165	0.1537333253651768	1.124403208622808	1.008662371932739	1.1155513176751757	1.0114243371082585	0.5765152897951301	0.8937557824159604	0.3772524370245329	0.6620914814748151
CDCA3	2.552577613333991e-17	0.10947371481762189	5.989482775082085e-18	6.839520539397659e-17	2.3113595829463437e-18	9.203013912246431e-17	1.010305251950849	3.9583249462544123e-17	9.60656523793873e-18	1.7282052965274772e-14
FXR2	0.4227733329928955	0.1779843920521968	0.6535717986387722	0.534989237905315	0.7515625210505519	0.526997435235373	0.44541712018894536	0.722559633652957	0.44704656037210966	0.31805849941907566
THOC5	0.30139825734293074	0.2121378497187298	0.5068436129446675	0.3488192333536736	0.7173928301169564	0.6599257904442063	0.4768438361684231	0.6579265784202563	0.41357058211293474	0.2803799986952584
S1PR3	0.6307681149969231	0.1733135268415005	1.0897920898099147	0.18928237976962878	0.3558706738962302	0.041147771490081045	0.6281602444776486	0.7120395411584935	0.8566076477115779	3.892703770438009e-05
SIGLEC15	4.6789833903276944e-07	0.9598237120092492	8.937769486224771e-18	0.0035543251745184606	5.352159278976881e-13	9.75225109108784e-18	3.879934689885748e-18	4.327402928019711e-18	3.2874383740775923e-18	1.1046265402857232e-17
COCH	1.629494475768581e-15	2.0539195669455837e-17	1.0844091025653292e-17	5.967549332633805e-18	3.397140271430149e-18	7.653613569026986e-18	1.0062930610409137e-17	4.9950650959072435e-18	0.031531151300549044	2.270126712971415
QRSL1	0.31056872175706995	0.10409248100804895	0.48713291573394746	0.15782925217759783	0.38912204063212646	0.19124698728785894	0.3495695423866762	0.17994748768990904	0.29319055902408786	0.33184840119331
EPHA4	0.31545990362347937	0.23965409915637698	0.6340225541828268	0.0010909285696629062	0.5006815322329129	0.3795512461484205	0.010212029057066072	0.5714412550035297	0.4834446150021104	0.16297813711690273
MRPS26	0.1941649847551165	0.11418191664781074	0.5595761177387744	0.758420138336013	0.7547683840969862	0.6130147052803107	0.29071512888713785	0.8037092797975681	0.2947495950377863	0.449476591646328
IL12RB2	1.8018339753388377	0.16642394774218136	5.380825841342288e-16	6.658685223795672e-18	1.750715543692121e-18	0.10445843839907552	3.745715798015671e-18	0.2866840334841398	0.020198664030398366	0.052285306621724086
ATP5D	0.5092758958965417	0.10117961353050275	1.1144407252033257	0.9869514460566498	1.2275629061323912	0.9044124825237989	0.493505343507809	0.8833532053029431	0.5398072645021296	0.6836423865056579
CUL5	0.6536868613364945	0.1878082827276536	1.019698080921257	0.25755748309128884	0.8652107271096211	0.5293500552864082	0.6740195087950587	0.2996553445697255	0.6578129587306742	0.41126798663862946
SUMO1	0.830022831852612	0.127591807815199	1.1072163354928855	0.3243695365045719	0.8631732385138539	0.3808947994032311	0.825374701061581	0.14311818005287805	0.6933103837701066	0.38185927113576107
AHCTF1	0.6735811038857571	0.21328326936488512	0.9367362005712775	0.2558499011761848	0.8483504102205471	0.5719355110539964	0.8024411022455789	0.3663248478457164	0.6638091681772634	0.35174438627104215
GPCPD1	0.6900314872463754	0.21861441163345907	0.5618135983192052	0.0023630512127548863	0.5596331044887652	0.3208616000902831	0.5921402206649489	0.4901680805733472	0.5160480588933107	0.1433783948610125
GAPDH	0.6793457093330816	0.14802483170594993	1.288127349128883	0.9254425122710465	1.0236304997572185	0.9317916789228649	1.142961883147343	0.7184686236998407	0.46155474450505696	0.2052698018682518
SLC38A8	8.947593463407677e-18	0.3446639267197517	0.0010932273630976503	0.0015686240090452396	0.0008981073934423435	2.2872267038847653e-17	2.064218855634229e-18	1.5177074236142794e-18	5.5624584393821274e-18	2.691756428583365e-17
DYRK1A	0.7600037117641286	0.1936060415468891	1.0077213513014442	0.41556457267969504	0.9557204260319041	0.563682557795525	0.7647185228653258	0.6590120093132805	0.6935269963346549	0.4297261811823143
HNRNPA3	0.6520614814004583	0.10439512508206107	0.7872592872782826	0.23477054082868903	0.5453003647158313	0.2820346651935539	0.6697917666650617	0.38997912595846546	0.5415348374717497	0.2285897237865663
SLC29A3	0.6836276928541412	0.2669414964492413	0.34967994000572894	0.3569163829750239	0.6898927744868673	0.36533607769589876	0.5667710209367016	0.7033761076701326	0.3345536316223925	0.15843393460777075
SMG6	0.40796647812331205	0.2271018544590639	0.6067817177174931	0.35359543630731216	0.8087110560545189	0.6115364294161414	0.49197961753511327	0.8714672697238462	0.5390042934884487	0.29662865188746584
SMG8	0.4374342842259083	0.21386757007185905	0.6349159806136232	0.3873746671326478	0.6720648840754495	0.43020361715479705	0.5409335323259183	0.44383720912274743	0.3368676240074413	0.21578677701117457
SEH1L	0.589932876772321	0.15801485986320155	0.8471317620969421	0.3488485876189602	0.638715371996283	0.3704960441016137	0.5542413333121785	0.2596268349599826	0.5089991640915515	0.2515198110840255
EIF3H	0.9545902783282727	0.15819205767020997	1.311922076377659	0.6555676891508955	1.2067197087460189	0.7599891915566651	0.9937773759910175	0.5673910517099675	0.7970808650605592	0.577871901944454
EIF3B	0.5917189767288703	0.17435701882730992	0.9670161988353677	0.7570008240660173	0.9925935067817214	0.7604129314149622	0.8545978592762613	0.802934689671037	0.5112022556743345	0.34396219518492505
QKI	0.794404242682112	0.20967863766048184	0.872333527244246	0.2509568502000926	0.8352319000881387	0.40070061139006485	0.8126579445450306	0.5054532212322147	0.788472234834706	0.15562604914446565
KAT6A	0.7038288560219129	0.2035342448451515	0.8693391843110796	0.4254322219434087	0.918500163546769	0.5547440152452989	0.6369008457427409	0.8005039490506982	0.6403602557537325	0.4296143724285032
MEX3D	0.11135854288045828	0.22992671893297414	0.5170220052077457	0.6371760337151525	0.60264200196495	0.5338070514181162	0.5404444148813398	0.911601046130138	0.3906134950177983	0.0824500941967052
TCP11	2.7873511219053215e-18	0.09339021358984807	0.0057914415878467535	4.107966718936108e-18	2.0989260249342333e-13	3.087403985067821e-17	2.1759762804061997e-18	2.4049796178448656e-18	0.017532565623820752	0.0019575896492832947
SPRY2	0.5290943539675923	0.20057692436559582	0.6871546849410337	0.19806622114477404	0.5945403702486628	0.20114957300429692	0.29111869966667936	0.6414764384142063	0.614129284027964	0.17959344397912524
RUNX2	0.7851399198411405	0.34306686984095697	0.5262982762331371	0.0014277616105790166	0.43417911970980827	0.43312151523811704	1.0632330248816673	0.6302447153724966	0.6347740583020575	0.005130622588424119
SPRED1	0.7045093819921302	0.29604991178969314	0.7790263650004705	0.10570052008023796	0.6953410905481314	0.2806997443632715	0.8628942730477449	0.5435342858576846	0.6355356101446732	0.06440048113973147
IGFLR1	0.8077531332886577	0.18539135455854866	0.18345404407318933	0.3389316738932304	0.6892742151354989	0.3991295424093821	0.6705940269351012	0.9422393761617596	0.1753822842893086	0.2076769448822886
KCNIP4	2.3205931437868078e-08	6.126671816888538e-10	1.9972615614587066	3.9329392821064096e-11	3.976490090284997e-18	0.9202084272058761	1.4323862672682557e-17	0.0030575060069473058	2.622897329609564e-14	1.1715563432152262e-07
PGP	0.10220122370687254	0.13000527810040013	0.1991617849240224	0.48168340954647426	0.3973943310857546	0.1801085007543291	0.2620115583644126	0.6862897835684064	0.07867785421095477	0.3381418259674221
OFD1	0.4844114994837779	0.2024223670838704	0.8380237343404691	0.3072670590069068	0.9010948900805812	0.8402514031457123	0.6562292222917668	0.7138693006688418	0.5234895552753869	0.3551131611358959
CDC14A	0.6753973526474422	0.22408503767574856	0.48645414342056076	1.1560689144462514e-06	0.39237594787093555	0.23018347355846605	0.2663173281737579	0.5157570015842399	0.46611537963653743	0.2852361984160515
PPP6R1	0.4935619100818978	0.17421999207949654	0.4806724012697405	0.6660165516814077	0.8100223861238217	0.5662272707736782	0.5544085825880843	1.098503235633435	0.30376001016248294	0.39001719539509466
CPNE5	0.192245329464545	0.248326922035844	0.4075497669623945	5.941424461531882e-18	0.0615989845555126	4.6872520015268e-08	0.15867801768154305	1.1109298575442448	0.07410106142520437	1.176856472611262e-10
ILDR1	9.304377282112366e-18	1.0770317180259596e-12	0.9179890204729361	1.227661327599933e-05	5.975821194426234e-05	0.8302091412922542	2.402886125953965e-18	0.08316727345092455	6.535551064087918e-18	0.6261887664010587
CCNF	0.12415603176587114	0.30278720772101125	1.7325365025563142e-05	0.2904947579506823	0.24007157065880794	0.3655231158368143	0.8682600044650781	0.6417747108592633	0.05644667422978578	0.007527725622752052
MAD2L1	0.7274070401960248	0.2633364852978001	0.6701627091873141	0.16341679070873105	0.06038634733950872	0.0008884840684471044	1.1708868121097253	5.049537941536982e-09	0.24896344032865012	0.0839571905988794
SNRNP70	0.4374312077955492	0.20936035081200735	0.8567794958197454	0.6821274001289357	1.2096044479707648	0.976216237593145	0.6658765321361703	1.379712685458278	0.6911024004503806	0.5271781054644219
AGPAT1	0.13913647794802517	0.06094561041002822	0.3203315803504976	0.4413411213287638	0.31947656711593475	0.21708637791975105	0.1275630719015285	0.43973523084808447	0.0735470850101252	0.06947217179254182
TRIM39	6.505069799331076e-18	2.430405969393527e-17	3.366934698860164e-18	4.726053323565442e-09	0.0037253172529393345	0.003523531869747757	0.0009968411712336553	0.00092089378120456	5.924570649996423e-18	0.002622766040643304
SCN5A	6.4200601079568225e-18	0.40934267504928384	0.0031301375130802687	0.0009535551428593276	0.001036002304931826	1.9669598330743743e-07	2.9129601415021914e-17	4.706909333327853e-17	4.21608914120619e-06	0.0026788757823549567
PHGDH	0.00544192312378543	0.05677109494427434	0.7784844271140274	0.6034699079721852	0.7428763716846625	0.004924327395193375	0.3103742755687166	0.6478552395449242	0.7273005522900432	0.6387400663284746
CNOT3	0.3587973316025171	0.16004479944148625	0.5467236308737065	0.5110806053220186	0.7928156928030524	0.6224619498092334	0.502738400054567	0.9009302103969873	0.4083048543062226	0.3340667491570038
METTL4	0.5167957780037347	0.15594121868856448	0.5045802984568515	6.997186920785059e-10	0.2905273134881275	0.09558867292893974	0.36954602317114943	0.1351241369716197	0.355098336273812	0.13130487892950318
VMAC	4.359290327892509e-06	0.13955394341993477	3.2547587384687105e-06	0.25781634597672937	0.44284600530448015	0.38785676700881083	0.0611492604208433	0.8869309005826878	0.1811782358720634	0.2972174917735301
PANK4	0.27952612515504355	0.20872042922183864	0.47599640317094244	0.4294424430964108	0.6673833680871744	0.5169749756876059	0.34903457861059356	0.9983245037290486	0.3383290345832585	0.2856681454463668
SERBP1	0.8090548994084936	0.09073564664986153	0.9672199867150655	0.47599967703378654	0.6906981590561747	0.5001501074659583	0.7567814582406007	0.3575762656117533	0.5850463753112684	0.2524424984952878
NKX2-8	3.632569505005571e-18	0.03763657566686666	0.001506121628808487	0.01072441115117081	0.0010842875006150364	1.7160486604805349e-16	3.844371103844619e-18	2.1106762196565937e-13	7.878183396599188e-18	0.003345454455533671
EHMT1	0.5241681402330389	0.2409339550966372	0.690361881258531	0.5271620723048209	0.9531876191937391	0.6026617963180194	0.6517378304323369	1.0387200695584051	0.6005062024716218	0.3994380036138105
ST6GAL1	0.8387686777411875	0.10961765733430286	0.9102190928865574	0.46610423151359925	0.9449623227216712	0.6146487873470695	0.5672053237162475	0.7712084844975299	0.5486261341623364	0.6580869341358044
GRIK2	8.738696580156735e-18	0.03896103531481539	1.531034193125033e-17	3.672555128894979e-17	5.201092640576497e-18	1.3739019151245801e-17	5.448748000331777e-18	4.897919844348928e-18	1.0248151301009907	1.4054285354536185e-17
ANAPC2	0.14136959105590755	0.24754740675866596	0.42572886177561486	0.5547019314415803	0.8747913754404946	0.6683689737254184	0.3013371119820517	1.2868672483886991	0.3572782589927883	0.3303119479660354
FNDC3B	0.8165338487316792	0.14380844436072318	1.1211729615375425	0.5496915165669122	1.015077537354959	0.8382600376722238	1.0723697956182807	0.6221470483068393	0.672714003858179	0.2695654552620963
ZFYVE21	0.34056822502748707	0.18469502921359437	0.691882474944558	0.5212471554574742	0.6855137180485975	0.3771446095423915	0.25070186170032815	0.7010173923289068	0.5225099299473545	0.3893570463516835
FBXL15	0.0028490069643354117	0.10908521580545939	0.2049941804623194	0.5448169650752048	0.46055929658712264	0.3503697548859675	0.008529510380469419	0.7556789515326573	0.025424163533323326	0.18031303045782615
GPRIN3	0.7125973734971992	0.24654342045414288	0.6968650644813975	0.013703521049940678	0.538078507723338	0.2238276396292262	0.5333161308388183	0.6004435272419472	0.335445614647839	0.36062363927276153
AMD1	0.49322790014729156	0.09781353235464062	0.6652102685006945	0.36610739434871586	0.574159486771731	0.19010932992334434	0.33960912499352186	0.45406811023583016	0.3534546274141481	0.2334476888263602
FASTKD2	0.5084826677998423	0.14786371110597277	0.862100613564347	0.21340209391466525	0.7920004536374391	0.5465804251534144	0.5371823266002373	0.24306160976991367	0.5291146595367525	0.39184940399224877
CRISP1	9.349912826569242e-18	0.03004436230678415	0.0012857111621805185	0.0005067367843982115	0.0016197754244228811	0.00293659918146205	1.527888559870813e-17	7.424677504507608e-18	1.572750033548024e-17	9.167103975243219e-18
ERMARD	0.4796972244934109	0.23465039506101232	0.7732290257798834	0.23333980788123587	0.8303451075202012	0.5591727562006297	0.5767380752159774	0.5552238608669083	0.5949599265947193	0.24244410767145133
NXT2	0.44860498123998405	0.09008386991214558	0.35465719134509593	0.08198821142353212	0.10680085751322559	0.004448541308346046	0.34689006719167353	1.5940494564551855e-16	0.10706084741650412	2.465379066588527e-05
RPUSD1	0.07441733266012997	0.18727023085650643	0.24930279536571356	0.5963110539115697	0.5437628211557055	0.5862153261806348	0.23570493733460066	0.9336552607489992	0.055307575724175766	0.27898159699871167
MSRB1	0.3548319285042018	0.04115303876100332	0.5873003391867653	0.8066022253810513	0.8800005155705136	0.7861278255062046	0.17869442201229804	0.608020588303919	0.10998181897354972	0.3078769976770001
SUV39H1	0.18963034995802963	0.1639956187897725	0.1540816507113618	0.259280804932313	0.19360875861515156	0.05831169456300614	0.3932626549580602	0.36186040342511977	0.05318642342608446	0.003087060008678869
SYNGR3	4.0018018428250054e-13	0.09269120207845262	1.7653985751591894e-18	0.000919633388774072	0.0006918649442173005	5.484376931562984e-18	0.004264194537798814	3.1280079718873126e-11	1.3698063828712156e-18	0.5629489797274492
RGS11	8.545124654050263e-18	0.09551257874306379	6.45543183365539e-18	1.522620503375369e-11	7.369426498412091e-18	6.049749729443413e-13	6.5785039273342e-11	0.938400135289615	0.9560836661337817	0.021764340483900912
PITPNM2	0.058192100078788146	0.11779562907668334	0.46556640946164607	0.5154117613342597	0.737092316189459	0.8496601112251106	0.41240980654626447	0.9048119760523973	0.2844291167372357	0.0859214977222105
TADA3	0.41825110203765276	0.1508179336298428	0.5332633899914019	0.581000048940245	0.7349322744797271	0.47384012757179744	0.5136428327950078	0.8319655661696552	0.42680417298017553	0.33158234377830775
PIM2	1.130085610204935	0.006101891052086708	0.0005260700600205668	0.2189524619825178	0.21632061544498635	0.17093935426705414	0.6115660987503785	0.9507293636108172	3.8673877080193284e-05	0.31314210672495485
STIL	0.5514268940502234	0.34967460001618533	0.35348546649450774	0.07336843421207742	0.39251992897782084	0.28252491903586735	1.120943837256864	0.22515983707618883	0.28549715182028973	0.10887733230539846
ACSBG2	2.488918229402259e-18	0.03441178264375477	0.0016502043757372837	2.4944242518076093e-05	0.002619008265512	0.002431323984982175	2.2020149818639244e-18	4.3536431045126486e-13	1.4305342978317933e-17	0.0012949206847858083
SWI5	0.252908053379377	0.21563213103517745	0.5416643102631261	0.4909400913677615	0.6221475157658355	0.43487050244254805	0.36589299312043544	0.533796039891094	0.37541478049462657	0.3348194679956636
RAB8B	0.9740281219400166	0.09761692704214625	0.7231648360535784	0.22347694560472944	0.5967992132948298	0.2780192690658157	0.7300012016174111	0.3513082879202052	0.5674506524222585	0.08640385304312705
EIF5B	0.7383780502350495	0.13353144284760127	0.9106061049885757	0.3864144177982743	0.764546369713124	0.5473273507594204	0.7667708895148886	0.3576806359674196	0.6452050489633242	0.3507073657479767
GRWD1	0.23915120898259348	0.14881956954387085	0.4317286414684795	0.579301054773952	0.6098531414010976	0.4889548464436633	0.4046490428803397	0.7773042739089823	0.22098084635646173	0.2695424622729275
LRRC47	0.28701131994886037	0.1302456625747934	0.5654281408193552	0.6281194336246835	0.6921986218022831	0.5415776290769112	0.32291331511406535	0.9151422996295285	0.32407700530149375	0.25726399430472124
SPATA2	0.1289416132582702	0.07383509969169903	0.25551503625944905	0.4727255461384642	0.3811575751942821	0.4102463079130299	0.22481358574337124	0.5496078622521687	0.07293471140526055	0.2293108037489642
NRD1	0.7925212370484656	0.2173169125725123	0.9107071310249432	0.47580820528208895	0.9786857208445329	0.6517019630316875	0.8624546449272594	0.704597051249397	0.6397100188900533	0.3468776727852877
SUCO	0.7295472844234375	0.28119937137310885	0.8713072372530264	0.25207128085027114	0.809493161924063	0.4844350578471483	0.8417131387603917	0.23980782066976042	0.6217854787855696	0.470287525980005
PYROXD1	0.5856698270181032	0.036508474023044184	0.6852452202728485	0.020690215783608093	0.39260008797660567	0.24920855486642063	0.5146434535272691	1.0208900682546595e-09	0.38047618214800344	0.1748961052384921
BRPF1	0.29451388124959577	0.278743034324606	0.3170433511431372	0.36580567243277834	0.6543107362839614	0.4261981232705651	0.4273423217916742	0.9110733825462386	0.3842061288745093	0.2483272654747793
FAM109B	2.7501473772579532e-18	0.4391724367393205	2.0603936427869627e-18	1.406544753427943e-17	1.705842359589814e-18	0.0028635170496943735	0.1174058261907346	0.468689922302883	0.05088420039014728	2.7737197536926245e-15
AP2S1	0.8280544789955401	0.2857508440406246	0.9142741865989579	0.7403491476254777	1.1465217262231366	0.5894340164195947	0.9059259799742022	0.8783968517574207	0.6406295984769413	0.35271548246623136
ZCCHC14	0.15274463796440174	0.18605234837880236	0.638465168557861	0.4822246624079157	0.7142850905821098	0.5708057369594909	0.13582205563091987	0.7356565366572976	0.4756420655722455	0.3342502030387368
NXT1	0.5608678049683348	0.16237697990695624	0.6117090828155669	0.32946330646040883	0.3575664215360072	0.13815175103224336	0.6298609864438945	0.2997650248128438	0.35366997899045866	0.08872553486116704
TAZ	0.23409390064205057	0.18172271099338252	0.4453933297646789	0.4669536528686921	0.7172164006639727	0.6325760377653743	0.4031677940300242	1.0070371918243692	0.31296851544984494	0.24805447231620079
MOGS	0.4424765079668481	0.19971093462198578	0.6632753342154023	0.7006654823713873	0.9938340438890656	0.7812659334119224	0.6402828510480557	1.1805807971912683	0.4146246059265084	0.35447463480928554
RANBP2	0.8000953691565114	0.1898643022082729	0.9792180082434426	0.42118009601433554	0.9902489884820546	0.5035375946489539	0.824095038013688	0.598220748539714	0.7680393410579418	0.4527325841011722
SMG9	0.37124652935907176	0.193527139406581	0.3987628168506205	0.38742932192857205	0.5432717949200312	0.44248944176901445	0.6007590189417482	0.8502585641928792	0.3708183246056004	0.26640413658744144
PPP6R3	0.6725866257004397	0.15482941402379224	0.9213753905178945	0.427629952624298	0.900671327664684	0.5844031698069939	0.6594488663124887	0.620258173337183	0.6451152047185859	0.4236704947070395
MTF1	0.553865182721446	0.219611698485392	0.5417987772192444	0.2277740049083827	0.6188338596599925	0.3580022522135271	0.5634227810782058	0.43163861761891337	0.3809725704710009	0.18586001657038223
NUP188	0.5154003642239304	0.22555347708837073	0.5852874007369069	0.3928034366094979	0.7333598575035483	0.36450882018508873	0.5794646349760592	0.7603305150659483	0.4899647354639027	0.28903502227400485
BAP1	0.4128614012109437	0.26197489962308024	0.6056637230577994	0.5507982192148362	0.8860692421672448	0.5701070758150201	0.46992280915659923	0.9753161438788573	0.5215427885174297	0.4123401019424295
ZEB2	0.9027786319780201	0.20397319617248721	0.8594686638791443	0.3037523872473335	0.8666121012725729	0.45756258204020783	0.8237244664211598	0.8281571682727157	0.8036961633138026	0.09397823756662448
TGFB2	0.748037683989642	0.38520141815202935	0.6485029454089187	0.028811079733168304	0.17363788326300741	0.2392010625995249	0.41013744637389815	0.33975389547519386	0.8618488031784319	2.209772531939267e-05
NKX2-5	1.0344223967565813e-18	0.027178869356721477	8.177179302240168e-19	0.3112920751768193	4.685851200520183e-19	1.2821148453812778e-18	1.8362042570290586e-18	8.817797014203528e-19	1.902869949809542e-18	2.6789042751132832e-18
NARS	0.7876071606659787	0.17170335595671313	1.1146927985094122	0.6266186699913903	0.9559455547464331	0.5718218969394652	0.7382064678026169	0.5100119998675415	0.5955466140918407	0.5311007947413604
SRSF7	0.7294736616153829	0.1657742704166626	0.7851991094385677	0.4073560700111444	0.8986561393566741	0.4802419702158215	0.7709943920626766	0.7885071171276071	0.6109901398031746	0.3830497999121399
YARS	0.7108678531299517	0.18436945250578363	0.8433992756013133	0.6274184549684154	0.8439392142772055	0.5135165383818731	0.8637423167181368	0.7186827090347209	0.5153686442417522	0.3282753336358499
GIPC3	0.45998712524090296	0.24439250283216207	0.7895054804531687	0.10942708053932804	0.57674747810553	0.2619785603775496	0.29969750646648846	0.8470461084497725	0.7042724574493281	8.354633586403854e-07
IFNAR2	0.8473083240349522	0.1975796014438883	0.7449692614909242	0.33509948779515825	0.8400923590081857	0.552370229120996	0.8888182666729453	0.7229542159589822	0.5044577676079891	0.21875413398709215
EHMT2	0.1733626315550234	0.146248096323586	0.31040183393494186	0.37996951774407245	0.46414319817157695	0.41088836994159345	0.2797005964379199	0.6317945293721691	0.2233004502533177	0.14105864376588223
RPS26	0.5688289592860788	0.24209269184819937	0.9405985925728707	0.6794490821645321	0.997019948452299	0.6395810743461717	0.8097861657347075	0.5210162200808478	0.5146886010083236	0.4747348777789859
SLC25A20	0.560789221458613	0.16513385080258183	0.5437274574293369	0.43217255595404735	0.8293257640041339	0.3544975552166691	0.3121187895823979	0.6904546685765048	0.40857931451208207	0.31451468272728045
NDC1	0.5479323896805318	0.19524542954359161	0.6278695762928999	0.1619700102619503	0.3961717229348636	0.24343256728241866	0.6770245329289631	0.0222265754984846	0.3571754586548894	0.19301028799577355
PGAP3	0.3177589130529547	0.09823587863446918	0.7071836199926145	0.5239190278911325	0.8183019540466713	0.5993171392932072	0.3265357597868987	0.7872722655256592	0.38703829568515935	0.3817332061184352
NCKAP1	0.7545116920924826	0.2056324602057413	1.3567410762425762	0.6080311866780823	1.1386941887900772	0.6925482634456804	0.923331178900908	0.5348565438896838	0.8547862224464039	0.4319303003164568
NABP2	0.5272992805634561	0.05924778051024774	0.8026946822720611	0.6070811098358241	0.6386665441514053	0.638759867159079	0.6112059099619099	0.35091311274853365	0.35674223181871234	0.2086532626952448
CNOT11	0.6427074945075273	0.1188861600113803	0.9292928553696105	0.5923441295195976	0.8541805701119647	0.7933635244787222	0.8101359919225088	0.5984106613776766	0.45411717589749956	0.26402509383889733
DNAJB13	3.1484128749557216e-12	2.5422509368725384e-12	2.3082510438969738e-17	1.1027223257721642e-16	3.5298770431021e-17	2.8630715390302153	0.01886295898907056	1.2846127641614895e-17	2.0454429443563212e-08	1.2527749306259841e-17
PFN1	1.1976908869432534	0.23049627826377117	1.2001036580122557	0.945509359165592	1.3884952167073983	0.7816784706338024	1.2469947735525206	1.1832962560779938	0.7964763697924018	0.4855120968950539
SQSTM1	0.7522630105682991	0.20276040162091613	1.1585441062171424	1.0844062396708243	1.4224407071052212	0.9435855630004955	0.8678567709150777	1.0024682218241001	0.6165675372473955	0.5411103309027211
CASP3	0.8669002264066132	0.22626923937756022	0.6864483841330489	0.21501122846399193	0.6150873957399543	0.22691607391083615	0.8574321972724682	0.37719274506902417	0.48427908975630174	0.3218450622156602
NOP58	0.7014317676184637	0.1723194978104308	0.9103339631905867	0.38209916395536636	0.8575822266315697	0.5312776173010167	0.8552945357913125	0.5182370778347027	0.6004298967215523	0.40162517677302856
ERAP1	0.9226106812474324	0.19424251342426033	0.832871986698064	0.3801245026822007	0.8537457073006743	0.6054187793797866	0.8685844274677058	0.5582373251200802	0.5149400174179297	0.2234952532861366
PDIA3	1.038827135846005	0.19079297753636812	1.3604120304321274	0.7936454990802936	1.1396216471407103	0.7036185835284956	1.1988592539019878	0.7554444870853593	0.7161959562636301	0.32886023018297084
TNFRSF1B	1.0399761150319913	0.21693152272705876	0.49711456346634236	0.4169909792783387	0.8889784938425349	0.3966238637761055	0.7261490045287258	1.1309260176327434	0.43526225434803545	0.15847123791732826
STAT2	0.7198296611451411	0.26381908681988453	0.5853706393310855	0.4865922360117394	0.9826590178398485	0.7252744377633327	0.8946744226611539	1.1409075382585052	0.5383962322971101	0.22546318091549664
TRADD	0.3666747704759471	0.162819828017635	0.6104246348986441	0.6751169569800011	0.8612505941151186	0.8051149010652567	0.39498138695718066	1.1219684060938981	0.20576640936984264	0.1978578654860522
EIF3L	0.6790126261621835	0.14091019018649437	1.0839850876837636	0.5570308369748307	1.0833962030952864	0.6627532653773398	0.6543608203121452	0.5887644238619484	0.7140803806160201	0.5325569034599932
ATP5SL	0.290051099766521	0.1421989491406376	0.5719505651054195	0.4814411453146906	0.6572140360900358	0.5289863201684634	0.3268015068949393	0.5855502149720607	0.31281266989692696	0.3743603234726243
KMT2A	0.629191859632659	0.19919712305967943	0.7004047357955852	0.29112592143268645	0.8505208372871002	0.5461159326062837	0.6155490991805951	0.7112984720741167	0.5877171991124426	0.3251405909629044
ARID1A	0.7727878815557818	0.1946850126960172	0.8836386822030747	0.5846485642904712	1.0569383896618219	0.6493232952344427	0.7662852751500124	1.0502689377214098	0.7017031660140883	0.41657242691627716
ADO	0.29743933248410726	0.10542981991443541	0.3333487190468301	0.5789051847206583	0.5359967072818541	0.316183718799173	0.32429660739831767	0.8118789277277338	0.24291468617405507	0.1940628183388974
WDR24	0.03630340369515081	0.24620977860656248	0.37970834460566544	0.5899135132880837	0.6587510741291621	0.5136259026516141	0.22318003533205927	0.9815067949924966	0.15700352663901407	0.261971799295194
NF2	0.42456711204185227	0.19829464718112988	0.7359475146339207	0.6572948033420766	0.8812056439531539	0.7744748936441038	0.4876408260718111	0.6978313905556452	0.4098715859121994	0.43683117112569203
RC3H1	0.6100775251316797	0.2240653817013446	0.7829146310153292	0.30390138103335873	0.9270143207274618	0.5917628384597383	0.6905968361420617	0.6302866832140529	0.582567134856196	0.34646917475546346
CALR	1.0835609424511101	0.2573177084059104	1.468686843576255	1.0192093997681115	1.4352391341752517	0.9656293552889006	1.332922116846041	1.114761626741172	0.8461306675017344	0.44755271556328036
FADD	0.421878577402006	0.19469502113908776	0.5927349189016476	0.6504772255245763	0.7713752873321655	0.6370264837600838	0.5256052458046219	0.7634624582222811	0.2849112817881782	0.2603017640796189
MEN1	0.2793359653979244	0.1883181683163997	0.5776579760050237	0.5956268699649742	0.7781289795172801	0.6168590507821956	0.42279737984068555	0.849055380612638	0.34133580486634263	0.3307970802094742
CASP8	0.7281883132931853	0.16711221218774688	0.6112189114553864	0.260352693053588	0.6992947495415361	0.6143780664562781	0.7862632370743877	0.5761361536994711	0.35763505185852373	0.23490493810410237
IFNGR2	0.8468217756376202	0.19736276529953042	1.018124132192579	0.48322176226710656	0.9452545882526816	0.6231920455979694	0.9144568265384493	0.6404569690662579	0.5449069682671751	0.2497177464098599
TAP2	0.660320863856992	0.1068339797993646	0.008651117548700387	0.13294620968049473	0.3308630917831785	0.06187723754620044	0.46553065587013115	0.6564897951261742	0.0563910784642838	0.05053030641141153
TAP1	0.7445054675424004	0.15080984170261896	0.19165540312244458	0.3950269865809133	0.5276297002751024	0.2403494381099884	0.6023751549276701	0.8637904193374579	0.0019276766172634388	0.09477112084952934
IFNGR1	0.9942294508575644	0.178273587527588	0.9426633193316553	0.33899624316534266	0.9549955865195877	0.601437256440529	0.8962191402224319	0.6159758925810037	0.7545001374883986	0.2663145098783761
B2M	1.6917872331135893	0.21746226263522705	1.6013012584390114	0.8575760099937952	1.6811561515400455	0.8218890541060996	1.4049685826179368	1.1217504199390453	0.9489281983543323	0.6671968098684333
JAK2	0.9238874780861334	0.2556734361903185	0.598583840361471	0.038992803172469837	0.7783663774368946	0.32101163816141376	0.7473945909774967	0.6395315423487605	0.6697076276480881	0.3095572542449704
TNFRSF1A	0.8223744272681464	0.19209383263623794	1.011767024983379	0.7670410415313091	1.1210086329177653	0.8586106951182427	0.8824812568539852	1.0222977302919367	0.6787241370038289	0.2736827359075929
TAPBP	0.9201333524122415	0.10929574639255417	0.8198882931185375	0.6020004861169522	0.9306594328085898	0.6029342882894108	0.7928638076043978	0.7990792232180194	0.3701731709302032	0.2343363198813948
STAT1	1.3933534842337056	0.2233838804271787	0.9106123286157164	0.4681833114220438	1.102949434615514	0.5730637728040299	1.322520629872881	0.8957196287912204	0.5811121218985328	0.40012305443000495
JAK1	0.9222545507045499	0.1864942149879448	1.1605475708343684	0.6264121014233723	1.1486329163901485	0.7698251673349427	0.8235742650418064	0.8417932133106855	0.6955274366706293	0.37397316204611286
