row_id	C0	C1	C2	C3	C4
TBK1	0.5809928792990553	0.5567658621608199	0.031928995878987544	0.9629283297005913	1.9932047091349685e-20
AGO2	0.8458229434713632	0.19571428094951113	0.3903581662073883	0.33076615234333395	0.22927596870308653
ATG10	0.24361010857711635	0.08427347129442479	2.0483705046868807e-19	0.6827349010675613	0.6164710090026387
RNF31	0.39691583670516806	0.30656402016434675	0.2064491108030036	0.6815555691905508	2.1516604785689865e-20
UBE2N	0.11295567015204469	0.25588173985704865	0.37445696762058617	0.24771650453618185	0.4816742478916311
CHMP3	0.46307131298484977	0.3994299594905045	0.47682831285164323	0.13441566871350225	0.5149832999202915
TRAF2	1.1313081865414267	0.15183871609563232	0.02594752727987707	0.5349726871260996	0.09476277175849256
SCAF4	0.20190567853755864	0.25018702497515827	0.08758574646593438	0.5611680454288527	0.7349598890544629
STUB1	0.6541426542491118	0.6307542617789034	0.3468438681453853	0.08005115431698305	0.20872382457666216
BCL2L1	0.9345153110489308	0.21585233343831353	0.05525913363276467	0.3437846957514913	0.45226075421100614
PSMG1	0.6421802706765971	0.4063641332799485	0.48896058826863176	0.7001357789378756	0.12558718403479244
EPG5	0.16405527110567783	0.33417531238641496	0.29805221525585723	1.084194889577999	0.2639555750541926
ITGB5	0.9748429034413797	0.14103383596761437	0.4791943277347513	0.7130332734285804	0.10012906446875328
DICER1	0.43821061187799987	0.36269807626390393	0.3844113792209817	0.1038649504673674	0.38919789917420455
MCL1	0.17226672753235367	0.5647497930459409	0.39236639081968616	0.9091102574531856	0.5029485033166198
XYLT2	0.20834135391048036	0.6690108289596635	0.6617439506363445	0.8897403812702045	0.2305927381986557
IPPK	0.09621080655224709	0.5930387815856647	0.14568094081400332	0.5166960295786208	0.6271261541557475
PCBP2	0.32536356626486196	0.24625451131866288	0.2627727278851861	0.2674066021759996	0.7713936520433106
PTPN2	0.7908784970728538	0.21532367474251043	0.12086522546143212	3.670681217685096e-20	0.45984528033763883
VPS13A	0.7008702170079728	0.6090205847947727	0.07052003081174694	0.48581086626190645	0.46551710624387216
FITM2	0.11023323456334917	0.6274947154412014	0.25654085469347493	0.7627854298214987	0.2048522706426797
IKBKG	0.8344629518569583	0.5018427707728398	0.07258191954127559	0.5643303770153609	0.0790536525471482
RBCK1	0.55684623735019	0.2362624478566407	0.2603994052057734	0.7560495491717708	0.000986459740017914
CFLAR	0.5147016131989494	0.7462419680219449	0.00823921031068087	0.6190095213966004	4.8549663101307715e-05
EMC3	0.6056634051345522	0.3485211985867356	0.14465285836378142	0.6821136521264717	0.17293390558074184
SETD1A	0.5350102220173165	0.05567277533244126	0.2964969542112156	0.5522263035595357	0.7193619140089155
OTULIN	0.627549741617302	0.09207191005783656	0.10060794352140247	0.48897055789653804	0.44325705936212595
CHIC2	0.30545284149691637	0.3196871908366953	0.09276016689899463	0.5202746057497691	0.7404392889895702
TCEB1	0.8811362054919617	0.18577552027248667	0.4210128236883357	0.418166043720911	0.30900113883159314
RGP1	0.435098108870831	0.5579071217559904	0.30631907396898117	0.42964439115972175	0.6495791691909559
TAB2	1.062611560844902	0.360352306996032	0.1706332124535035	0.5760995141142494	0.022379239921411997
TMEM208	0.3592258317312213	0.6279712204990537	0.3431460463364969	0.23674674687220726	0.1979877092850403
IST1	0.6449229547504444	0.6618858838174683	0.2864238826424469	0.502116400129289	0.05856379210653317
BAP1	0.17523341059517097	0.2190045089741092	1.057684249201985	0.0205589386471668	0.753609903302681
UGP2	0.3444983575234787	0.8019910308565039	0.5287569842681517	0.4211506030948412	0.33342485449967446
EMC6	0.5430330045812107	0.36278858291379146	0.33702156600380967	0.774037659188674	0.007600265528570795
NCSTN	0.10395616114916358	0.6283841300925425	0.005593896823668962	0.745730748965696	0.8424862730127034
UBE2M	0.9081924298206641	0.3757754372656237	0.8663245941159112	0.10223547893321747	0.3212839154193273
KDSR	0.7372798764703804	0.10641510998846718	0.7614361800272597	0.04233427856891166	0.8688732870233777
BIRC5	0.5726720678807188	0.38023271792440927	0.8307167996476242	0.20553465844287544	0.5306949749117337
VPS4B	0.3161459494888584	0.5295151804213784	0.17661272265391792	0.6697572091303547	0.2474510471330683
POLR1E	0.4755707391191429	0.250279187446399	0.7768197389725657	0.2666381995449264	0.6373811852664178
NPM1	0.34293151970726815	0.44044464368397135	0.46637676315127385	0.46937645147874074	0.42497334097449385
BARD1	0.14575284890892984	0.5548168347656017	0.9676403676743202	0.058973169613535416	0.5271892776130753
GPATCH1	0.45968549370947315	0.5096175601531094	1.274347299037732	0.24370690694356453	0.12786197671088645
L3MBTL2	0.43093349829481153	0.5132298414700613	0.6974087404848881	0.6349592886757044	0.1673578606430047
TFB2M	0.3122809554579058	0.18695215223040887	1.042523832573568	0.08907798867018969	0.5702262202816804
GP1BB	0.1324333043557196	0.737347606997529	0.6050784536282127	0.48945258337894987	0.6943539896456451
MRE11A	0.1633911778829739	0.8304007157339681	1.327501734397009	0.06334311990934852	0.34574614427271666
CENPO	0.5793672529161493	0.1334314737932138	0.5556766989982324	0.325205453738764	0.48218204716642177
CMAS	0.4615388666507444	0.644567568393066	0.6337292660412939	0.07622219227776915	0.07405961444953216
MAPKAPK2	0.7201654957654421	0.10468771317590131	0.3749704500170309	0.2165275983087025	0.7251012403140589
SART3	0.7587708419876361	0.5889991261003716	0.7971186806022276	0.41044355300336005	0.40530235241202134
KLF5	0.9428750255059936	0.6063922551617865	0.42205567339714867	0.6989038064717716	0.024538051754951877
MRPL12	0.5333588585775176	0.11137479439202964	0.9879339395639194	0.27825604299124307	0.40940055270150166
MAP3K7	0.865485094578843	0.520132799701995	0.4875608378401159	0.593399111395685	1.2826598611476824e-20
UXS1	0.7438653679812468	0.5726351896715202	0.15982969220291596	0.030236356567192396	0.6564764646258144
NAA35	2.1496174894570444e-20	0.31121595420621445	1.2363142900665913	0.27416797220562	0.5343119481445335
RAB5C	0.599331004133029	0.5506178882702725	0.33555635180178156	0.4808008138653052	0.07642684764135545
MRPS15	0.4592718446651987	0.36610792434257833	0.979197645227263	0.5068335862873605	0.53524435082009
TSG101	0.429702378992885	0.1835359767067885	1.0706185969188395	0.26913496479872595	0.31039585224924915
ATG12	0.7574148809707583	0.3502724072426802	2.5781819316425926e-20	0.6007702094017412	0.4092847277088579
ATG3	0.13623233034725474	0.4705764375163915	2.063276132092186e-20	0.6704944440576291	0.5225903803750346
ATG101	0.591198996786668	0.28244340401954693	1.39849293637795e-20	0.4270491927496833	0.6618282698503944
PSMB8	0.35383248005590856	0.6137515189106716	0.13821526043221025	0.7475469411890073	0.8139898457080198
SOCS1	0.6126295523843643	0.2880550567882805	2.2033611402771834e-19	0.5838320405514841	0.3890381823193706
VDAC2	0.5603502884374701	0.46971049119134495	2.5822855219511018e-20	0.7673117652939724	0.22816921993891168
JMJD6	0.9397688253552079	0.42421216884006635	0.011470438643793615	0.7232943440800944	0.35194989412219285
EI24	0.13615118488941494	0.36587512605677575	0.2067282306396268	0.6120177274298344	0.6032056353787678
MED24	0.3101681357570628	0.3599662068618441	0.31887486555577793	0.7371543260409669	0.1664763179504546
SAMD4A	0.49316432797882676	0.6199030637428133	0.5521131044774463	0.22554473367240588	0.7491030001045013
TMEM127	0.5326384074392261	0.35531618475380683	0.1651978077318923	0.32214466606332726	0.4643143027207663
KDM5C	0.9083972065369231	0.7202291763607525	0.5195630124600982	0.2609893424583332	0.40319923993333107
GLRX3	0.26488244190592625	0.5351808422030725	0.7035378372609292	0.48319442151980196	0.28296705150758517
TNFAIP3	0.8470904604706434	0.5863317015485707	2.613868218760688e-20	0.5785130421641765	0.3393307558390225
SRCAP	0.6881064406353109	0.20548062510053558	1.2434645986122552	0.06304924382644357	0.3244018541898036
PCBP1	0.5677275185018271	0.4419185000302476	0.39416827736292265	0.1494908811424204	0.587162536350859
MED16	0.553588711820464	0.3445037294311135	0.3819005967878348	0.628945472424058	0.5134183790171032
SETDB1	0.0917327535432388	0.5791514335283067	0.4759481695041036	0.5869422425251073	0.7888788505198607
RB1CC1	0.6725509435558539	0.2251261601097995	3.9923502066870857e-19	0.6310244579919596	0.5576363553142731
PSMB4	0.7382349291766914	0.4570124422611786	0.6320418354881266	0.4300844833387537	0.2089681901710061
DNTTIP1	0.7933464329421228	0.39079473579466295	0.13516018551766973	0.6999738815780655	0.40699356937841485
HUWE1	1.1645697300094486	0.28249325578898227	0.9286332552893105	0.4594562933699976	0.1877479276517544
PRPF3	0.9228012203288383	0.24693350262440109	0.4181801124869592	0.6993906519115083	0.22631934679059967
BECN1	0.8176334821764939	0.20615475450475365	0.2825519479539507	0.33330042315347796	0.6286035317125734
TNIP1	0.6343746747142311	0.5700396363271166	0.36711682196669154	0.4765543140263688	0.435566590567638
RPL28	0.3712050652095554	0.5782261247234398	0.7620548455474664	1.854140502341532e-20	0.6576684625783757
TAB1	0.8428333646970791	0.11153148355316983	0.1601079722823963	0.3487672671441138	0.6164765064031217
PEX12	0.5510436984987827	0.36096089600154135	0.40582052040864747	0.3732564651077805	0.8132015990624406
ZC3H13	0.8596348501067561	0.2536049299632465	0.6364571452606337	0.09948241002355594	0.4995389915958952
ATP6V0A1	0.5899035065684703	0.4248125343718071	0.7019489591033677	0.4414483535857888	0.3064058785572045
YEATS4	0.8240866639700017	0.6054275114946579	1.14756623196508	0.13982241352087188	0.3923638991693202
GRB2	0.2743363268591507	0.6302175513032867	0.5344005439545045	0.42524922473197474	0.5834222480766749
INTS3	0.5145091227937361	0.48854773713031063	0.3751529705124632	0.5176437514874694	0.4483216454573872
MBTPS1	0.5809019056488312	0.4072614914162554	0.781547799461537	0.4172262578466562	0.48658724161227684
HAUS4	0.36826121355690306	0.6350870443272506	0.9973685136781699	0.43400936912803667	0.6677882560466699
CSNK1A1	0.5968596508084714	0.32752604895534804	1.0088940796095924	0.11702320029760206	0.5190575074240152
IGBP1	0.45749323006034565	0.13052985860570093	0.7653169692475875	0.547593477463632	0.4097256523225117
MED9	0.5558678529542573	0.43193054279139825	0.6396189977138828	0.39678109283113555	0.4393747956344785
UBR4	0.6025779296361997	0.5473778816743778	0.6268749704733749	0.18325472769512458	0.47212741064154085
YBEY	0.5257537783315064	0.009858240031180578	0.8641901119012463	0.43397744373812197	0.3615011494647111
RFC2	0.6853638597987762	0.24394906934947255	0.7660685141648229	0.3418906645257628	0.42545806473727327
DUSP11	0.49721578324769994	0.24031765284915171	0.3592496834446994	0.5222173246705643	0.8488894028843198
TADA1	0.3754515992100603	0.41939929456121405	0.6638852213686933	0.14028576712052085	0.8270135358961591
TRAPPC1	0.5475866917115483	0.23028857886682524	1.0290799102729007	0.21036094996122504	0.5940067957120713
PTAR1	0.7279718680542947	0.2229950139398973	0.8318037725169118	0.5573093209366998	0.10428352277790714
CANX	0.3331828193163023	0.08006964571599576	0.630627932594457	0.5255287412777219	0.7024684535109368
PIGK	0.09101823330848309	0.37914522502278686	0.22590627067007862	0.9192586978353158	0.735093029515371
MAPK1	0.5147346001764842	0.2893061251268793	0.388422988687936	0.26748508982876495	0.5694428968156829
SLC10A7	0.10827375380250893	0.42817511607605424	0.6800371932580807	0.44657567855590546	0.9299232757057042
TPR	0.7213104752399213	0.6492540008358335	0.2472294545584158	0.3277126998122817	0.2659811063209907
PTPN1	0.9201072126115565	0.42499109737651697	0.5790007255713585	1.2764823673366489e-20	0.5960110076806306
HNRNPF	0.7958582251974305	0.35567278481422315	0.6136832561748717	0.054753050001504336	0.42984447241943874
SRGAP2	0.4043926580534866	0.07288400266019712	0.9975422189740321	0.6295163196088843	0.49104267707630134
USP8	0.8777043936140473	0.22189536054948253	1.0373775328489359	0.295658028580685	0.162387216025928
RANGAP1	0.37292902386544413	1.1329066362949598e-20	1.2332496939619302	0.5314238582854747	0.4876011104202053
GFPT1	0.5598459525469888	0.4415154641035171	0.671208420349865	0.0633804479303873	0.47241518385775055
COPE	0.5567378338890951	0.4591574533274927	0.9613238156136859	0.8156291505994324	0.32955182634288116
ANAPC13	0.632574637711456	0.05803128382254443	0.6012110069853716	0.1676738289621637	0.7712037807626805
STK11	0.5729890962228108	0.33349554675501397	0.999095288018197	0.4499021901926162	0.14333280278077107
SMARCA4	0.8149208021020912	0.5853125159119736	0.32795297459113243	0.11287901539572669	0.6910045077625713
IPMK	0.325670206607846	0.42918235913182307	0.34591848111146334	0.7813351311608769	0.6711453531111891
ANAPC15	0.5057115461182281	0.46731885905292536	0.37026476191840496	0.36645460076498565	0.4426392013187328
BIRC2	1.119469923845392	0.5744873292988404	0.38425849459447936	0.6737056807718907	2.4539077175184232e-20
RBM10	0.7346941085662723	0.5587204870230594	0.8339866212029966	0.22231007687153778	0.41811943034940485
ANKRD35	0.5367612963151913	0.008051395326992008	0.9605130236398502	0.5122272924639509	0.46438408592371655
MTFP1	0.366081622379549	0.6475331317925676	0.6045449711385822	0.44751258613523665	0.4469086858515108
DHX15	0.7125677918532157	0.14193705414690636	0.897256326204087	0.4408934855061566	0.263903593924954
SPTSSA	0.47073618809724727	0.12893810247851262	0.9417584423624629	0.1537388627760266	0.35282401932363194
UBE4B	0.15742742531480378	0.5642372838678039	0.6057146099607061	0.5304580971300427	0.24794119402901021
SMARCD3	0.32589135631531674	0.07614701970193104	1.0930841841118712	0.7172065835628318	0.5429434582846523
CCDC114	0.7264821785612167	0.6223283001169561	0.8284928361366412	0.44786062778388486	0.2680466898107044
SHOC2	0.31685957777972906	0.31816883988697314	0.5233604317421254	0.24666440754761274	0.8108118008404952
CUL2	0.49460353602545437	0.35516070736265765	0.6211638504321353	0.5135391805404441	0.5650910480648019
PGM3	0.10871232540416371	0.44574195463005367	0.8407306762671981	0.23827081648874637	0.542153332861249
TAMM41	0.22701604916356638	0.26621455502734787	1.1033311405602282	0.08390158768410554	0.5442446925419154
ACTR5	0.3682222610452461	0.5725667024903497	1.1153563913974036	0.26818940895062676	0.38150748275085317
DNAJC9	0.3707996635559251	0.4879394335198426	0.9040614531622087	0.4309204996368024	0.6886911499623917
GET4	0.7873830138607998	0.1767604811879976	0.9204866573917153	0.7482122586641822	0.08281570091437775
ROMO1	0.1868489425157527	0.06816586918621104	1.2560994171263804	0.6166192961470757	0.4747978132473069
SOHLH1	0.024324497311216598	0.5361696298571658	1.0498162459088778	0.29185774853321816	0.39622332204537314
EMC8	0.5217704422567686	0.2722932350713759	0.27317659198882643	0.3904543711114362	0.3044088467035972
RNASEH2C	0.47540635582729873	0.22017701731526382	0.7842338533865475	0.10133107567827937	0.518244448176091
PHB	0.3574786336874274	0.08024881481090762	0.9742118776130461	0.4764074459369374	0.4296577617676036
CHTF8	0.32102175562817553	0.6009196179084988	0.861647366242517	0.15939048051839788	0.5827143358377366
SLC35A2	0.4258918346351586	0.6562445187337673	0.9335716121006269	0.03871701716969375	0.3661198728464311
PPP4C	0.45059143730720747	0.08653495354891767	1.1178867135976018	0.12157720942028027	0.8170508183739859
RTTN	0.3657202432826378	0.03414482721627863	0.818388252793454	0.5352288772697311	0.8692443912775187
IARS	0.44929365665334364	0.4656371993826354	1.0683033124274566	0.3142772942333042	0.32513841686162076
GNB1L	0.07461494203916222	0.7068704609162587	1.062126202122306	0.4500755525362486	0.3995803593271339
MRPS34	0.1310671589129736	0.2318479664415876	1.247083520753393	0.21553424707774926	0.3846237000695902
CPSF1	0.6650980455458035	0.2464650219399201	1.0579486547903563	0.09598392172169809	0.4249311792799062
EXOSC2	0.5847010979353987	0.26504143851598105	0.8841302287466366	0.14617295806259298	0.38665120047045637
EMC4	0.47479423776206003	0.5778393213038043	0.34729282091619645	0.3321701851858653	0.30514966917805153
TMEM165	0.8838734327720167	0.4460502808433188	1.4225382855693018	1.3399553140518068e-06	0.040769917781335235
VPS25	0.2565061478624139	0.6188837912533404	1.0046362123853956	0.0873130206036378	0.2603881389636218
RBBP4	0.4643967873037296	0.42889073446613957	1.0105277703449917	0.021896052489399714	0.46648626709008634
MRPL38	0.13077943407287543	9.945543291871476e-21	1.1411472441680157	0.5537253884176903	0.5164595875068505
ETNK1	0.04289051289260746	0.6813097856964365	0.35034185033238757	0.7535607186704977	0.5954884705224893
CCZ1	0.683179488079823	0.42812167033584797	0.3852211240071465	0.46428955942533356	0.34889485225879063
TIMM50	0.104713444114783	0.4889104767349384	1.2464990623793666	0.19287929731034956	0.7238642289253652
NMNAT1	0.762376678781825	0.5504643246276982	0.2582914620068266	0.8703893023181454	0.5021505738766598
ADAR	0.5873952898782439	0.7650706525686931	0.3733837100407314	0.5504129950047675	0.4169770943723421
SMC6	0.26448495145979456	0.30702438697212203	0.7421777462466583	0.43560949526889026	0.41701024792353997
PPCS	0.19579633769551197	0.594335687583598	0.6518279582710004	0.4959450193535068	0.2366237074889797
WNT3	0.6910336226307975	0.5093446794596526	0.7621812387713538	0.37473002092377194	0.49491513569176887
ACACA	0.12088837774354153	0.22534039159127894	1.0457154089774474	0.2813328033504896	0.5968575338717416
SOD2	0.5103270112525036	0.37320594131868345	1.1560534326184608	0.32188664051668386	0.22558787628482
NARS2	0.4858990724777329	0.1634317463915111	0.9549835518994864	0.16599275048947798	0.5197606237459701
COX7C	0.33107526847252794	0.6646960856746745	0.7415260428924381	0.14673536145038937	0.5391179992223919
ATG5	0.15176690009899022	0.11542446724390612	3.692554238911331e-19	0.8868904286846864	0.41111208817684386
ATG9A	0.3604406150860089	0.41805313006829414	0.36287897428217836	1.1080647939499157	1.7285765952487752e-19
CD274	0.5985446929547991	0.3391268025159952	0.35483411980505686	0.4000780966015061	0.7440453165200259
HIRA	0.9724634174165232	0.12516959384533485	0.36060340257298085	0.2669047298098722	0.8494933859480762
MRPS9	0.05143600490057896	0.016853734410178876	1.341710189554916	0.6864041803057056	0.8499906849735582
MAP2K3	0.43594894541951296	0.20822002100073694	0.12809325091718313	0.5591979310077942	0.8137488951330695
WIPI2	0.5566349656918947	0.4168204865717362	4.731698918428449e-17	0.752343477715526	0.4608111763747587
VPS18	0.17670321023520885	0.20292715284415414	0.9732193962869192	0.32243923977328903	0.6204831756301243
HM13	0.5671788330707228	0.5335465087916254	0.22402684863239244	0.5398049172326107	0.4567106233575278
PEX3	0.46909793944026973	0.4202663899559798	0.6631572332189376	0.6269226271927983	0.5360613137345915
LRP10	0.5187747840696435	0.5299206826147467	0.39259526255641347	0.8437870239289875	0.09463576514017394
USP9X	0.9255965297131906	0.5595949276536258	0.36773973369301555	0.5015669582506672	0.3107003544924378
NDUFA11	0.5600361047931987	0.16894376016872872	1.3946803966560541	0.25847042383577234	0.33991482043289745
NDUFB8	0.48693639862192073	0.43484361438945013	1.1042824076713422	0.3962353334802781	0.23558595036479038
FURIN	0.8903241900948797	0.10909948724624896	0.5963701088758879	0.7421767954692655	0.4021672663850016
PCED1B	0.516620390951758	0.36232223194357965	3.479108766620058e-20	0.7029723267782996	0.7414514610565764
PRPF39	0.5171423194603864	0.7601033267647438	0.617319011469676	1.063619422625936	0.09759995901963921
SHFM1	0.1883113052779158	0.5691576608359901	1.6850335618935635	0.015298374301799119	0.3734720836005811
IRF1	0.8077156315987964	0.6965934873335436	0.6656327295391606	0.5246140990808165	0.4630786470683522
SMG7	0.44129085191461065	0.9377042697658394	0.977823260503263	0.15373976845230117	0.4727506065509394
PTPN11	0.45075777724010946	0.12231833214388908	0.7565676639314959	0.3396518883666976	0.6989616463860011
CCNE1	0.7587277203406604	0.5685030181828228	0.42582592763316107	0.7283905318093503	0.11087140027537801
MED14	0.8484022392728054	0.6287062946051345	0.3912060528539022	0.12540403504216732	0.632566205774567
MTA2	0.8014815490480305	0.5837089407954957	0.2079063619182598	0.6924712640527096	0.33634375049552795
MED26	0.5282909980705351	0.32123870870547744	0.3699857738389917	0.7488988721406391	0.5400128793134061
NDUFB11	0.30927296127508674	0.26323345353103367	1.2240281050912034	0.3521190932198691	0.6838699464807755
ZNRD1	0.6087286083702864	0.045862000323689124	1.0996272749385427	0.5399542146340907	0.4850365670268502
UBE2G1	0.4694613800308019	0.37255207908760024	0.7166213345753316	0.8288418584237554	0.1281616664911371
INO80	1.0978050756761626	0.19913939037849668	1.0531763519198516	0.23535973261188356	0.5095911879028441
MED20	0.6759114731910506	0.6224857098951322	0.8388079087146852	0.13316658821014174	0.3619482405333966
CCNC	0.7402644591568136	0.3071323712059516	0.8441077594682593	0.24928489410749627	0.45450118414721996
USP7	0.6996286731464115	0.41210249978817626	0.664510664683508	0.22684258072413643	0.7278617177784881
KCMF1	0.3020198130617908	0.5007270514893359	0.8429880875458159	0.7715770512470409	0.574163996505417
DSCC1	0.8917884326396923	0.5897822004085466	0.5285848321644201	0.44183441189729744	0.32173044194658706
CHAF1A	0.23473657992830763	0.4607423858805328	0.7924768303823019	0.7366139838399883	0.15191382063405207
LEMD2	0.44791419497723267	0.5092795849202089	1.0610012496634464	0.06485443502761452	0.3405708164850967
RPAP2	0.46320892451276674	0.25020403477013137	0.9145903097740312	0.5929132004420621	0.49919098627155545
HNRNPAB	0.2362512643202168	0.5160950533062026	0.8843735221315714	0.48427473442514213	0.8940500248528146
CDK8	0.5274731590911307	0.4134762564785547	0.9386493931600327	0.09063290889800855	0.6412578698529552
FBXO28	0.32773233600881607	0.5865804956531991	0.7512488499140326	0.7673986394210754	0.343882002285699
PARP9	0.543028057080533	0.5187114926333237	0.39496918110372975	0.6945369875238097	0.42484174999070384
ZC3H3	0.8953543478710949	0.1828553630608729	0.7040995665039561	0.37471275064780074	0.35863402314131276
DPH5	0.6761682790038711	0.1607120987618743	1.2705572969095187	0.030600610345827686	0.535524736327474
ORC5	0.8472407956003744	0.32010768164025133	1.111399475916376	0.39620637818429844	0.3336263591196569
ELAVL1	0.5938276531914903	0.4186337007630797	1.0816136835907733	0.7465228485646869	0.1651137098894448
CCDC115	0.5037944973889655	0.6698139592423	0.7602426282334873	0.5002777520840995	0.30256684087460917
SLTM	0.49985878369537107	0.508081264362487	1.244123145620808	0.7460158762781272	0.37671881351476516
CHP1	0.7174285487104339	0.25449102825645387	0.16068279064097035	0.5025014278046587	0.766968480505312
DCP1A	0.9332401938336211	0.8123066338970639	0.42118381743438754	0.46172661991929387	0.3853485598571964
NSFL1C	0.2287767437272105	0.16322472185808726	0.46485654806878035	0.7009614164245408	0.742937645319556
ZC3HC1	0.5884764951274293	0.4522175271757368	0.20440314015119776	0.607360203327567	0.25644244453925313
NGLY1	0.6882339713025943	0.8282962218121239	0.3098469649943136	0.18644647171158535	0.7972044698973744
CHTF18	0.5226986645159349	0.42288570960933336	1.2124413244095418	0.14416508250346177	0.3606022149084664
PDCD10	0.5045147573966341	0.6796804251439774	0.34734835629080957	0.441890158996453	0.8617753292565173
ETS1	0.1458638658083766	0.4420182055626178	0.6490521266412481	0.5526665959052286	0.5745566100760019
VPS29	0.5326051522212812	0.6734544339210855	0.6244905772080278	0.3597145000022581	0.5807094192958788
AARS	0.4630960889107797	0.3377539570515306	0.8915713829709958	0.49563094158408727	0.6718125068049408
RQCD1	0.4593572184469271	0.6963719929048339	0.7471375045153683	0.16569143506952294	0.30461809555450475
ARID4A	0.6117373672399902	0.08518319439191976	0.7243798892472102	0.7212990592023185	0.3323533310315892
INTS10	0.4760373783373794	0.4997633273998733	0.3358893549709644	0.7251378469300686	0.6240917661541739
UFL1	0.8996305514507829	0.518144177155112	0.4940718510649761	0.542219439253599	0.46931714328589785
XPO7	0.17593254157628152	0.4403794723434653	0.6448082897359304	0.992164508002967	0.5628238473383623
PTK2	0.20698400220396004	0.4145032810777754	0.5552697479814702	0.6501496501525138	0.6027384257082451
YIPF5	0.6887355119437994	0.8420072205850784	0.706137907237868	0.3128987648679037	0.5191655257740166
NSD1	0.5373728842522323	0.8306916483225231	1.0102513757857028	0.2274687818558736	0.40194644493342907
HNRNPR	0.9343917976372536	0.04224300580070352	0.8206262003634194	0.7458257312040695	0.8227028990234827
RIC1	0.3494173152323671	0.15530222997083534	0.6272614295027704	0.0719110037716313	0.6645792649622776
N6AMT1	0.4034306117178685	0.4020151156660055	0.7738527363490109	0.39856857380553684	0.6265925493494342
ISCA2	1.5602904782409986e-20	0.2717522208718093	1.0562316627429238	0.5624504127971037	0.702025395771771
BCOR	0.5858687143833494	0.2283021044371075	0.5730688538532384	0.11774438504415785	0.5251956895434363
ATXN2L	0.36616128137034504	0.397082414281847	0.9157996233632371	0.37237676506708006	0.6739429035347403
ASB3	0.7024530733777989	0.7061704136886713	0.6087571456661448	0.24396495200191015	0.16255098973466256
PIGU	0.28897961823183244	0.564019253168291	0.2534298928186279	0.7738124327514233	0.392305954433352
PARS2	0.4454371282439566	0.3947299750502734	1.178871845015755	0.397437137945985	0.3205606720013577
HSPH1	0.8030141353623181	0.4143647255690958	0.48353208829165123	0.8655893815284976	0.3576236757093015
SLC35A3	0.6449480394047388	0.4627562526539982	0.35631633519181194	0.3540926974412085	0.642117150246073
TBC1D22A	0.23218536459691247	0.57718513432619	0.6497673784867283	0.35771654532108976	0.6496139289184886
RNF4	0.9317777994457251	0.3951431140001178	0.42240579134226386	0.5278867138219543	0.6523944188254676
TDP1	0.6923914622803903	0.5007977873839993	0.8498280586570345	0.6567425871722175	0.10200248017578083
CDIPT	0.34418019304586006	0.25065017903413706	1.2628229700309097	5.588840241835124e-19	0.5110356214346576
PIGB	0.7689219562613205	0.6487104023637245	0.18035415091503834	0.5359530401437654	0.5321057481421615
SHARPIN	0.6122691412363979	0.5254156614780442	0.3198315666792639	0.500612287449458	0.5380082674836726
PQBP1	0.4434772479574434	0.26196077292482794	0.34771337384981554	0.8572009134217362	0.7797014288513072
R3HCC1L	0.8289135013327067	0.7339456054527034	0.4589825468213043	0.6852799567050175	0.6927029652314223
PRPF6	0.4692964999244623	0.36761891397282703	0.753579299039349	0.5426293162758088	0.5128060027797977
CAND1	0.8905810076565138	0.34821222415746794	0.7486617203698737	0.14547597616904268	0.7171126242763068
KHNYN	0.7110710292502216	0.5941986709340235	0.4487745507172904	0.523392079492291	0.7392579166178456
MED19	0.8129388311046988	0.47319433957370943	0.74078172533623	0.05108686021836877	0.6764580658102619
UNC50	0.8818318095137506	0.5861313514406477	0.919719684729337	0.5895582397291412	0.07328804286122886
ZC3HAV1	0.3917633475797874	0.6532542258348983	1.1193650132014383e-19	0.6053333237103014	0.7447899678804644
RAI14	0.26819036777035493	0.38876235969717915	0.4906524118995371	0.18937691870290327	0.9242376163885925
PCGF1	0.6146509318066475	0.5048306473005976	0.7298422751486875	2.4337812022664153e-17	0.5947186364866701
TMEM117	1.821604247962116e-20	0.3673394735496547	0.9806944293516642	0.8724205616536028	0.5053005738569356
PIGW	0.7894902294122377	0.48471806710620097	0.05899526139159759	0.7202529687308644	0.7470202670693723
TCEB2	0.42275848005256855	0.4212991677303222	0.653904082939171	0.5067763438712198	0.6176314079017361
CHMP5	0.8166073261066419	0.26627356719536094	0.17658683099360253	0.407947693940324	0.6711773301159047
TSR2	0.5082464667801049	0.15151244681661238	0.8814760750434335	0.4307705930698446	0.5064375395879224
URB2	0.5719199234970342	0.596808533319197	1.1524410734226949	0.028246467702574437	0.5819012034177756
LMNA	0.1222901792786267	0.15430233790353978	1.20059013421542	0.8341599547207417	0.23567593974097334
PAN2	0.602516709798621	0.5488452779789463	0.662897334053921	0.20877006873536916	0.6259128971100798
DARS	0.49375852544980975	0.37949653306346587	1.326530704387548	0.5227184539124882	0.3511109621649351
STARD7	0.9758582139089113	4.3452950342951266e-18	0.33912525904398944	0.647323580089793	0.8715311678031379
ZC3H18	0.3149149606017566	0.44151314742521663	0.9775429478497605	0.12096814047302307	0.5078202496261989
KLHDC7B	0.008600874506861873	0.7045255939056498	0.6801547792432134	0.5142365195664952	0.7248232245612836
TRNAU1AP	0.6963275083606423	0.6820791249981702	0.5137620246986488	0.5048567868228111	0.43129502324303615
RBSN	0.9946912873022962	0.46332185562514583	0.81336109264795	0.5408128816845074	0.03291367614779554
EIF2B5	0.8415918557954226	0.3260020186156	0.929863089171598	0.511305567070151	0.5360850525023134
PRRC2C	0.7301440275117411	0.6437651537827548	0.3819308059030856	0.7196807168591883	0.6977564149028778
MYL6	0.6068427138677126	0.37975412623527083	0.6244932981008751	0.7073203321441986	0.4645365990193101
PDS5A	0.8814469903400035	0.04693576327579217	0.6683096230336636	0.7426258413984074	0.06064566553671533
TUBB2A	0.3547019577193813	0.579691450103894	1.2397596618571107	0.29630563602399845	0.22450905113679398
SMC5	0.05162665040075729	0.43395060818555536	0.7778378306615055	0.5984051515720812	0.5999226298458392
CEBPG	0.6106994157698942	0.3511935912553827	0.38226156091349345	0.5638736357295747	0.7357003583953753
GAS2L2	0.8256215848014654	0.29671679466733747	1.2972804906076696	0.07560877483228831	0.3680850221101476
LSM11	0.4240719289542169	0.36626009896371825	0.9309621237496487	0.024365427313815708	0.8532344534613743
ORC3	0.40581744447489865	0.4546688632373318	0.7284933627935661	0.2293633708247615	0.7716590558761763
SRP72	0.4339447226969627	0.30457666428178964	0.605826015575064	0.22543056026384256	0.9101139464056055
TOR2A	0.9235798508136414	0.23479772161399573	0.8111184598744983	0.5047802764702143	0.5747359094455116
MRPL50	0.403435867285832	0.3425153972016915	1.1307130127167906	0.3147772720498106	0.5817238552769948
MINOS1	1.2857017089612245e-18	0.13960841614561587	0.7011982854464927	0.7533454989437232	0.7254926611317648
GLP1R	0.16898688507264747	0.6129093677869518	1.1515001304720727	0.45798531724915154	0.7564515179708521
TFRC	0.476356886850738	0.2951996291268214	0.7851404277842223	0.6504377965211614	0.6338804970490756
INPP5K	0.5084173573810636	0.31754014383039725	1.0439257663206767	0.5808930008765807	0.49124757207384334
FAM50A	0.40973397953814783	0.349604827404322	1.057348319128643	0.3157836808224295	0.5493771467044931
FBXL18	0.7408182338021352	0.4330817704461488	0.5713757734730343	0.7120389642438256	0.5341009988460739
PSENEN	0.5588539833047945	0.42145810894193664	0.3759611083558832	0.3696451262654038	0.6131265048915567
SMARCB1	0.1794789595810529	0.4545950672881701	0.7721633647464391	0.6291669619238088	1.011010498346329
USP18	0.7925763216130285	0.4696461732580447	4.008742002649379e-18	0.30294964728576296	0.8641881515189123
FECH	0.5683477333843149	0.665325435527309	0.5489568463015349	0.20900976343195707	0.3796416652348331
VTI1B	0.23490897381983203	0.5759688802852503	1.023335511793663	0.4901009783653596	0.49058674005724756
SDHA	0.0968836422364867	0.2668495049165791	1.3548693227120976	0.684686194806774	0.47239439570552116
DDI2	0.47094617000331207	0.5367117965945053	0.7161982795855777	0.6946607539056099	0.5012537746262478
TUBGCP4	0.4642221197835648	0.21191311611645258	1.3737619437304458	0.018419106021023535	0.40960279790948273
CLUH	0.6317090145804178	0.587310791624758	0.8569721002577944	0.26781428482963315	0.25580906538317977
EID2	0.2449563915275143	0.6404408041299807	0.8358414765056433	0.497352977942813	0.49898096455063257
COX4I1	1.1434904689265796e-16	0.6937524224387164	1.157581496743117	0.5156241412696363	0.5508698365708932
PRPF40A	0.6084467922102277	0.4581259396660576	0.31592977280094237	0.4188412847289075	0.778526112515135
RPN2	0.43898052881069993	0.7000288533572046	0.9266910593214454	0.711610535884846	0.4199702547248904
MDH2	0.8452392023907218	0.2002884581170874	1.0027319520717815	0.3891187218891823	0.3449658839069429
EWSR1	0.8458094043555311	0.5953473720241022	0.4858458192746067	0.5560433828467352	0.4992960027168821
KEAP1	0.41271432764235755	0.42502017205481074	0.8164584997867358	0.08030622449289825	1.009484357203744
GPATCH8	0.7038930587195007	0.6421012078855463	0.7837954086535511	0.7438985103398319	7.115041164809386e-20
WDR7	0.16938123406238795	0.11317272377457885	0.9459738586479082	0.5174900544946378	0.551923324774605
RPIA	0.11914534485726128	0.7547536188868053	1.1226710212093542	0.12098586396626415	0.5852522158207555
OCRL	0.5987604143912328	0.41863158098827374	0.7725550397666507	0.8344551790009563	0.39386239487205366
SEH1L	0.2866148125062781	0.710464014712768	1.6592622821212846	0.0830109770252045	0.5607894915667307
AZI2	0.18290572993417994	0.2310972973099865	0.5299192042470156	0.7875144361125581	0.0691286582086586
PIGS	0.317167585518034	0.42110681878835715	0.3017182872471512	0.8371559434984545	0.592290870908345
PGLYRP1	0.31332396492402276	0.28202732064595654	0.8141801271287549	0.5556837418113891	0.38453068886452035
PISD	0.5926529111350617	0.25521352773034084	1.0448688125053411	0.36628861092635623	0.4732818462616674
HDAC1	0.32735786914142323	0.6118244134042661	0.049889493820372194	0.6947696517470101	0.7820097084445095
NADK	0.27101816382710403	0.3694420683605411	0.0884728030479969	0.7329065510510075	0.5814765675762652
METTL3	0.4630580760969314	0.4990575387521278	0.8061658900196471	0.022201446216940632	0.8999672315020076
LSM10	0.7059332486480026	0.2549632799399443	1.0193782722386249	0.0410882776955445	0.5013502083274239
MTA1	0.6185418719774317	0.5240481732820418	0.7403048372635074	0.34776881927047343	0.12027109781414226
METAP1	0.2801227801128262	0.37761880814506066	0.9561899749115136	0.5619456698431666	0.30116354833139675
DPH7	0.431040123537999	0.05859159465249464	1.306124685253143	0.7234350900970851	0.41786943931389275
GNL2	0.5123077602102676	0.06610688030054684	0.960066293184859	0.7974617940295355	0.42686457703693753
COPA	0.7097680559702216	0.3358361596894523	0.9030549773890654	0.6727061917578746	0.3099534427429658
PUM1	0.7834551720853602	0.4652052112321463	0.3534775204798234	0.6529448852749091	0.1710954043507388
PDCD6IP	0.370808230319586	0.19515532780382627	0.16331268292325787	0.725111813748442	0.7129311979719818
CALHM1	0.024840294560358248	0.16353788364338523	1.0469728880336608	0.6302587403847268	1.0000775502182015
RBMS1	0.44246940694025017	0.08391489241866576	0.2630626751876162	0.8269683906315197	0.986898735929204
COA7	1.9939404393524024e-20	0.23438276344352643	0.978479750792338	0.6929725076565503	0.50826310477126
MRPL15	0.09449573383358471	0.10662333612009411	1.0339824757456235	0.7962804519679506	0.4673608157558556
BRAT1	0.593850068228183	0.5826469547724742	0.3963167510832432	0.5764767419654822	0.3809944185176836
SACM1L	0.559755622345365	0.39990442441100277	0.7314595270416538	0.4665985782026168	0.5452195585982847
SLC25A22	0.6724002885898831	0.2749348409099132	0.36619231755961484	0.43279209250242145	0.24854983561714422
ATMIN	1.0343836093340966	0.6724397652195293	0.8135189333632042	0.45184387936094694	0.21174947467167388
TBX1	0.863087516555933	0.14580050317454218	0.6650215839923358	0.28208685275429984	0.5780274470551537
ILK	0.8105804845387204	0.4939977450179358	0.8344947857648124	0.7569623347328092	8.489132182238979e-17
LIPT1	0.5138298255645256	0.23746910966566576	0.9794215938929083	0.6149139752353487	0.6973972364531917
ATP1B3	0.04276689901275603	0.6500936281748311	1.0905820655438567	0.2980028451221313	0.383383393116804
DPH6	0.13270559031942164	0.3814767111396873	1.276520628127236	0.347737081717942	0.3201580024761632
AHCY	0.5053707913370723	0.5790609196610182	0.8741511239157991	0.4188001148368734	0.39791392206953113
VMP1	0.25160920765569655	0.675610863208343	0.9076186202910498	0.3139488435640741	0.6454201295597932
TMEM259	0.4890818959352616	0.5211533631413561	0.9361656699452197	0.4243189971349717	0.710934253581679
PPP2R4	0.21971920621018914	0.09708198329139854	1.2647142451882794	0.5527997758588401	0.4738052291124896
TSC1	0.7301296743038463	0.41493194559935287	1.405387610199124	0.09947695041377373	0.009681003881254398
COG4	0.30603963751563906	0.3020904238972398	0.9226700473546827	0.32859710991804053	0.2661663557857208
URM1	3.027267395197184e-20	0.30224713343532583	1.2005108600688965	0.17523380501491487	0.8257637299751798
LIPT2	0.4011003286508135	0.47267157035062723	0.7173226666648463	0.3020217146665395	0.5393432207613215
NOA1	0.6083769649252614	0.46436649386395784	1.0017484368720944	0.4718498281434567	0.5851081066372761
POLD1	0.7838176430606784	0.4072955439804455	0.7593407454813274	0.37712885402729107	0.2987906974545882
MTX1	0.2379525160027296	0.27972071020196687	1.065069785225777	0.4595367006216642	0.6824787893121739
ATPAF2	0.35678276442446305	0.244713262855516	1.3168818553074557	0.07207662698601032	0.7160421765365086
DAP	0.5199496847548647	0.46181050460613304	0.9514450266683564	0.29390096141549443	0.665249549099566
TERT	0.6519613220137643	0.5972874558650861	0.9228282366367659	0.3833828584554968	0.4660091313691848
PCNP	0.1078107077387505	0.5288269574273285	0.708043216777238	0.36351961578729725	0.8844194552283903
YAP1	0.49882081018234375	0.28444524297776397	0.2704085748855845	0.6585164635907702	0.7776480806227388
CDC20	0.8348831239462242	0.28899118571744575	0.6200213423988272	0.4900904687146171	0.18171692335580764
THTPA	0.3332305472036455	0.29047762873292093	0.7501311784817721	0.03828616640473816	0.9412988889858279
RPS28	0.7737237614243537	0.29605169211151117	0.8557816139594722	0.718116188339072	0.3824962313430454
DOLK	0.349375683108391	0.30520366916700076	1.253986475607814	0.22096598760467726	0.4248682062151726
C1QL2	0.2965928706158194	0.3096406226130424	1.0107776694255879	0.7213696567269381	0.33763029535198025
B4GALT5	0.8826329347282749	0.26121111471054076	1.2526559310763878	0.21847280173120853	0.4611804968173225
VRK1	0.10903525115322382	0.48070176154704863	1.1519213968188153	0.5041854025188216	0.42655151645824646
GFM1	6.000017400163775e-20	0.5538750845527584	0.9908598666139592	0.580003680263962	0.4513992048444444
SIRT7	8.351526442224877e-15	0.36424583805111094	0.8525495677510913	0.3302948218650968	1.1006383849911008
IL18RAP	0.0970561385127936	0.3333126650769967	0.7206252101227028	0.7226126645244104	0.5088680860839786
RAD51D	0.2930721675059973	0.40563856366374096	1.2825882018684114	7.977524691513165e-14	0.5582586717881531
PPP2R1A	0.23556811081834927	0.7629777092514477	1.133430990989723	0.1452152642294969	0.5119009597471258
PHF23	0.34233708797805823	0.6513222183390188	0.423448056632611	0.27227687431483344	0.5023288817467335
TPSG1	0.6186005249377041	0.7747503237406673	1.3733360645628547	0.3666514222324433	0.38876644514240044
BABAM1	0.30663112536980636	0.26598908693077433	0.611939051659536	0.4704908835673587	0.508138590059041
KLF3	0.7092444936383986	0.13893312407548067	0.5001218883015588	0.38224355010197436	0.36541622261109047
NIPA2	0.043819547155688664	0.7830177242028933	0.8202616208623692	0.8249074706635655	0.362901453957925
AURKB	0.4948062874912812	0.08795550153578884	0.8750912904137885	0.40733401824248505	0.4660884519925827
PSEN1	0.2737690481928594	0.020429619821975015	0.45507591696565364	0.945269544055482	0.7735591095483632
RMND5A	0.5016127849553473	0.5238645438907905	0.9717043693614661	0.3562665751978434	0.07456176500119549
WWTR1	0.45081001823845757	0.6891661426222568	0.4675386224768471	0.7357354704107271	0.1694468529592815
SPRR2F	0.6595903494102494	0.5521406639998534	0.8985545250405863	0.6643769444543409	0.19242604035904057
NFRKB	1.072018649211692	0.21707629606274345	0.5851720811646948	0.16074382695100656	0.6703935159605513
CBR3	0.1554135829042909	0.43920979444319774	0.9245291661043656	0.7034271534435463	0.7859705130005277
EFNB1	0.4699629715645832	2.1308305854458692e-20	1.0475920648069046	0.7084778886950376	0.6884088534853992
RAB35	0.7238974130865218	0.37759744162615005	0.8260501925112144	0.4542245375622866	0.6578688060021054
PIK3C3	5.581206929364894e-20	0.7010393029688976	0.4256912624148693	0.38385630526916287	0.9209120416482787
ASNA1	0.5745625654729573	0.636291443417435	0.775117845724714	0.4337476214144563	0.43889489563165895
WDR45	5.989394800221013e-19	0.5765153576384386	0.9156825215071691	0.47970494470587866	0.6386883253235106
PPP1R14A	0.49816214832807254	0.21118310331854287	0.8570701147164412	0.515101259105393	0.037290913825285606
PPP1R2	0.22550263966889525	0.6113247515893505	0.507826085323973	0.4847324540870235	0.8495739907409124
SERBP1	0.588237724446036	0.5970732704810414	1.3122390765424534	0.16774214958205722	0.7008610045510597
SLC4A7	0.9361496792091605	0.2394783135332104	0.5621034612823785	0.790982502014497	0.43558000945219666
PAX3	0.5948192482153679	0.5377010379076667	0.5575932830858642	0.6408456488654339	0.6509738410519835
DIS3	0.823038712247965	0.26021424946377536	0.819177612775446	0.15587070154766464	0.5782831354286022
PRRC2A	0.43194102360289177	0.28001907951573574	1.2498985148621509	0.26458904300507163	0.25349571630760387
ATP13A1	0.44217162243402036	0.6283206401848203	0.2270230415468802	0.6821349834306365	0.463694712887158
PIGX	0.19873282132792422	0.47885504849558413	0.1815611637565319	0.8299965202840759	0.8100410634502327
COL6A6	0.7365289922368214	0.5577776635767637	1.0124001966929763	0.49989785600295206	0.5073125204576674
CDS2	0.711536116207731	0.1791745051226822	1.2081546419742981	0.1623657721721634	0.2518297418879465
PRRC2B	1.1441284963631455e-19	0.4771455179392237	0.8681910291847273	0.5289189267748088	0.6532746725262237
PIAS1	0.333549191626285	0.6678595988598198	0.8933189216280748	0.6393297845472211	0.38215068183958617
EXOSC5	0.714853000776131	0.062050016681524316	1.0895135536237517	0.09795594758601694	0.6784481101830224
SLC25A29	0.7829732392839993	0.3711599605103408	1.1691946165822427	0.5353665380500408	7.012263821259608e-08
RNF114	0.8728439725615789	0.5604482719745152	0.8896496838464669	0.48366381740289793	0.04240002795359423
RPE	0.4073849310828589	0.17936948141700867	1.295107090729323	0.7566079544438125	0.1348967871076526
UXT	0.553102649671703	0.16359414186617807	1.0009785136366978	0.2585721476589265	0.37846222160717136
SYNPO	0.3508482388211288	0.507224422275982	0.8985369890861985	0.48974599510550565	0.43840405037054275
NUDC	0.2913521715409874	0.08877716540154978	1.0176158614804598	0.44462512503557405	0.6433440136238329
RNASEH2A	0.19759497225393233	0.38107935994367304	0.8971075280034305	0.07974466244600309	0.4969456204526061
MRPL47	0.7259292647707517	0.060058134523472674	1.375404307280132	0.16488165039228347	0.5806527347457526
DUSP23	0.20571868489230505	0.5107256123013609	0.8745968566866618	0.31624748020010807	0.7552647566210134
PLEKHA5	0.5181918126785113	0.4783337241208244	0.7373245534255195	0.5803764988783702	0.48438320383288835
MESDC1	0.7481443081120612	0.5281013618628481	0.7662752176269283	0.6009738164276078	0.33814143086978404
D2HGDH	0.6498088580448854	0.3107995150048299	1.1027788924475124	0.23665438542401465	0.3727975306765953
OGT	0.48479182475412014	0.15990910495064362	0.6644449434484262	0.41131661777070727	0.7029195867410821
DIDO1	0.24052326327045825	0.6747917740007257	0.5111224929232641	0.5871377943171461	0.9005768610844579
SDHB	0.8219736389268701	0.4032983572002276	0.8464609131832076	0.44733415884248956	0.3181908098856038
CHMP4C	0.9269839591905582	0.668655072639913	1.093287128646966	0.09573372151301593	0.537686469505801
NT5C	0.6476144880565962	0.7691044191547444	0.9812198700957517	0.36380048437591506	0.4136630706252994
RASAL1	0.12376971332116554	0.5431080890497596	0.9671930322969736	0.5606440119013121	0.8322685261002685
LRP12	0.4726348848214984	0.4362002584153436	0.8040875328177817	0.3575995838147633	0.8016022449847691
INTS8	0.848871293856649	0.3729952845663374	1.0179857609372975	0.6740291934950685	0.3526641989686405
RNF168	0.3904418021846838	0.6046410226386078	0.9442318468410256	0.4226859350746451	0.07326744224832626
ATP2B1	0.6710323890872515	0.1933702959876635	1.052486672983014	0.34971372869869294	0.7133563007391966
ARIH1	0.2560339464548068	0.26074562390548417	0.7839439802870333	0.3971719784898885	0.590396681648091
RRM2B	0.3585611612925249	0.47534500125449275	0.7479644299370808	0.7082053837137626	0.4405830261558492
TAF6L	0.3601106658524321	0.46130323722753674	0.9643490604676324	0.09510110079693278	0.8235201058838354
RPF2	0.631056146342138	0.3577912947287965	0.9318044224637605	0.6164999468465023	0.41101328871655207
TFAP2A	0.3865635827927929	0.29977558724945275	1.3885966237927416	0.6194814908666941	0.22581674682357458
BDP1	0.9000121043649312	3.6835816156993184e-20	1.0453852691932957	0.7769269272486964	0.5111918663294271
GNAL	0.6973634708149719	0.2234580488725936	0.9620513513350863	0.7314592996424857	0.193772374588247
RAD51C	1.2901204216604195e-08	0.2164418809372181	1.1099453156600194	0.31277694173618414	0.8066367968319034
SIN3A	0.44451216410446054	0.4223208043902384	0.28721358993558976	0.8159108591597588	0.8249379008976808
COG2	0.048196943016407846	0.6595107427033737	0.7142265688437193	0.5294673400231894	0.7466482871427736
TSPO	0.728776964300862	0.41624078355251626	0.5432521760957054	0.6785275184154187	0.4907135543481985
RNF32	0.21869409082313998	0.5995596502570721	0.7352218492242516	0.3677022648313083	0.7544036569528854
RPAP1	0.7989688065905802	0.2336230155352981	1.090884860720608	0.4281995720966093	0.28995400051499504
TAF1C	0.4011299594411957	0.24542797243081166	1.2375474886552162	0.21033053969679422	0.5273607093550314
KLF11	0.07886658866016817	0.47980965954392607	0.9768206438909652	0.2769407670144944	0.5758270068448466
RAF1	0.5828962409622302	0.5053767514295874	0.4403905376037395	0.16865723076262698	0.9041523406791984
EAPP	0.4810428627229709	0.12008493466606414	1.1518423205808743	0.5493238403179604	0.34677302608212035
NAA15	0.4815529306790225	2.5027446705435554e-19	1.0070233782834455	0.08349896569367402	0.9354717862693966
ACTA2	0.4682418822913311	0.42805106082412553	0.9337567679555244	0.07385537051924199	0.6069095959683393
METTL1	0.07630474901890603	0.07393876775503376	0.6614906722493634	0.7286775124046833	1.2925064564793494
BCL2	0.442435037687397	0.4033035018599173	0.7670492571404958	0.6993595897089537	0.4089123852609257
DAXX	0.3206761030425817	0.6810112977792587	0.9855844062186893	0.4058226460187072	0.4752823853135274
FANCF	0.780462002386669	0.43472981859269993	1.1408540222293777	0.1666603902344061	0.16609558158040608
LMF1	0.4667520259450827	0.35502449823110677	1.1490687979367251	0.5963928530734869	0.8156643279459278
TUBGCP2	0.5489954246782327	0.07802123361388241	0.9216930104717689	0.16605465688301146	0.7157533014540264
EFCAB12	0.7597386836346616	0.5562378368377415	0.4624072867012801	0.26842391581039754	0.49827863709402376
NCAPH2	0.4919237403321601	0.7936445982877475	1.0395617698305226	0.06589549436482921	0.3056316450434231
PITPNB	0.6279364825085847	0.30248963851544564	1.1945046792158673	0.5840619845040006	0.26759630544678953
CKAP2	0.4160742420012629	0.3076235332375405	0.9151246437417099	0.7549054035124534	0.03702800555122925
DFFA	0.1163542335734285	0.23856254410407354	0.9770192148299526	0.9684139064959076	0.7485123586889092
CSNK2B	0.5702881452213444	0.5113768356057553	1.1556338282618446	0.08909443233182722	0.42892843697881783
VGF	0.23653850686888706	0.21914472196862902	1.2799169162542394	0.5485849768077291	0.4256984832419478
FAM43B	0.5898010055337427	0.5579425405298042	0.6239638241096211	0.6751387604610761	0.5357119203689256
RAC3	0.4929284207794274	0.5096035698269143	0.7859197260215416	0.26950250999185704	0.28718680288382226
TFDP1	0.6556660902738858	0.5149056905600993	1.030085083555988	0.06539425632465802	0.38421965006189823
NAA16	0.8013432035730178	0.4094216303237471	0.6336346704398631	0.4590644524538621	0.5933047051623889
MIDN	0.7088734129933933	0.5116344980230504	1.250236463453196	0.09409762118752449	0.10505288559520726
TICRR	0.5264129885411316	0.5216702670834229	0.5931660761768808	0.8822162654981177	0.31196832908301936
PQLC3	0.12335633831531753	0.14142301219525819	1.083767265141427	0.7705537650982687	0.8573247205229789
MAD2L2	0.5799781123404038	0.5002236870546717	0.9414430491715583	0.3168894479543139	0.41026044387265875
CXXC1	0.2878846510055774	0.48455605011700303	0.9296066904824963	0.785394719431173	0.05215527789806966
BYSL	0.6969330631791535	0.493665081020768	0.9080978029344008	0.5116582037115123	0.49363046002969596
NLN	0.45473487006285995	0.05205818722049933	0.9884305584845037	0.443234171020917	0.51621585430241
ICA1L	0.23494295331160975	0.2070272403599555	0.790287707467251	0.6180878898574467	0.44127154816597225
CCDC47	0.6348071467022521	0.16523239396531414	0.8848181936029037	0.2825165064296118	0.3431191576278743
CYBRD1	0.500416579324294	0.13092117498914696	1.147764731040353	0.37471836786134516	0.26139159722677413
MEDAG	0.4807056763662945	0.19780090201247205	1.2091090011319343	0.7895257096174079	0.09087907989342955
PIGT	0.22917116320034647	0.2748138338863969	0.3183774854403482	0.6416218025466148	0.9413764425661095
SRM	0.7336512511498109	0.4207305953196925	0.1017309348934325	0.6364753436998764	0.8470748965085938
PAX5	0.10475099367915143	0.5321272019342013	1.1278542714181206	0.635773467869953	0.45118350764012405
KIF18B	0.7292802681027192	0.6520350648932308	1.0931517411528502	0.7124862392128405	0.12862056246977702
HSPA4	0.19687007251323965	0.5527229286921185	0.6483684695389568	0.6797710735293964	0.3516125108647232
LELP1	0.20304061234879153	0.1823623824512344	1.0272129563841084	0.5565849570477337	0.9374843202004989
EIF5	0.7994104556118439	0.34066840679103455	1.2065035885110018	0.0801005220244574	0.6406284297923357
GNE	0.8252922247390039	0.6469499482165706	0.8119379608128879	5.595841061721479e-20	0.5755154052727074
EMC7	0.6287060832913975	0.4383218977516205	0.6906412277383532	0.7873142028967188	0.25114435046770534
CLTA	0.7416282809833894	0.48712142593585395	0.626088508792439	0.08843490327902548	0.3820678555275206
CACNG7	0.4059805616714878	0.28475427113935925	0.92064029383619	0.41924297791749293	0.7040597656086317
RPS20	0.7177992797008729	0.11490502039970196	0.6598278401312281	0.4753845070658758	0.6880337164052988
RAD9A	0.0847484274630813	0.22078272299744192	0.8034463215773803	0.5788238968706911	0.5655617707611613
WDR82	0.8099197894811351	0.19158792693764018	0.8435122564265927	0.7272885972100154	0.15255842342372355
CDK7	0.4079327677688419	0.27729365993721317	1.049522270417811	0.2700135006605346	0.5390352134297872
SCO2	0.16077632749831083	0.335806558809772	0.6183655824396574	0.6993878381090995	0.5988050782000136
GEMIN5	0.5876744581898611	0.10971137118133308	0.6776345601183329	0.47982485991373536	0.611949943315548
VMA21	0.7626631112637954	0.4807509972491732	0.770252191803252	0.061763716660033885	0.33969761100224216
NUTF2	0.7783347042257817	0.22852569295650332	0.7113056912083386	0.36064486869283224	0.326360537602524
