row_id	C0	C1	C2	C3	C4	C5	C6	C7
TBK1	0.03655819366159362	3.7812352477229374e-20	0.08794708435818138	0.7634258043837351	1.2122108601950483	0.03345099729045986	0.6769692608576392	0.8541697230449057
AGO2	0.19168258000472224	0.18593699238295933	0.3432066514451503	0.8770419058241484	1.2122839945653072	0.07719114214934676	0.12119559518877605	0.21360889905117703
ATG10	1.3434785942825985e-19	0.024744021509265402	0.097343108511272	0.38111375532513125	0.6237366493228322	0.9110535342370911	0.0803459989052981	0.6466534598207816
RNF31	0.04405301104057187	0.2150149328579416	0.2752888435164288	0.33671105796958417	0.5374688462102307	2.3455444392311618e-20	0.37175914425087314	0.7707349810437656
UBE2N	2.2159272158807522e-20	0.572490612809391	0.5666531629062849	0.0979486761999104	0.29656446341626524	0.33046542508612897	0.2181507413955524	0.2072769244538037
CHMP3	5.26858144194331e-20	0.45373737333288566	0.7173518740048009	0.402818933610248	0.6456894038216633	0.3740100484275937	0.3804460151611957	0.10804644783680376
TRAF2	0.30878832173627097	0.7541078211021202	1.4185960794594217e-20	0.8908395439157308	0.5307558535169619	0.10575695823470958	0.08427524466444189	0.5317961784160118
SCAF4	0.15011537246939952	0.5729261302661875	0.10282290510498457	0.1817553358203852	0.6329053418089242	0.7195883320399493	0.20970037861678373	0.5792272785054896
STUB1	0.1972876854187467	0.7429967518706709	0.3777849330927268	0.8296896441870452	6.421030132666744e-12	0.24460724911377194	0.5468644325105135	0.08751537668006311
BCL2L1	0.3060983069608507	0.013466854766507648	3.858912583684432e-20	1.1408393006614692	0.5621947725992691	0.7030712910620239	0.32460927580936066	0.2754147904791179
PSMG1	0.09063992668689122	0.38168014353272617	0.5431171054870993	0.6677846470446477	0.8447362295477591	0.07699060487591002	0.4569760616991165	0.6755790403721832
EPG5	9.864436952989256e-20	2.6215835957501962e-20	0.4903829996202965	0.28804050514479645	1.2129600337606958	0.30365418908027425	0.3303491156912603	0.8941741036208842
ITGB5	5.285381150128623e-20	0.5448051795464276	0.7000500361160988	0.9391786239735469	0.616460808439031	5.0597792888359424e-18	0.16244003821417596	0.7190113333395833
DICER1	0.4448385738267256	0.27255985877466865	0.205586253770037	0.5671901843286847	3.846687633227393e-20	0.5038462405838736	0.5118619105750872	0.1268580730430575
MCL1	0.43374026860411113	0.029921814360287326	0.23797141893210125	0.25791541719111905	1.0935915872034399	0.675442937490599	0.6569317329095412	0.8379058136199365
XYLT2	0.6006971202886631	2.6730900901592437e-20	0.6528343013074822	0.3390365324957265	0.12335596839514353	0.362827979344503	0.9904143267204847	0.9722530027098235
IPPK	2.6979491179244437e-20	0.6892565466285641	0.4964723637058212	0.08301394532189928	0.38182607502337496	0.4530861375015918	0.5819482422335616	0.5634835150090557
PCBP2	0.46990148447055446	0.0630864500476643	0.10823470420399466	0.4219686822473576	0.3515589408242283	1.0327746967052567	0.30380802927085804	0.3032067965325128
PTPN2	3.694852146627455e-20	0.4824394731030111	0.023450558827199226	0.7483917183370908	0.6493229237751887	0.5315505343035032	0.26459285745978245	1.2786347470636022e-20
VPS13A	0.27477841981046486	5.590097631054093e-20	2.266159568850632e-20	0.9477522023947276	0.46186746154047525	0.797287512088764	0.8684565459202506	0.554426685902491
FITM2	2.944003840599559e-20	0.06598981017140698	0.4729488698953883	0.19654830378015253	0.40769293526446715	0.3156136776978613	0.7602010858289248	0.9024778269152783
IKBKG	0.3909210106725362	0.8187736233772366	2.3055604136005067e-20	0.6819123415858122	0.40551149870802705	0.08578438166499892	0.5545772433330542	0.5034470772643146
RBCK1	2.764483815742715e-20	0.4922160442144165	0.5634092821013361	0.5900567940156441	0.03178822471913335	3.3676109146725974e-20	0.2536711007144269	0.8064380324283396
CFLAR	2.927348245372884e-20	0.23794545200137676	0.11323796587083475	0.7382705851257709	0.5647141751087784	0.11336851907576283	0.6601617362633239	0.7518684488957708
EMC3	0.28968054136667204	0.2057137263647525	4.2541544626900723e-19	0.6845074191496276	0.7538778614555975	0.27759719718931203	0.4552701304801575	0.6260355706747038
SETD1A	4.902760112299367e-18	0.69740294505935	0.36428671226885656	0.5138410938451093	1.0796807064275054	0.5400225513569804	0.021684136324727116	0.39006974827621926
OTULIN	0.2414375266060168	0.6344569559953657	1.5504711629399417e-19	0.6595642721026007	0.312253651484353	0.48369922889488437	0.06522935479419538	0.5310671719234794
CHIC2	4.794401790578842e-20	0.38029157262845553	0.21869123457570597	0.3733353231967638	0.70363859982475	0.8576971003778322	0.29725871690257405	0.5162126452951441
TCEB1	0.3469203992069744	0.2534374832920086	0.29947732743223965	0.8880482296767788	0.6708449304588114	0.3832507018452293	0.26219661140161993	0.4030950384169043
RGP1	4.4339302189216454e-20	0.587449613076118	0.6923270602093055	0.6033016790411623	2.9578502529745926e-17	0.8515357754774154	0.6283888993630519	0.36282277781626715
TAB2	0.030346237742141804	0.48020029131778263	0.27201850526709614	1.176617060756176	0.46402403558775224	0.0339941679943891	0.43419730280547025	0.6341459108536579
TMEM208	0.5282595082674022	0.4095298140207099	4.785557612818614e-20	0.3787878691449155	0.5472284495522186	0.20873392157792217	0.6447549211979017	0.23588306683517374
IST1	2.3258586793655767e-20	0.31342228232070624	0.45837008067178914	0.7965479274650462	0.7510060994283736	0.06650308606465608	0.6648694694753544	0.4278472975266288
BAP1	3.8488642694330973e-20	0.35997783350687806	1.391895161463565	0.25428540223590146	0.07368092286641559	0.7180048793282946	0.24248645635994148	0.012499974955804743
UGP2	0.17861065899610404	0.3515909721668644	0.42494235048910317	0.38499010215947643	1.1309940114296027	0.31100680442591266	0.8678146322715532	0.3492074860638811
EMC6	0.5839950533434674	0.3722068667640499	8.148913785359217e-20	0.421680971272288	0.9773545912763488	0.028655299038684703	0.34819004509628354	0.6484084014100833
NCSTN	0.25641739686031584	0.5314009323743584	7.58794285278438e-20	0.10436104105951259	0.6059897248030532	0.953067347104042	0.6920657243810386	0.8901373919363601
UBE2M	0.9392911171737376	0.34494168406386894	0.28901382910022083	0.9623282119727673	0.5157536142576745	0.3180784342026597	0.5331039718135147	0.07847404018562168
KDSR	0.9494291217167378	0.8285521164664453	4.1824887250497885e-09	0.620874898830549	1.2210462618705098	0.5566435651761173	6.38709854222951e-20	3.8462149015861166e-20
BIRC5	0.5978738523479703	0.40291162907871064	0.6886010374697819	0.6855663556539431	3.381074727679479e-20	0.6091378672860458	0.5276744908057224	0.23790061021694575
VPS4B	3.1304826764178773e-20	0.295158101513745	0.35478515931272786	0.34427650872502275	0.6918611842043925	0.255381112565716	0.5800217390767161	0.6704387751377192
POLR1E	0.6492585382077278	0.11162162611631869	0.43848483721484544	0.547012102739026	0.8831271412905507	0.6364971026677644	0.2594600163145819	0.238648546165097
NPM1	0.8698556098534239	0.2652433460598179	0.05925068513074917	0.3626697444875594	4.339387278894205e-19	0.587482663760354	0.623213332511036	0.6297064727378887
BARD1	0.4852720617491916	0.2513024118023439	0.879685747274522	0.17711665323929002	0.1442027318083355	0.6013796734335222	0.6496393442905375	0.08904530500108
GPATCH1	0.32159716959587936	9.588607377626744e-20	1.3583473352182927	0.7258997495710204	0.15308403565960205	1.5371570029128003e-19	0.722452397716702	0.3055252896013734
L3MBTL2	0.8531178938552733	0.4883738972834329	0.16162521973266247	0.3714170595999506	0.9665438317471989	0.07067790096846224	0.51121722215771	0.5454326766452107
TFB2M	0.7459182106471098	0.5506934103052871	0.7617186955797755	0.32347205884341446	5.925869273877475e-20	0.503337221542681	0.20268351950342436	0.07558794657341476
GP1BB	0.9503214150757386	4.230238694327794e-15	0.0701677594827826	0.2352669965068195	0.555145007229374	0.9894852686717781	0.987058591528743	0.5542583178828823
MRE11A	0.3037754359375278	8.502098643424002e-05	1.2809999998649955	0.23202668882512936	1.106012266375213	0.15579139218493088	0.8369307269516102	0.07320442474795465
CENPO	0.2252710621188502	6.928283506189793e-20	0.5813368598817278	0.7557203239564579	0.48961163629741444	0.6226797105635021	0.1576608398468269	0.3152994010901955
CMAS	0.8158540188794222	0.08278805239889385	0.003439748731685148	0.5013298395392416	0.7650521443787915	0.09029191381809865	0.7406354265021262	0.06900998902143991
MAPKAPK2	0.750809247145076	0.21260953197715418	0.0001653707767517276	0.8538738138674905	0.34181456075846156	0.9345810511454407	0.13535739536306912	0.2287967668497748
SART3	4.586114980219616e-05	0.5009459296856287	1.1500837463697644	0.9453237830431497	2.6984458841644757e-19	0.5011953631916702	0.7627715759384212	0.5006915515545106
KLF5	0.6031130058782693	0.7246898665469798	2.1977467978125786e-16	0.9353973679579468	0.6778622354863294	0.08252409372922265	0.6157060618720004	0.79092463163669
MRPL12	0.6315832715514887	0.5213940186260735	0.7663903363842643	0.5573785270965924	1.1694069817790144e-10	0.41012440546092965	0.11933758831174954	0.32293180345833034
MAP3K7	0.037352742945375855	0.46762121406255625	0.5261096571501291	0.910268172181002	0.4663359406162804	1.5997059435494232e-20	0.7015711943647844	0.7352831664915317
UXS1	0.5932003405582141	0.5325865847680163	3.253885490755338e-20	0.7903619888902405	0.5105287253629754	0.5722945678467964	0.6170592303587463	0.02641060455371885
NAA35	0.7807736497341432	0.188222521277533	0.9377382610414705	2.149781939834623e-20	0.5128474823796647	0.35028823065250164	0.36696877986213167	0.2552911840484697
RAB5C	0.017074881726677135	0.6167555831377193	0.5623048444468272	0.6524342991189007	0.2341776318851152	6.280599251236256e-12	0.5158107266963963	0.5740914450620052
MRPS15	0.9176065534061678	0.4143702620835574	0.694859396087514	0.5122263728373717	3.118994819722738e-20	0.5478750740401562	0.538096333811209	0.6059351710053218
TSG101	1.0479090772120054	0.3621174434092471	0.43014549969511545	0.3244907091524962	0.8768494714092184	0.03220269948436254	0.16429816375648987	0.20063252469368495
ATG12	0.20358455379819532	0.5558137969967789	1.2077128989257118e-20	0.6599100353706078	0.8234732060257491	0.4432808201650063	0.38622122598919856	0.5571657627580534
ATG3	1.0071065273867656e-10	0.19879106945447833	6.432948263370794e-14	0.1952817500267974	0.7119818477467099	0.7980375674480931	0.5220571936148536	0.717370444244451
ATG101	0.057934125335898895	0.38999685917403343	1.5967684472041502e-20	0.6458916216385986	0.7348656470180315	0.852548373845378	0.2586455520118672	0.44199891655283335
PSMB8	0.3361883178964676	0.42018348235662234	0.05402110061592554	0.41416703685829415	0.9732556737370052	0.9633527014717067	0.6283185708130079	0.7814144788420757
SOCS1	1.9173374273608776e-20	0.5640923359045446	0.11889063119816301	0.7539756886114355	0.3281069527825639	0.5170363418338491	0.30703680564701297	0.557539745568203
VDAC2	2.856672376627194e-20	0.45408992801883374	0.05413581559355009	0.6264607513843018	0.6146870408664599	0.34034992445217477	0.5097263250494648	0.8469120293041411
JMJD6	0.3120434706677967	0.2991196246844574	4.0772637166059487e-20	1.0439064568548206	0.6527619494498366	0.5343309027493537	0.5235863542319376	0.7426061149498508
EI24	6.997311406452226e-19	0.07646265751931026	0.3844605204063162	0.1896910417155215	0.6350501044586416	0.8620345241326598	0.43666224310301477	0.5642618110876553
MED24	0.6037208686327258	0.1988725716418231	2.855950329793769e-20	0.3475261320546878	0.1952201386235885	0.2868778617886899	0.48540180625268486	0.9323420530550549
SAMD4A	0.39625633548035766	0.4086955219120672	0.3785804500905605	0.612378958759894	0.5231106216863937	0.9603845973705781	0.7664263275766638	0.20964647140734266
TMEM127	1.9839532380942443e-16	0.4280339556552584	0.1261200006553799	0.5310304434469068	0.7606011694642131	0.6138649931053309	0.43967244949491807	0.22748821901565092
KDM5C	0.7730059023522107	0.04336899203627415	1.3866501405205393e-19	1.136254621258466	1.2644238606155622	0.4803938333025788	0.7876328865958658	0.19917820103828135
GLRX3	0.8068404624116932	0.18162169532779082	0.13497350591895052	0.32446534379339254	0.7548268685938572	0.3545554344425939	0.6252668265306673	0.47749289703665176
TNFAIP3	0.12048378766011723	0.45256191648841493	2.389223812516176e-20	0.91877129988389	0.6243874143213807	0.5173830947348531	0.6431646313612005	0.7049249283141414
SRCAP	0.20488718877512785	0.34969732229901124	1.316261715325086	0.7840539500966784	0.6063836746047434	2.063162591965122e-18	0.21995700696608284	0.04523411122514835
PCBP1	0.17474400532969372	0.47270175216263116	0.3657226918727608	0.6543868729689236	0.4799639485042163	0.6844021090635545	0.5003974000238035	0.11839343263506535
MED16	0.8132107647512519	0.16029249450874897	2.4470014506557043e-20	0.6264987863754639	0.5013664608919077	0.6814169152088861	0.4465605043224343	0.7154115721862576
SETDB1	1.2436264774706749e-19	0.7742595830460669	0.6361120942391396	0.10122732183547589	0.8915249589396228	0.655428687112505	0.5773759212464924	0.5010531401270957
RB1CC1	0.17503698618879235	0.2941352172241037	4.309513785042152e-20	0.7834477589996041	0.7578813806122041	0.7142835839165858	0.2107470797419551	0.6207952214395716
PSMB4	0.6114230236140697	0.15780112328334045	0.37045017060790164	0.8699342819764417	0.5829409319805187	0.23591581208008439	0.5819021649164455	0.438987605085268
DNTTIP1	0.352643572052212	0.6322432434806049	0.01147824257528214	0.8055932557407599	0.4549124768525975	0.5152647109801017	0.4309294504911354	0.833286010490137
HUWE1	0.2942748719987035	0.5814465068105685	0.968505883195018	1.1620509678083115	0.7599704101802965	7.306577336939035e-11	0.3151435960384946	0.4366657838957014
PRPF3	0.650863285249376	0.41303332615139765	3.0790463180802673e-16	0.903437624646243	0.5635930371005101	0.3721885687047921	0.37655222421154483	0.7895599924587049
BECN1	0.04433123083958776	0.6428066713787037	0.4041357587289783	0.989118354458346	0.17825440201716616	0.8132168757011692	0.2105715063860821	0.32587768457379396
TNIP1	0.719201848172355	0.05699231541832823	6.554326912019214e-20	0.7800187080523607	0.6854129868244638	0.603954895768696	0.7416734213937899	0.5080646734795583
RPL28	0.7386212529294411	0.4723042004762866	0.34448332708699003	0.44948081310785626	0.09452929503686638	0.8315952894805644	0.7682945940674178	1.779435185580957e-20
TAB1	0.47080271634708415	0.4524943771470593	2.1691757360328713e-20	1.037684995498097	8.199801616158798e-14	0.9052669093884743	0.11951639709881556	0.38868130459648276
PEX12	0.08742738412554626	0.22733102627730575	0.4809777998494585	0.7590353990522921	0.6569571540159765	1.0168710945686468	0.39392884889355945	0.3977443899021293
ZC3H13	0.742930426504256	0.44129397107878515	0.17815523532758476	0.8923034529355733	0.5273906695584597	0.5552883306528851	0.3208780616203029	0.0644063678655156
ATP6V0A1	0.38817943122703125	0.6503825942013101	0.6742714011573223	0.5091158383154166	0.3618687285195306	0.21489175457184967	0.5024475134176846	0.4564933826942403
YEATS4	0.5752073484262357	0.49621634082192384	1.027964691360018	0.8060617747281816	0.5600703253418826	0.251825583881855	0.7609641168932867	0.13530971679329296
GRB2	0.41830751628409973	0.07622200240667905	0.29400040575855263	0.3330166620914731	1.2452684668590834	0.6507459955208141	0.6580294764445699	0.3731581760232862
INTS3	0.5730515097314798	0.5327743307620559	0.06690893853180446	0.5691937691473252	0.4764740478876173	0.5274072388656249	0.5197974938867235	0.5910888426182377
MBTPS1	1.1488408154427934	0.24220623484958564	0.13606481643634213	0.6324580843670764	0.39731396062322893	0.6237652451546224	0.5643885204204625	0.4603732920157313
HAUS4	0.5572017550275022	0.65051968319813	1.021144620247647	0.3974400673920876	0.022397263176830485	0.7155635541738439	0.8099475466338534	0.45681876911298736
CSNK1A1	0.7376813450230928	0.9127829266527081	0.7181601341726344	0.5994829171599005	2.734167567286858e-19	0.4051644878578617	0.3261562996113057	0.11110943381572515
IGBP1	0.05934571041571759	0.33167835850806004	1.0045288902480904	0.5665105023261711	0.19051216263782964	0.44381660942956724	0.1483163965395269	0.5915231318499844
MED9	0.6209944149907868	0.2675687941790561	0.300054701794772	0.6358567829801023	0.9180214394393478	0.40306601180841706	0.40439135697315925	0.39914626930833563
UBR4	0.6513600460315428	0.7081526056606752	0.296747448320625	0.5968995854365786	0.5938245621547665	0.3426649536689394	0.5302788085563747	0.18194229459620556
YBEY	1.2606327778794668	0.1723225899299199	0.09130907780948454	0.6176509683546237	0.29584220284361135	0.44975991996850423	0.014497343027277485	0.4457629851317515
RFC2	0.9409578092357898	0.45420201263144266	0.2524896634612435	0.6567201026418341	0.4027655435767488	0.46238166541236975	0.289593345591079	0.3632180090858508
DUSP11	0.7303433941868774	0.46486722905014916	0.10985882015979073	0.5521668797344549	1.5137515103378757e-19	1.1588289469650463	0.3349523257356956	0.6108855131844307
TADA1	1.1049710380332183	0.5394210820081604	2.0039365272846257e-19	0.46888085298967525	1.329171225397218e-19	1.1451841308139823	0.4753266248258937	0.15391397095372547
TRAPPC1	1.2366881432136503	1.0405011894464335	0.32598216301283134	0.5418659752240266	0.11194512984623972	0.394282513641254	0.17058961926692645	0.18775181256210194
PTAR1	0.002079338873200122	0.7207547139296554	1.040316608078928	0.7729061900722098	0.11635232228130973	3.8305265054455587e-20	0.2435117897931785	0.6260589994096822
CANX	0.7253516864112659	0.3378497387483938	0.27771391791822203	0.3522371318630902	0.5459077007660939	0.7066258153281867	0.05756952910953768	0.580922845938261
PIGK	3.136142851631795e-20	0.4582555518810292	0.60222190417752	0.12354549835891179	0.5213286280792507	0.7860833242104351	0.3568889925303878	0.9418614805976396
MAPK1	0.7759814765960479	0.5030047198942527	3.224839403447832e-20	0.5953383096179887	4.500258875281677e-11	0.774530097819847	0.3215876120720876	0.2967357572630521
SLC10A7	0.18590639015527596	0.6180170066904966	0.8416783342827169	0.12710944259123155	0.35768147245715987	1.0189467917864867	0.45998035313338603	0.407367195214899
TPR	4.056920088219324e-10	0.6341028046009659	0.41220043227229386	0.729954683829012	0.35513873815022445	0.26362448218551027	0.7678230973182096	0.3989931300161813
PTPN1	4.6719298172976155e-20	0.5190867199497032	0.7152785115424897	0.9367072678608486	0.5847243555226278	0.6121204090926413	0.5414513692740616	1.2952306503992987e-20
HNRNPF	0.9181663624773326	0.5757429395544887	3.099109846816741e-19	0.6681978175306458	0.6125256112994346	0.4014649778693226	0.43915834980319046	0.02800889441954268
SRGAP2	0.710947815928203	0.4093525897064658	0.8409307783104198	0.5245893012650913	0.3679161503267495	0.3344679324222108	0.08285865606999214	0.5512230268433195
USP8	0.7604813272948733	0.42615757206948157	0.7559435171030362	0.9067658777322596	0.31614833803742143	0.01984770867563212	0.29330098870006005	0.29557530897151035
RANGAP1	1.1558085518865333	0.14013048832372155	0.6585822869496661	0.4480166267096162	0.38675473934942384	0.4787130633886947	1.4751983855467343e-20	0.545853364683953
GFPT1	0.6857449854368189	0.04235022985403223	0.2883398934468452	0.8075511099293258	0.35156096588907804	0.6119049226758073	0.5748199798929017	0.07490034232968856
COPE	0.820150480130155	0.26784919283375536	0.6403411452323591	0.7473285429015736	0.6197635091485186	0.32411450109788886	0.5082114420699057	0.8568360720989247
ANAPC13	0.22550204990765843	0.6464751316750785	0.6017313254991236	0.7505193283952621	0.19681048445459848	0.829405200461944	0.019570364035214255	0.14302849723709937
STK11	0.4360144517482791	0.17344952965061747	0.7677235782430707	0.6051611271546709	1.1992703340531536	3.1250784589725716e-20	0.26691000261850156	0.34026278323344644
SMARCA4	0.24686358411346263	0.05592681404185303	0.26864709875567316	1.0900468819376898	0.9105617977388978	0.8344579818406893	0.6582780918012918	0.1020976226020362
IPMK	9.832140713724379e-20	0.2763140124713828	0.6039921889967127	0.45182268670115244	0.7507483687083658	0.7751724715355959	0.42904812694359384	0.8136129396741629
ANAPC15	0.20930592818072985	0.6676779118201277	0.4402190101757381	0.6205429234042463	1.3345868387961327e-19	0.5162205895938862	0.4961591376266814	0.43121023042941414
BIRC2	0.6071082964600527	0.742370214800744	4.167217753620505e-09	1.1022599872396102	0.8267362418428066	4.226455777800611e-16	0.5394230826278126	0.7189628542417656
RBM10	0.7093290001272724	1.1481413177338737	0.5311400203599789	0.8174515608136411	1.0514859516069091e-19	0.3289934265107737	0.4934964039928196	0.2370517709045948
ANKRD35	0.3712574048099419	0.2583473551290959	0.9373256548461644	0.8200575924643506	0.27210957841684186	0.39803810362860226	6.321360200005893e-20	0.5284882662532939
MTFP1	0.43421466042250667	0.1042726772382158	0.5117671273642651	0.5704905792664717	0.18598110155866923	0.6353369714520528	0.9255450599642572	0.5315025932067934
DHX15	0.9202320014491205	0.510056155992785	0.4733778642007918	0.6615978344385399	0.12681887210462175	0.23866879709155034	0.20205055375715222	0.5115318368966268
SPTSSA	1.3724225069058529	0.049148287797693424	0.006497095727953257	0.57140943049288	0.43566857345579574	0.39737399894097103	0.17184944216432899	0.13951935883544125
UBE4B	0.12800945782011974	0.36523315696486847	0.7638417198369306	0.1702703646496116	0.40962712294712916	0.10971606594558035	0.6903470155693155	0.5702035958673513
SMARCD3	1.062984264339358	1.9157083417415897e-19	0.5167036971596112	0.39938780660952183	0.9749101367099047	0.47069391375662956	0.08896990520012447	0.6931490049229432
CCDC114	0.5617258480389407	0.10744009041379746	0.6938734943961833	1.0760899159585213	0.3405708524472661	0.26019604277857733	0.8017858390626083	0.5450281950894368
SHOC2	0.6079508694906604	0.686406353971509	0.23547514599233976	0.3406194286893345	0.1660722102308265	0.8758267693460957	0.3754650786153418	0.2681182597520313
CUL2	0.41135007316184163	0.48457550806819416	0.5559504329077584	0.47880929011192447	0.5366456308090056	0.5769788770966917	0.4027852585197988	0.5365746281697683
PGM3	0.8577078491754544	0.7176343465605636	0.44025926347933125	0.025735011351102694	0.25135396802672816	0.3028748650863062	0.5251477412685464	0.24112669622920027
TAMM41	0.5175208376509446	0.16960459473904982	0.9425504612416719	0.27287668146573985	0.30378380402595045	0.5329235031790778	0.3371640673149907	0.08782894325338717
ACTR5	0.2101751212040592	0.08008450931479211	1.1422011497125988	0.4776683524673767	1.1698982389551502	0.11409411116355854	0.5844576838849178	0.2540807211999531
DNAJC9	0.506465840024304	0.2881340951690167	0.9860202175190697	0.5176799720651886	2.80244473075043e-20	0.8006135533344357	0.6788890479882798	0.4796028009469476
GET4	0.8784705921927004	0.7116644109569097	0.5318519406580957	0.7523857695256663	0.04967591629611107	2.438976695777355e-19	0.2570903648410986	0.857450147457401
ROMO1	1.1185432689400014	0.2957537294892174	0.7432861233767627	0.1642185150181631	0.28006435602259094	0.3855139141978019	0.08732838303530283	0.6817517564320507
SOHLH1	0.6818613203050845	0.577230641553102	0.7824593538103994	0.0479060574311615	0.3692574205995673	0.1765318423354271	0.5066198060954866	0.2799838178615151
EMC8	0.49629277814674205	0.4719900344443449	3.770310167527726e-19	0.49261537607138084	0.43451357997116646	0.2935695437345351	0.2697724581859173	0.4458403429242857
RNASEH2C	0.5463785796274795	0.2897051024945026	0.5411959550913293	0.4809225712255275	0.4683839083905076	0.48291005240628054	0.26873873242322577	0.09295848374548643
PHB	0.4656116571520054	0.44078613336282124	0.92672398532651	0.39644939928419426	1.8414054343746333e-13	0.43827709865454423	0.059550200860741136	0.5558248340512514
CHTF8	0.9208227617599168	0.6984273190949557	0.4466134030907159	0.23714519236264206	0.638435412256641	0.29454896767987004	0.5822419805644662	0.15616852191916888
SLC35A2	0.8534308972031722	0.6534609920471042	0.4973917507705822	0.27331125284205887	0.41670777743585047	0.19744191689253207	0.804690150857302	0.0256189450867484
PPP4C	0.7640852376477956	0.8688552908137716	0.8357923084029285	0.48144048816524526	0.0360260645711003	0.6720132540251307	0.07406784128321639	0.07118501765776383
RTTN	0.993932926935002	0.5408628531912583	0.1824134233156392	0.40216886030251114	0.8976412445616051	0.7320211478857304	4.012939486005344e-19	0.4806516336035584
IARS	0.38207160647636784	0.4920285037411347	1.126154819450571	0.5194932219334751	1.4983965146921586e-10	0.19885828078454534	0.6370486718266232	0.3848372623056253
GNB1L	0.04474072461432431	0.12650561540576696	1.3531025687196836	0.15227601944000058	0.5648094327054496	0.33586713422422493	0.8485590963766417	0.48271695153835725
MRPS34	0.5450197635560157	0.16843400690326357	1.156389642473123	0.2026189375552268	7.816774497332596e-20	0.3266647636088075	0.33438028441945344	0.24848572929895993
CPSF1	0.5336121694477164	0.5412767988986825	0.947264705422035	0.7464709967210966	8.362512733953664e-20	0.4028974357897578	0.28757434861512093	0.09241664774514292
EXOSC2	0.5574234791171239	0.1966289978187363	0.715981231570736	0.7588016394478788	3.7837287615945e-15	0.49838931930679575	0.38793334738579033	0.16308351036056623
EMC4	0.5587115307968972	0.235082054578303	5.8550093058473e-13	0.5528683829453118	0.5689954501388498	0.3946856985541441	0.7070804245554809	0.36327643994886266
TMEM165	0.9186806689173731	0.6792513552934366	0.9019118522363667	0.901359977432465	0.007725049368485148	2.6284418570083398e-20	0.5420162571959969	4.5109675917043047e-20
VPS25	0.8417426946428035	0.3555029228721047	0.5550711132958194	0.21475474635774297	0.40670182219934925	0.13644478721666056	0.7392473966590019	0.0972120788378395
RBBP4	0.7881865927648007	0.5055321338986662	0.6799396632042365	0.4082572771234106	0.26049378861600836	0.35428944751737934	0.5401725651802192	0.010048050823471355
MRPL38	0.5461322765822774	0.2989569429431819	1.0761384274706818	0.16535064193355528	0.07541212680697006	0.4607533884740969	1.231010099415821e-20	0.624944387947004
ETNK1	0.23719633964558998	0.11866632092671865	0.44530060387178677	0.08175331961489249	0.6051963382931177	0.7543741104864868	0.823197752347782	0.859708778537351
CCZ1	0.6884121440026608	0.013083260946661885	6.721693285564721e-15	0.9515240843402645	0.27164519799763526	0.5964171833830321	0.5994820571772943	0.596405717645706
TIMM50	0.5741699796738935	0.927808527791988	1.2007891925836731	0.13881010088224446	0.002970606656592061	0.5508272012017257	0.4356718186048223	0.15491610412875487
NMNAT1	0.4405747155899684	0.00031719607940378965	0.16265630478386991	1.1252328546286818	0.8198987742918867	0.6918152812229031	0.6280051371025707	0.9718295410539259
ADAR	0.6077226434724435	0.8385738815427445	1.4221563342037882e-13	0.5751561548682891	0.3455748985021777	0.5101626897962817	0.912445005765224	0.6863530251998223
SMC6	0.4669710337958977	0.08366621340358617	0.6910778724275539	0.39960325123725243	4.921512831994206e-20	0.5439782891807678	0.4498874800678303	0.5337580436842569
PPCS	1.0296053901649667	0.4315963961880064	9.605513341511688e-11	0.011201441732723388	0.87461368191374	0.02285873244400124	0.6751535769481343	0.5350413978146407
WNT3	0.12624337986051334	1.0146203211531781	1.0274653446178958	0.7981369139912856	4.482805588981599e-20	0.36985748067598456	0.52630659757453	0.38438334136645286
ACACA	0.7784753326750484	0.352062611273923	0.705223342365757	0.1534001100356154	0.5348655403634819	0.43289579041349324	0.17445994668953066	0.24530193185840607
SOD2	1.0473684550456723	0.3076178551573085	0.5827363421642784	0.5314660460559595	0.3396144151144988	0.16112204398045865	0.4948980272306609	0.3544659908288209
NARS2	0.30844667291559685	0.44005858378719476	0.9778318775364491	0.5188276685133163	0.23577091010384987	0.44272749839108966	0.1865696956186908	0.17379017961151147
COX7C	0.48998231481492754	0.7079481864796434	0.5992106019505894	0.35918195006650794	0.2542210401462374	0.49375517770399646	0.7103933101151505	0.14552944931183057
ATG5	0.4132709938259747	0.3576547270763042	2.2142498293554888e-20	0.13861433229163164	0.3846743139999282	0.38693516240846365	0.10757809172151195	0.8651570918451588
ATG9A	0.6673179565995716	1.4466183730370186e-19	3.2120733877351205e-19	0.4695604717949685	0.8268478614319165	0.09515468135651005	0.5239404729951802	1.1225350838161952
CD274	2.8300487166870507e-20	0.7249877601114034	0.5404089359518656	0.6980851909994558	0.3531434690394706	0.8504057579351831	0.3858030272709518	0.34845927973668833
HIRA	0.5813884225360519	0.907108049099534	1.2370265573970495e-19	1.0802262335117623	0.623254653851147	0.8910832408140394	8.041026315939941e-17	0.20320762955334848
MRPS9	0.9408503431913653	0.5707626409348304	0.9756893031510115	0.0424371222271579	0.5678832431342745	0.5536654554843017	5.072584776759597e-20	0.6947244836531334
MAP2K3	0.354730600350517	0.2541003795459602	3.522286244728105e-20	0.5232275692630588	0.6783793562592247	1.0608335826216444	0.25768571263057083	0.5112841349664728
WIPI2	0.37025306579639444	0.5429468780264771	1.7625558860812142e-20	0.5627947621529316	0.2260738544666239	0.5716323860658811	0.498932007868883	0.8846688799180229
VPS18	0.4577833963723384	0.2931439721502369	0.8135566742742957	0.2121593559275161	0.5707129010360993	0.5794398343383843	0.20758203778797835	0.2798577345869906
HM13	0.46663426188502954	0.977497404998084	1.6017400928117427e-19	0.5062023389191778	0.5020960178318767	0.4311139462956568	0.4896623207294245	0.5525628840254598
PEX3	8.477828388028422e-20	0.7750440859880803	1.0260182806016787	0.5001755185301616	0.12366722618984234	0.522745755867222	0.4335778321480566	0.6977110398319333
LRP10	0.37904425080789883	0.051101606573627306	0.3044844063491763	0.6690599671586087	0.9927452827007136	0.13005193054119252	0.6229832494547779	0.7246388650118373
USP9X	0.5963934214594855	0.6964167762500509	6.550603721419587e-17	0.8162814485858426	0.7984043081799983	0.3457766160957881	0.6368151227221085	0.538308931804232
NDUFA11	1.3897063958009006	0.18487920957906162	0.6423315253861852	0.7686435506724208	2.924796723706901e-20	0.3336360422816257	0.24849106191601264	0.3084031242539468
NDUFB8	0.8759929349918448	0.11186283476926015	0.7067929537134894	0.7019177823661111	0.00424483227522602	0.3058460140763648	0.6513604968745909	0.5030653439855236
FURIN	0.7511968468323438	0.7691459612776056	0.2089371354314498	0.874008863162875	0.7286347840250704	0.31511214695720235	0.024243669657946002	0.7173608739852257
PCED1B	0.16396119634046738	0.3341128336340282	2.6906768458130383e-20	0.6152055350641388	0.7716215806539561	1.0204105158385226	0.43675067151307684	0.6552953447508552
PRPF39	0.5642209088689573	0.12752944450618903	0.38628495073201813	0.6627807448255074	1.248195097557289	0.1292172734389126	0.8785919978477147	0.9647424562466216
SHFM1	1.0230845528820054	0.22409710522348622	1.1931904396104807	0.21230027534727391	0.29983267553393106	0.2609020196402024	0.7007675272504515	0.028829463975757193
IRF1	0.019642421323804133	0.5914969983220123	0.8508129978715518	0.8875300297086568	0.8306670795084838	0.35844632111959773	0.929627958456443	0.5026388889650708
SMG7	0.4653429475245781	1.078276805350822	0.9801534970085254	0.32055560614818174	0.4978419353192942	0.21024103709577543	0.8494436553263591	0.1631009170484136
PTPN11	0.2604177425289589	0.39758293939665984	0.8767803852058399	0.5665144603317906	9.394765397173132e-20	0.8806466873553883	0.13988127651865429	0.3427610120656136
CCNE1	0.24900261074865304	0.3347831079166898	0.47860277966449244	0.8135704431158421	0.6135315677796097	0.1041767680958132	0.7576102927437994	0.753849024537576
MED14	0.7577889042081843	0.47295938459377174	5.931121126437741e-20	1.04129419355987	1.1951159738473335e-18	0.9899321106974398	0.8386641515917796	0.16482809167776763
MTA2	0.1324576135562934	0.1244704608978701	0.3440712554187402	1.2098048120604548	0.14905832693859353	0.6074029604581528	0.7771193370916737	0.8407862942790902
MED26	0.26450214876682787	0.02397986314312	0.35898657173438353	0.7693174660314065	0.7884809814615787	0.8083686765264565	0.41937625288774477	0.6274544446298732
NDUFB11	1.4303693372181798	0.6705801842434823	0.4760561018009055	0.30767026964559335	3.3148688778040144e-20	0.5988428980841455	0.37074026580161745	0.38813283785575947
ZNRD1	0.8392587607853129	0.1335012302723924	0.7060191309431879	0.7190948590325188	0.8198038003187047	0.43256889258527503	0.050619335077809954	0.45877212905816395
UBE2G1	0.1905512545276862	1.9606282911265688e-20	0.8115842742024714	0.7231746279159558	0.634380533231494	0.09182701464972132	0.49475876419468057	0.8482106324337236
INO80	0.5944009910379755	1.0032907697065578	0.9295075733776658	1.2123162097920424	0.25129719440270815	0.30384122245336964	0.13735169066076516	0.1679589913424549
MED20	1.2687237080092197	0.3923787492929897	8.155843383460951e-19	0.6914075201004629	0.36487700782807847	0.47542862635617056	0.8468719163172197	0.14640718375598902
CCNC	1.0888036455915344	0.9751476418696919	0.18791792320420955	0.8185923814654003	5.24649143161994e-20	0.4452611947454059	0.26265205858552876	0.2596246912944827
USP7	0.9361205806903921	0.5294607139870402	0.21231910813069363	0.7566044538381506	0.1831690943029968	0.9013820177812681	0.6022778607701612	0.2030783816666775
KCMF1	0.06671129402817152	0.7183503281947763	1.134520761893033	0.2740557219360722	0.9783116231171729	0.22186990388965092	0.46844694151675026	0.7444009219477453
DSCC1	0.300442802615249	0.6428900847471319	0.6133224442325265	0.9121600441503717	0.1419062762841023	0.3797601775195516	0.7494947152358015	0.5441442149847321
CHAF1A	0.5708843994822176	0.4936965800198833	0.7046562598809352	0.30862814885302425	0.1109175944923027	4.951514626358814e-10	0.5561944338272993	0.8025201965940337
LEMD2	0.9358363657986679	0.38332653898236924	0.5721407678820939	0.32530708764746136	0.851814511688889	0.06885784651197496	0.5100230119465615	0.037607395581696325
RPAP2	0.06116077124460231	0.45673224568146115	1.129827444820343	0.6222153700961462	0.6047912294304678	0.3258349103740582	0.24796265707503998	0.5868903733041596
HNRNPAB	0.5930883534569975	0.11978996036783798	0.6686749909617893	0.3114893798668895	0.9617726432786339	1.017485799835777	0.5852538585224893	0.47884558409768263
CDK8	1.0126752163246497	0.3954956121316048	0.3517578396866529	0.6421657408349484	0.48347639230885747	0.6336926174533345	0.44523652104604916	0.0903056817867827
FBXO28	0.8480262003792457	0.08673768888136574	0.2573482803270398	0.44404368329064486	0.9253119107009029	0.42558228185341146	0.7023443044173272	0.768081497466968
PARP9	0.5978304998548658	0.10659987579113436	0.08613158315410717	0.6803403403927235	0.4521263493469693	0.6996217311356008	0.7342873197397548	0.8256887857073231
ZC3H3	0.12341142213292583	0.6602282236971251	0.8149686755715204	0.8489935081950221	0.7189538746760734	0.18668978531888175	0.16551044723064465	0.30715676434704553
DPH5	0.39799055746337325	0.1221948094613005	1.128264353338233	0.8182675285775222	0.7443089971719625	0.42267722259166396	0.17797310093422447	0.016558670569149416
ORC5	0.7960324208924727	0.42448779335905956	0.7665859966847679	0.9414776478117468	0.6269147728183145	0.23434146411695145	0.37364315872354836	0.3457594050296933
ELAVL1	0.4405201754283405	2.4893822463986463e-05	1.0984179919549162	0.8847708956505963	0.6987742091121824	2.0435032243418648e-15	0.4985674888909681	0.7881668219011096
CCDC115	1.0275446931543866	0.21880140957104383	3.57847020258568e-16	0.5470098724795932	1.0613786990823997	0.3754962988468305	0.7861169973063936	0.4753176609320248
SLTM	0.3927661406194588	0.7787697826195661	1.3726124410442813	0.5580232265034554	0.5503002359728985	6.223199817455099e-06	0.5260715573622115	0.7820178567305582
CHP1	1.076999350415791e-19	0.5269647124656781	0.30942277021260384	0.802657322603185	0.5285316125157709	0.9896813052113004	0.27662240305045716	0.5111678076194895
DCP1A	0.3926910157725744	0.6834481329975011	0.2468544520381236	1.0986978758800665	0.6590585491539174	0.45425310618242826	0.8935072307906312	0.5104723275674177
NSFL1C	0.8045684264359043	0.7082311123246171	2.472621535071881e-12	0.21625788456364115	0.3270769646589202	0.7950865451491561	0.14544246297938573	0.7819490940806647
ZC3HC1	0.3449598301829828	0.5067812469440731	0.08809818935655664	0.6710613669347267	0.3295261612654501	0.31557590112445827	0.5068319248196181	0.703905076390735
NGLY1	9.628626701916578e-20	0.9678928665248366	0.5638355900765205	0.700830686686544	0.46023332396563077	0.9074223439194917	0.8161547904571789	0.16644366136922092
CHTF18	0.9671058107575335	0.3028238974095717	0.6385795148140315	0.6655636154940032	0.4850634144752313	0.31087158217333516	0.4709308975458022	0.1217363277946111
PDCD10	3.75249802612577e-19	1.062880417605551	0.6197253380453579	0.5276316655984226	5.76851974433253e-16	1.109206634452806	0.6695997883027117	0.542020782498799
ETS1	0.9257895134425712	0.3325076953096768	0.26159970512343234	0.15217038627170232	6.336497886247921e-20	0.6582527908053902	0.6097443465918526	0.7367480128203441
VPS29	0.6804713743753688	0.40812599969588786	0.2477247679769498	0.5553205819514638	0.8609606961739964	0.6177931571820496	0.785844787781199	0.35818579031154474
AARS	0.6291669304295447	0.4479370801362672	0.7100431156006907	0.4460773778239844	0.5750478770372732	0.6847474185464929	0.3799860656500014	0.5057679116876523
RQCD1	0.18802829793522022	0.5155293667139523	0.8127985967077279	0.5143370964212222	0.23344219603154767	0.30748920621147474	0.8347793850996426	0.17383257448367678
ARID4A	0.4586811180624996	0.09059351728355577	0.6681349560553909	0.9176237806508056	0.39352727647673824	0.3720341337904843	0.11717239797700651	0.6912162373711545
INTS10	0.7298120667007371	0.38398153394839235	6.192880356148378e-10	0.6564459782359231	0.42013340010628797	0.8108378225780422	0.6083642369304709	0.7912133864015216
UFL1	0.3645298982481753	0.5262924614760334	0.6232063917637242	1.0369015296976047	0.0003038292799357591	0.6770827798639496	0.7215606736289231	0.5635255622733137
XPO7	5.404430006891061e-17	0.27887301449037155	0.9284188333281052	0.29562947972149134	1.24734151574866	0.4350675903284764	0.466477898347099	0.8101161499742878
PTK2	0.5377700693790272	0.6939387540407798	0.3669426085500918	0.1265162359564812	0.262417396060382	0.5736525057567261	0.4587915142735793	0.8331953150589843
YIPF5	0.3646164642100442	1.0857623737749174	0.7862307193324819	0.7618603239476763	1.0290858285900073e-15	0.5640634736118153	0.8292712570284031	0.3535003537849086
NSD1	0.13328125745799688	1.6406646657246658e-08	1.2124231456735486	0.7232679507847282	1.0770658232996642	0.20444387689887514	0.9441962417187642	0.23002446774391241
HNRNPR	0.9722086954625344	0.6430467425350098	0.332737965222317	1.0512428267826697	0.7223198006187678	0.8421405330823062	1.7197744770193539e-15	0.7579471956021047
RIC1	0.4776585586957423	0.34120275500671843	0.2947682640323491	0.3352787260934986	0.8427386551352841	0.5289574797885651	0.13935693107655828	0.0347073959814735
N6AMT1	0.46746198719754434	0.05541765794587259	0.6450469334526686	0.5981331833597765	0.37512873121960477	0.8550845865169954	0.5509295602252144	0.4256061331486892
ISCA2	0.888537053402237	0.7647265855868018	0.6984468306147618	1.5025032546830967e-20	0.23005867603706265	0.5324778524642579	0.15947939456434554	0.6266033271895528
BCOR	0.7750038035314946	0.8337079482736792	0.12938349821567893	0.7068877930155548	1.8193022152982994e-08	0.5174709622692469	0.16566158428510147	0.08433058076751362
ATXN2L	2.9311494833796096e-18	0.12738081159543604	1.2603633250082629	0.5583134565529584	1.3861985651640243e-06	0.9948811401294142	0.545123160712587	0.4225313399532858
ASB3	0.893418332297861	0.5374429794360921	0.0851061445171238	0.7231374324343894	0.32739371758346625	0.18110427055578848	0.8537963679274257	0.2804313768080467
PIGU	0.40177149901706816	0.7391884114818497	0.19747792303561415	0.1787631481415857	0.31621852766018554	0.3244420690750522	0.6870313956752321	0.8943188428648989
PARS2	0.9629051282780335	0.08949739798728042	0.7370945205515899	0.5594140040719929	0.40857148875621274	0.30698791849858154	0.5036565830702383	0.44785959713296053
HSPH1	0.29678963277327153	0.8922138512719934	0.47977519789109885	0.7501301436339498	0.8823953661108971	0.24545181463242924	0.25007706439187366	0.9059416457015429
SLC35A3	0.672949850542216	0.8072776430775221	8.738587660109498e-20	0.6369364596725856	0.4742829386762453	0.6696268115855242	0.48525133736590703	0.3526203319780126
TBC1D22A	0.20566516459390105	0.7619422082844258	0.7294285681287103	0.24946001375525495	0.25282113394067884	0.6165272679568823	0.6676074599295371	0.35533580720089586
RNF4	0.40471384210304767	0.045612587398365	0.23212943998653143	1.2157378241234407	1.1393727336942552	0.8796155717164182	0.46513062535949384	0.4288274186054354
TDP1	1.2613096063776539	5.621366828984455e-15	2.3056138730789217e-09	0.8567844615457321	0.7697444159888117	0.18958948371126325	0.6894043346578987	0.690018401599249
CDIPT	0.9797902691180918	0.28112121803572493	0.6874292831214006	0.4437966648094078	0.40137262824838654	0.41797459352662464	0.22786001162841582	2.7373532044926634e-20
PIGB	1.7791938690882775e-19	0.45789276717423416	0.44227819453490996	0.9824384088593555	0.1914506968109263	0.7813127148890665	0.8673365260264977	0.5769797471666717
SHARPIN	0.15362521507071675	0.48411235724208335	0.43488961763149886	0.7826480559838656	0.4263846023711928	0.6482172446296186	0.5731530733402123	0.5144834997173185
PQBP1	0.5778130240563516	0.4447163554752147	0.15296344153319025	0.5453576072582988	0.41117084013745747	0.9746322440998031	0.2761638433235261	0.997667441562258
R3HCC1L	0.04699899249950041	0.7560641525959098	0.6951044425596458	0.9456661353117864	0.564245713862886	0.79641497812342	0.8181431970580371	0.8103518788422838
PRPF6	0.7817796502046326	0.1990534672271015	0.3447499760672709	0.5728073646415376	0.7574551290682023	0.5741485995109931	0.43566101059425993	0.5157826900227668
CAND1	0.9529982711382647	0.23334149465428947	0.20904923351767563	1.095118159761333	0.6158777840937155	0.855440540325128	0.41559303900036043	0.13896318055242982
KHNYN	0.09510443947706963	0.9288993362200921	0.532024576560173	0.7298789779135806	0.8342258461810088	0.7931081084712658	0.5858403639900126	0.4325548627460588
MED19	1.1438993046398143	0.6106514164601109	0.0643675262245626	0.9531418617722879	0.1356279149435667	0.846211786372054	0.5961063373066484	0.03156684851188506
UNC50	1.0097892364806125	0.4675937363493435	0.3807051970728743	0.900680937583716	0.5961438190146308	0.030263113489130217	0.7466538724516243	0.6034766356584466
ZC3HAV1	0.16829310276352935	0.7373862891732605	0.025029378339631817	0.4324022638635985	0.44532894044565347	0.8648463141580466	0.7044285554993862	0.7384766311586541
RAI14	0.5361255228678136	0.5389338058079617	0.33275446870581277	0.307417078989659	1.67683742378821e-14	1.2226741261008105	0.43672782499044577	0.20749064379202856
PCGF1	0.012420965272793131	0.42154617397744054	0.9129482642491132	0.6602629039498714	0.683837669421136	0.508039455413901	0.5089655634771046	0.009065590130055935
TMEM117	0.8470240840145176	8.872401470909807e-16	0.592559273644365	2.3804359630210124e-05	0.8359931346647217	0.5686476496586472	0.4058643250034852	0.9358147156781236
PIGW	0.002813361209310882	0.5645863340439001	0.30004847607540197	1.0968694904893956	0.011654618942368774	1.1806474732425005	0.5447333569481467	0.8606460476815394
TCEB2	0.16391496307343054	0.7109428023145027	0.7933227434742841	0.5015375504758427	0.29872036667287544	0.6141984647994958	0.4280958178803042	0.5273096828619556
CHMP5	0.0939842462972109	0.5733236800921028	0.24206032635937327	0.8804582662168834	0.5733309022897981	0.7906710821714635	0.2697264652934486	0.4270020014156334
TSR2	0.4079996470742173	0.5609818218123265	0.879841383818312	0.6345869857149545	0.07295689225465637	0.5048516635264481	0.11138820014350397	0.4467154578967071
URB2	0.07398849171049922	0.5483631700407199	1.4328843566396168	0.6284408177985992	0.25512813383966465	0.4735970699355777	0.7588509991908631	0.03924959633359343
LMNA	0.3613484344558949	0.2866106574047773	1.1873436381581965	0.14171021693686278	0.6849813079110972	1.4410015197475777e-19	0.1396120873563651	0.8363592620397401
PAN2	0.38235209444373286	0.5978113270193656	0.7206768540166567	0.6613718786474395	0.24093967184565104	0.6050466172810866	0.6227481802287936	0.23714146258081786
DARS	1.0374289914018118	0.21011291738517285	0.9068304473389047	0.5717878698791394	0.2724853633802339	0.3405358540217163	0.5257627446055085	0.5927596634725835
STARD7	0.7115154003297919	0.6944134653755913	0.016582555047584907	1.0974864120439058	0.29642443802179724	1.0640662516122787	1.1627205038249173e-19	0.7284549387591354
ZC3H18	0.29000888369257655	0.3519712764790827	1.0036906104532552	0.3631733729475518	0.27092831985790383	0.5136551389088042	0.5223042451119757	0.11537355996036933
KLHDC7B	1.1513028691715492	0.7878510869017068	1.292922165105421e-19	3.491990446130913e-20	0.5226425378072748	0.555403950913867	0.8122955533598423	0.546062039066096
TRNAU1AP	0.22672922162313167	0.42897541009590356	0.5542975648994837	0.7432345083872725	0.6064323364687735	0.5458597719103341	0.8012044909322457	0.5790626890696035
RBSN	0.6932593931949725	0.7152907210237822	0.4941614660300986	1.1260659613782862	0.3579842813122441	4.4222647969279135e-20	0.42859170519398465	0.5494824533413543
EIF2B5	1.0847610901467133	0.5918741129543255	0.45927827699686985	0.992497398573801	2.148238532027344e-20	0.5932304750934555	0.43779914585188795	0.6256003545002113
PRRC2C	0.15737520931484203	0.4174354443792592	0.43385540542835344	0.9578486441599889	0.8316527488291192	0.936550747954142	0.8027991858475575	0.6595686729392659
MYL6	0.3778187175569377	1.061388509800161	0.6008309703291572	0.6810511861786849	1.5548484653518175e-19	0.4343930963062136	0.3123625124003217	0.8382056607456777
PDS5A	0.5204222370629281	0.6265540919371855	0.45960189404040885	0.8189284022004609	0.4913435205274114	4.945755671554692e-20	0.07427488496205417	0.6794077806371647
TUBB2A	0.0990915020897455	0.4313106173094714	1.335902371790458	0.32848766799225637	0.8629397612576161	3.227288033356797e-20	0.5729923127487475	0.2690115106679261
SMC5	0.33440117738485636	0.049003955324150666	0.8082328856893018	0.10339524005475327	0.49707879541769956	0.731800327992654	0.541907654707935	0.6576137944254539
CEBPG	0.2555738320771902	0.5861238191892677	0.49925288121743067	0.7168527647919319	5.352116166772198e-17	1.031520501818955	0.42671373819948055	0.6335177993008493
GAS2L2	0.2526473364048445	0.5587786584826954	1.3821126867347062	0.6709027304757199	0.802657871811553	1.437368008630252e-12	0.3449896815340996	0.0662326344848088
LSM11	0.6433604407302402	0.3744309311005072	0.6886014403857927	0.47122236645478416	0.4918447511849992	0.8745049711977394	0.40111937721905283	0.011273678028304902
ORC3	1.0342554327821185	0.18777741198966152	0.1452185782528235	0.4448752800262838	0.6520121847292545	0.8971783959121795	0.5484669239144371	0.2455080153829653
SRP72	0.6952810494395629	0.14573030136642806	0.26380461523330734	0.5519327156150836	0.6498638501268555	1.0888529011550345	0.3465504078413766	0.23103593101009295
TOR2A	0.11692651599168219	0.552156713331642	0.8712115960389221	1.0479903127361885	1.0317467624095737	0.44418653148881326	0.2190296470938969	0.4409797340583572
MRPL50	1.0013135113160145	0.36991282181450846	0.6712543266745652	0.4478765218235262	0.34819263235143466	0.5499533757407753	0.42840047865405995	0.32441363738088796
MINOS1	1.0578412080735697	0.587519787410779	0.1305526030329103	5.357308974778684e-20	0.46573505039592183	0.5762170741784186	0.12360806730814079	0.7886226985518736
GLP1R	1.2610380626421422	0.6384199197238575	0.43846782899687775	0.13569111120823082	0.734768353113847	0.6172165735160712	0.6802157710734346	0.4507897713449374
TFRC	3.8627266535514643e-20	0.4280637252205193	1.1708326024967328	0.6039073753306067	0.4624948975192154	0.6107092979724704	0.3431665313286772	0.6178177170888571
INPP5K	0.20492700612584802	0.4453692755196443	1.2485854396432696	0.518230066889674	0.4993875527382292	0.3484432445249628	0.41190361932136044	0.6179933965026356
FAM50A	1.183354645886211	0.2657392015208727	0.31131040388358716	0.4408534956395371	0.838542873555302	0.48690070620213793	0.37401747436156246	0.28297018580285577
FBXL18	1.3813435780549677e-19	0.01746697949786058	0.8275155921111336	1.0518273848480344	0.8407730626411852	0.6356323680620336	0.4993385005854774	0.7766122297204091
PSENEN	0.42228666697336786	0.3426388386719375	0.10799323250099328	0.6073719980389188	1.0027604477086622	0.6653293814311474	0.45220173776813	0.3176422742664066
SMARCB1	0.5034509678731076	0.7891962897441813	0.7037586546293632	0.13631272260088237	1.0455525804730068	0.6760475166805814	0.4627179160876597	0.5759730302988069
USP18	0.2581376393747143	0.6265756609765759	4.261284810268121e-20	0.8723315748957964	0.654253274399331	0.9877905592265213	0.4899968941275399	0.2783603897710703
FECH	0.18707938955454895	0.3310722111637915	0.670476786141038	0.7184015841871975	0.3361901521039774	0.37504712576965615	0.7964369612656181	0.24521602056437655
VTI1B	0.8075808336012997	3.230297146825025e-20	0.6240974984064631	0.3329260159334689	0.6718602712573061	0.608424322057706	0.7559876308524122	0.5074568669693417
SDHA	1.1288159243199207	9.271701445225231e-17	0.8015305944198293	0.15722635482295666	0.54451313192642	0.485173790876255	0.30596805134895955	0.7774169226732637
DDI2	0.21879798553359034	0.9676782442657473	0.9064359502476309	0.5114403194456121	0.3627169281448028	0.3874079339897957	0.45668373979311055	0.6870729535542273
TUBGCP4	0.6557076417407275	0.25386282080154066	1.153129583506644	0.5932489319792715	0.09353696234705677	0.34435287413609117	0.28792124508014444	0.008462300907782907
CLUH	1.1758753248646008	0.15756792385249513	0.037554107552432166	0.8268037150820311	0.5645363519571411	0.3413219714006156	0.7269253641835549	0.2968683764462516
EID2	0.9359711069388863	0.18946119079608814	0.3258426674793854	0.38513717261432606	0.5618848199572747	0.608067992060777	0.8211949086000035	0.4723339357530567
COX4I1	1.1242438283473937	0.7345626898227082	0.6028207721600606	2.4292404637283456e-20	0.36982975586619815	0.2591384347569363	0.8421667602169153	0.5632954838790334
PRPF40A	0.30938326340585753	0.8151667188550159	0.2794548682442956	0.6438398346580304	0.2908900471470979	0.8981413506871027	0.5073032697713507	0.4687318055852929
RPN2	0.6757754035307878	0.8438787568370566	0.740109885898871	0.4224701518417755	0.4233620974622058	0.3144204525199489	0.7825461494433973	0.7453402235585945
MDH2	0.7922819612341729	0.5626151018010943	0.6175088802138313	0.7564917444580606	0.5720841745669982	0.24141847048037318	0.2683913359048205	0.3831074192090396
EWSR1	9.368907771491139e-20	0.8944386114384407	0.6929939752187578	0.9351685768569336	0.5316449473944337	0.49058561211199275	0.629634812167137	0.5635194744089099
KEAP1	1.1599120388984052	0.7416444107925785	0.10146873772370066	0.3432467709885357	0.5769106925439604	0.9853048642809292	0.5130481490114699	0.03628962187761525
GPATCH8	0.47797708462937344	0.5050657486969348	0.4793025857564553	0.6668066969015459	1.1516593579301795	2.6719802678495042e-20	0.6337540480400696	0.6593599473075638
WDR7	1.1798047559073868	0.38729607208287997	0.22024660094325293	0.08568082746785502	1.0619018469706722	0.1949641346107043	0.08949465512458249	0.43376806313942673
RPIA	0.800955844063446	0.6176214058159419	0.8036931002891332	0.06075165924116558	1.0464701262050375	0.06157175630475164	0.6911215975711495	0.10067368644791536
OCRL	0.1721834850880501	0.7315464097926143	1.0549790448871779	0.7601959510666871	0.080739924016249	0.30704282051432663	0.4972520198938918	0.9074819680501608
SEH1L	1.0126471179389729	0.6989337472692045	1.2805897664052868	0.3419288102010185	0.2533591998339543	0.33419985460138263	0.7528171573290723	0.07187566093437131
AZI2	0.3729823987360353	0.2595182552509556	0.4776783787982293	0.0840941829412214	0.35637976244048963	6.442464984942399e-20	0.2936512849435449	0.8796537735359767
PIGS	4.346682468883862e-20	0.34555606883260775	0.5820992307478762	0.36225315441492734	0.7480045464473956	0.5876490101965831	0.4354933881092773	0.9124553881470572
PGLYRP1	0.4222004772322549	0.11815264713793382	0.80749157990939	0.44373238055904934	0.20106344388606615	0.4380706448993191	0.4266244082117801	0.5910526689732617
PISD	0.7810293257949577	0.696462710291119	0.7005614536365661	0.5578880672048734	0.264250386279666	0.38550454273926144	0.2923329693893983	0.3984536709109466
HDAC1	0.13765957804181234	0.0338178001624322	0.14526076405391253	0.4987902948286689	0.31301565142020515	1.2698361821326158	0.8195407364840089	0.8818220982529763
NADK	0.3810514550573045	0.4614011961624024	9.777777020691225e-20	0.24658014313209886	0.31767692582968426	0.6479509519017386	0.5000937894001849	0.884317581520856
METTL3	0.2624625179300607	0.6535788428147851	0.7445471972673702	0.4450592413647845	0.8125801213352918	0.8156107951017157	0.4905047641376936	3.7684338838667626e-16
LSM10	0.5785529953647367	0.5757851725506459	0.7219600032781321	0.6119219105593755	0.833623235196177	0.2868189857251397	0.2021807009630227	2.843661958569419e-14
MTA1	0.12877559645800724	0.4794297265211694	0.8357127046978505	0.6264209238327443	0.6291417931940193	1.7641134014053323e-19	0.5165319710052956	0.32986104090946977
METAP1	0.5337596816392239	0.323632221505581	0.8275426615469572	0.366696600359812	3.628618004044841e-20	0.2788043961707676	0.5199070712219535	0.744351612133942
DPH7	0.6936775289815683	7.830612509294072e-20	1.1257342957616827	0.7112955519681181	0.3469148086485961	0.4086065584776695	0.08098630504105941	0.7939970125599195
GNL2	0.9476687857093294	0.12441083912445938	0.5309042013220906	0.7398577983416763	0.446532106263167	0.4818483263426216	0.07613946200368395	0.8138453327391624
COPA	0.3880625533780219	0.4124501717002995	0.9343034472045121	0.9046736324836828	0.053512046379839896	0.35085790541982265	0.42386626849460896	0.8355829387522662
PUM1	0.2675186063603717	0.6769293651593362	0.33966939347720637	0.8429882667611227	0.07407370600489221	0.19573429749347285	0.6340920530036496	0.7996993412126361
PDCD6IP	1.9283652095701508e-19	0.6867148611536343	0.3867285019248443	0.331477666570112	0.4763871346022245	0.7251587369079101	0.20084915086817226	0.7457933778893406
CALHM1	0.5179946165962875	0.8947680833419801	1.0622682748874184	0.058291091863288715	0.16694036714063398	0.8502620836337056	0.06227992136106679	0.6528773673230707
RBMS1	0.3330820468697209	0.7609216372951055	0.3477704575755229	0.5541181436581796	0.3251100296956961	1.1018539028369025	0.04248667701257795	0.7729379703686577
COA7	0.970644787020911	0.21087499694090303	0.4798131688076516	1.9181687312547257e-20	0.8546685075578198	0.30384589145465	0.22357709202945264	0.6851078005678949
MRPL15	1.1141721471477382	0.1190292448828434	0.4014417250804418	0.18369095335870564	0.6678943332265976	0.4412844700019068	0.11093008216063631	0.7802598997497866
BRAT1	0.7957503792925403	0.8196661210424507	1.0726516394646391e-19	0.41937974914997034	0.5736728955874808	0.2649199206015368	0.6563086768812921	0.6641667951848574
SACM1L	0.01984156968976254	0.7056422962288068	0.948800879724417	0.5146797999210161	0.6434072632118665	0.40279620031499996	0.404108107384214	0.4949962509349862
SLC25A22	0.5937956596894878	0.4730723083135581	0.05118450450400805	0.8706203785934182	0.14756339776622351	0.30622301802462704	0.2569511362531363	0.4960821176616191
ATMIN	0.6709229282703546	0.4532033037143201	0.48746152776224344	1.099061113970459	0.914370072980217	0.19410245196035464	0.7837492388894062	0.4146349657664311
TBX1	0.25288805799991704	0.09204276185160355	0.684837367002403	1.1029073268848122	0.537595732448679	0.6887644190684297	0.19752881919958795	0.2864966668434538
ILK	5.2135896600128476e-20	0.07308457758489025	1.0269819883015308	1.184780445770843	0.7005931181456084	2.42333208524149e-20	0.5966942041243873	0.7487819406643526
LIPT1	0.5135695596293172	0.5005642158331082	0.9994749903043232	0.548362258602955	0.21647787006187008	0.7643715292125185	0.30254810320706355	0.6603357452320192
ATP1B3	0.4635142949823897	0.15546652174415937	0.9899390570137317	0.062183675599679	0.674622945316364	0.18106347497875305	0.7790331202798663	0.3361590579164231
DPH6	0.6782198151786933	0.6192536157181568	0.9588549576857002	0.05675416587826375	0.5872375936913266	2.1371829342305936e-19	0.3376850318483493	0.3400992406599438
AHCY	0.01388717025422752	0.1481244065611137	1.1964204050029532	0.6846207229180511	0.5683334406687077	0.29904535565759194	0.7292530909538947	0.4599144613545356
VMP1	0.9688239724493137	5.091084327473724e-14	0.3373555523313155	0.3205713631859533	0.9355258822490895	0.7345352042034093	0.8407325988832585	0.30958234203180884
TMEM259	0.1171557236423269	0.19622078486384217	1.204007701030133	0.6552800442840682	0.323488237791171	0.8942409975843338	0.6919562016987225	0.47808602651442456
PPP2R4	1.1177582768012964	0.9220028232846685	0.7213938589199967	0.13046921920368398	0.06079747635582278	0.1874189029423337	0.05402678267886559	0.6062797584419668
TSC1	1.3867848504075133	0.7885050839858556	0.35767271185816146	0.5362082948177781	0.4844979867520841	2.0525545047823885e-20	0.36158237244075375	0.05349516806235516
COG4	0.6416082201253112	0.20159221819287984	0.6230436128803797	0.41199806435118136	0.4371870547785766	0.19433145029091475	0.3316819901055057	0.3066181793282781
URM1	1.1262342338572813	0.2643465774860251	0.5616216229417501	3.0445400811223704e-20	0.43632868480627973	0.8500877603043046	0.3378320960345122	0.18485552255469467
LIPT2	1.1553053641628117	0.24977479686675752	0.00992843565947878	0.4455448524209524	0.6970637705625872	0.5381238879995688	0.5914819060456944	0.26009577563074243
NOA1	0.056103622522711526	0.5328590291044575	1.38196601439375	0.8421065132239741	7.521566591751332e-20	0.5631432216018116	0.6194197492078674	0.5410820988990053
POLD1	0.30559389695594563	0.4661821433179646	0.8098186135673532	0.879749781863949	0.2664324002375141	0.24540430733600577	0.5582643960285377	0.40058582661872777
MTX1	0.6516523368623941	5.674516168530338e-20	0.8684913043130025	0.3625414680105014	0.5688742023652603	0.8137569372011778	0.3298396972995911	0.4476538316476249
ATPAF2	1.0133014717911357	0.07370362014571022	0.8351381534548348	0.46849403660943817	0.1882175939979611	0.8893916613428293	0.34499457416300805	0.0756521412319262
DAP	0.5245128088926434	0.11159614927267768	0.8812672981636711	0.7691933730048239	0.27040869294984543	0.8579040182078259	0.5997630781250985	0.29938050980800196
TERT	0.20067869595796656	0.8903826030118981	1.1281356290888114	0.7830753043333711	0.017940485149714528	0.3457948960668286	0.6662139447338568	0.45012251403232967
PCNP	0.4938471712681301	0.9129039017559525	0.603834998862057	0.10788199094794959	0.17595446692776837	0.8065047932706273	0.5810856125592981	0.3970454180998459
YAP1	0.4316680843010583	0.5373423805528887	0.20641592822344204	0.6219392023769884	2.701375398897683e-20	0.967278766630413	0.3648911495386031	0.8733354971033733
CDC20	0.8069573298690921	0.4745109426580324	0.18528151890615555	0.9092356381253143	0.2904699426635001	0.19642219712271633	0.3583746502561396	0.5509233611767143
THTPA	0.9628606341672848	1.1944371872496997	0.26660513499812627	0.32985884735270565	2.603751876798827e-17	0.7657520785305019	0.21269216373754024	1.2434354327416135e-05
RPS28	0.30661236724046514	0.14483281607710968	0.9024019006484777	0.997814987183456	0.6159763490236778	0.42922643161074325	0.3545245905029234	0.7952800306813902
DOLK	0.9289876647153607	0.4392003102950692	0.849772377920055	0.347707072225559	0.2521374388197565	0.2623464700804333	0.36979131189491143	0.23019779455972816
C1QL2	0.11263910127035048	6.943525389651923e-20	1.3226839218602038	0.5186926912978227	0.3387406896955197	0.2986843480753573	0.3971214207461279	0.8015058841332952
B4GALT5	1.024398446884586	0.5897397583319941	0.7628625208373446	0.8838705238462379	0.7637926844582164	0.20708430052533053	0.21291368301914096	0.16093342015405734
VRK1	0.5175153743119685	0.2780124617192424	0.9907892011290975	0.12602758504052194	0.8329316457003927	0.25412914537993636	0.4857505317105999	0.495094410020068
GFM1	1.3672614676620554	0.381927354233113	0.11280775551268336	5.84048630139846e-20	0.46777842207396036	0.43753576012457246	0.6200240404919718	0.6839033071254043
SIRT7	1.3786328569969035	0.7918659117262777	1.2677502370284714e-18	3.9987724785832697e-20	0.7635859165769542	0.8486301295945674	0.28347020584654287	0.3126284670755566
IL18RAP	0.326749600513605	0.27439096419803194	0.7150996749559833	0.18042853907228062	0.4193920507674842	0.520706641080942	0.36876565991139876	0.8215380592626195
RAD51D	0.4359662380910592	0.1494156306310315	1.1772257948948386	0.3612113937188757	0.5653781648103964	0.44305934498870453	0.4718223137542469	0.010194332875639525
PPP2R1A	0.7535557290325687	0.47175850545656406	0.7729771894260046	0.229071984989616	0.8759095472334568	0.2678238580248651	0.7770853039898739	0.1364042101857603
PHF23	0.2988635042504162	0.37234860129487746	0.3934015198562816	0.44914479796927065	0.14245154832972365	0.6616048633293133	0.8308945318370142	0.3310604017850845
TPSG1	1.188132435086772	0.5184043997052779	0.8016071662824524	0.8601338159530107	0.14946694216674275	0.3987652955253813	0.9548705774363995	0.39838956920533464
BABAM1	0.10222897189866532	0.35539844537955606	0.8549146058347553	0.4573416990975625	2.2587018083259316e-16	0.6147330803635537	0.277552323410533	0.5204942109164827
KLF3	1.049329057005395e-14	0.0059349941979254354	0.6352803803526235	0.9894997531119522	0.5403805100786443	0.4568970465523886	0.20990746654658765	0.35305224214670117
NIPA2	0.601835632100364	0.2791570185291272	0.673606141210066	0.149540725774311	0.24821445311364618	0.4553879683839226	0.9396767611127748	1.0055512274262057
AURKB	0.15228175632950308	0.2828322308494017	1.0550258238536905	0.6648066847241845	0.18632262547492046	0.46315967693588916	0.08914631348796054	0.42741399461816537
PSEN1	0.5072675586106306	0.32035944323208404	0.29784112503760024	0.3774756368260259	0.7317881287306696	0.8359034348310002	5.284589860518863e-20	0.921299328503062
RMND5A	0.7968562754860079	0.1631901567950075	0.5132229809970148	0.6025821293388731	0.5530161572532444	0.001662985173023516	0.6602654622962256	0.3766255292312723
WWTR1	0.428580053555734	0.09958362059513921	0.23658005272152172	0.6259667387482027	0.974825367361537	0.23861781429280876	0.79863901048941	0.7171708680460632
SPRR2F	1.0254971738209502	0.6051722821793742	0.2768229304175819	0.6081404198845292	0.805190073272582	0.13456906293281912	0.5364657453464339	0.7003718278507371
NFRKB	0.4910433040950698	0.7831997833919616	0.4417132005070797	1.0373332375312925	0.7603663726552264	0.5211937648420856	0.12151711388909636	0.1325077252945606
CBR3	0.7861358053118871	0.4426352173045271	0.5637238272558139	0.19176612563044088	1.063623160155462	0.6595788300341872	0.45556029454408425	0.6243360596251883
EFNB1	0.08629729899341189	0.22536965756799618	1.310898251590122	0.6935689607557811	0.5285345228973972	0.6737124983312536	1.743576708307292e-20	0.6987014188016489
RAB35	7.091586360561553e-20	0.6372746903487302	1.1330998596686879	0.9991393067937109	0.17212628831895285	0.6869295754388532	0.43372768621233226	0.4775332348820895
PIK3C3	0.46509345157959875	0.48550533171827176	0.37444847133130205	1.280344839439421e-19	0.4741982032218087	0.9434476071122365	0.7946142163095484	0.4439089839528366
ASNA1	0.5396077074481889	0.5419072789798832	0.6772222987793486	0.49244284755221907	0.6021082514956065	0.33322889518877674	0.740463888116016	0.5013024826823462
WDR45	1.2795132872182324	0.22437215068933494	5.773782345555187e-19	3.5353212054895524e-20	1.0956727608464725	0.608342206323543	0.6540187374025385	0.43695682348734627
PPP1R14A	1.1451794237294393	0.6121732072576309	0.022306698217388392	0.5608766731731534	0.22002168410511597	0.042070112267348095	0.14030245024834243	0.5406281278033498
PPP1R2	0.5484576650927041	0.5994729973770312	0.3784144006664479	0.21154704047784753	0.6831103994172285	0.8286231805587633	0.6631473187216799	0.4652243614469348
SERBP1	1.0576582490401034	0.7719296565003726	0.8783123987870837	0.6311089902261985	6.907432949550101e-20	0.6884616984327833	0.8092320265095891	0.17487212716451236
SLC4A7	0.19252294089564106	0.48630061924666423	0.668240630332071	1.0094441775284417	0.8057378656823464	0.4085115166381337	0.3114165255174916	0.7634693482891847
PAX3	0.03426440257394636	0.6485503467822081	0.884119251009893	0.6894346118180088	5.341254202781568e-20	0.7684677666028282	0.7049691291854754	0.8317893247332376
DIS3	0.5931758315113179	0.5646459341528178	0.6044671369930208	0.7507342781738245	0.5823829608206256	0.49530241744764647	0.30131723144044537	0.14439806051544227
PRRC2A	0.49257549610930906	0.41596560246660547	1.043633305580983	0.4443409291522921	0.6632564755308834	1.7477141458319297e-18	0.26985499260928686	0.23191537210785423
ATP13A1	0.4904680359746939	0.8060718391088014	2.5886934841592565e-19	0.3123795820786972	0.9568639871966895	0.3073331062390535	0.7222134101369445	0.6118282401497437
PIGX	0.022251370555102352	0.3305788845617998	0.40338413102810455	0.32977578643486904	0.6309434497012972	0.9562158797811086	0.47910431181232666	0.9658761434825139
COL6A6	2.3861081915585585e-18	1.932037019252491e-19	1.2835894630450184	1.1060989940511812	0.9663209950919804	0.47495306749750127	0.6401152918767551	0.4967189394928248
CDS2	1.2679092584018168	0.22642953981553293	0.503488477830615	0.9456477142482409	0.011917979112557516	0.2524093675399901	0.2745721214773776	0.14409347958658641
PRRC2B	0.08831985193452448	0.3594344981466498	1.117436561132651	0.02812557473811293	0.5994435365473152	0.5573650476072992	0.5037713323318387	0.5290451212008388
PIAS1	0.16615938791156915	0.5046689204352064	1.1111266013279477	0.3242066455798987	0.41407059789391526	0.29246357763699743	0.8132828793678698	0.7365331780415996
EXOSC5	0.4928713674255468	0.4732022557643282	0.9695977261658785	0.8256499801375231	0.3197294245648038	0.6250048656192425	0.04737786159509687	0.07576635130984137
SLC25A29	1.3872667972609019	0.1676633067269803	0.2519205963456201	0.8766351128216398	0.6190239337057116	1.2958514821215573e-19	0.45991922229058635	0.5816998185006969
RNF114	0.4422557331020619	0.6957516861508592	0.5971744876273302	0.7130251927857113	1.107157340470674	2.617257665508894e-20	0.5169758033073492	0.3861250581409243
RPE	0.899625367105639	0.11087732804696557	0.9501615065579674	0.518057259388761	0.39660675211980084	7.562611710934998e-09	0.23299706572188902	0.8374037479582396
UXT	0.6648974974175309	0.3657774947130045	0.7441115660054645	0.6551680362595355	0.17597895308216255	0.34213453483059947	0.17076626418125082	0.28834021438182
SYNPO	0.012167476041940904	0.3070911205711951	1.2514643196965398	0.47217442846927077	0.1515342132397023	0.3851250783389468	0.6999833219604049	0.6016507911056905
NUDC	0.7018103565039708	1.000046837820161	0.7587701012012086	0.24062754668621816	0.16139307464422403	0.3237365373814667	0.06050273604729127	0.4555792426515771
RNASEH2A	0.2754606160251534	0.36306910373283746	0.8820738636123938	0.1507491899621467	0.6592860731374919	0.271950668141424	0.3686712264603766	0.06763465308223747
MRPL47	1.2675191821161524	8.767025626628024e-12	0.5957445015863853	0.8586926474245575	0.9291911516577109	0.4490771162180307	0.08473623035778512	0.13832545897860193
DUSP23	0.5688105556421087	0.48988515627385	0.7511590841749887	0.1802518311656602	0.27682891947559024	0.7854538979070929	0.637903037431621	0.3630528160114112
PLEKHA5	0.45227591694364006	0.3240441851651551	0.6032331827214791	0.6363867983256714	0.862334875009847	0.3966088097858382	0.5187865973762155	0.6019111269470572
MESDC1	0.6176312135265443	0.18003398107301236	0.5536128511687098	0.9849504814733322	0.33001377890662736	0.4838644819540743	0.666071084025188	0.7559149442986857
D2HGDH	0.8282296941868503	0.8626299582128231	0.7594056793359822	0.5023758322448257	0.6107553474571924	0.05688906519871983	0.2093901155584817	0.17188614373223773
OGT	0.3175715655572116	0.24127243876260354	0.6573522229495485	0.6420567787596917	0.42216873612034533	0.8287753068091464	0.1668755399082184	0.4225029296409445
DIDO1	0.47816676060147584	0.42555634449254537	0.48078594022572646	0.28133674090938826	0.41308178718258265	1.0966960226024842	0.7892209343952086	0.7062006368228521
SDHB	0.7620670387086422	0.5030640382042112	0.5060265919912623	0.7556146404332489	0.7592484201807943	0.20493464932648942	0.4670786346575706	0.4407928397172523
CHMP4C	0.5034312110307655	0.8260186186498237	1.1073357840856597	1.104521275211637	2.993941476070234e-20	0.44507674917459344	0.8505050606866676	0.08587974403180001
NT5C	0.6577788316061287	0.6746629825056699	0.7749276847550931	0.7620189299919753	0.2805055858327678	0.4169474495077726	0.8981734448282459	0.3860963810854231
RASAL1	0.559957205972814	0.6677741494132999	0.9221914022902081	0.13477782387094023	0.6366240516502214	0.6648119234681115	0.5441812796558408	0.5336003217550693
LRP12	0.5884823179884664	0.907470848625818	0.719034311975538	0.4834767008928407	0.23851521795915773	0.7341572467318935	0.40848315562217813	0.35154891319914516
INTS8	0.7326455390197646	1.255097384998008	0.9293910500225344	0.8599406746659689	0.05728575371794171	0.16083466410054892	0.22764955941914072	0.6588532427480149
RNF168	0.6418317899062858	0.09373227280306926	0.6273124719356655	0.5517628539570286	0.7234383263115256	1.3488157536868766e-19	0.6191757825846397	0.43087157347720084
ATP2B1	0.9743485549997318	0.5970539800222877	0.6239777211111758	0.7310755184336412	0.27557520795380613	0.7164370490553013	0.22342713703536107	0.35539210795918225
ARIH1	0.5961026984844597	0.5108886296784975	0.5784426001171032	0.1973637741080968	0.29294845399382197	0.529539617591151	0.3400877867928018	0.43536310559994684
RRM2B	5.429223036097318e-20	0.12614964435174236	1.1129575504570228	0.5339266002214828	0.3283427225568936	0.5413650467845281	0.5975807949637938	0.7993071016432876
TAF6L	0.570083667370354	0.177775992116453	0.7877251159960107	0.46423550349236253	0.6402042107370856	0.8757850627348556	0.48085280860452567	0.1094154279082754
RPF2	0.873132727260101	0.2667719035485147	0.557184685046029	0.7913718865324408	0.2778230190866848	0.5022516966251573	0.5033512447117352	0.6965649516895381
TFAP2A	1.209289300953226	0.10419707328649842	0.7956033437158233	0.570853435301037	0.32330116377809964	0.1510656236376346	0.39986056689938815	0.6652527167269268
BDP1	0.14082288618586836	0.6130851845448817	1.2267171465915625	1.0789259714736985	0.6629410584256691	0.29991454191990996	1.4979793644194042e-20	0.7559510464083818
GNAL	0.4279414763441298	0.16434529242286874	0.9865824412805821	0.852372083002534	0.5048286778993294	0.07942600367707174	0.32917777210754634	0.7608443089425064
RAD51C	1.2119560228654667	0.6829807622687881	0.42902810013803055	7.521038886190064e-19	0.3462687158556959	0.6038907268956364	0.16572206432024694	0.30621614541476916
SIN3A	0.11407724436696891	0.2687870400487996	0.5345510305466888	0.5854348421247102	0.3823790865767661	1.1445232106258003	0.5176806367339798	0.9175855001951689
COG2	0.7789999404629844	0.24119076364091394	0.29973786847947576	0.1187533592491282	0.8678881059837437	0.8193230509890486	0.7661259873732944	0.5003784486208758
TSPO	0.8540381342960066	5.15199411664773e-20	0.0987918383346899	0.9646049810662795	0.7650791813333289	0.6505249866369233	0.4957471465277288	0.7804321961104695
RNF32	1.2280472588772324	0.07558286985615482	1.1880218214085135e-09	0.2918542063423177	0.3121073808823943	1.1153998923887545	0.8124671584066836	0.46075052467369604
RPAP1	1.2411448089871362	0.26663724337580486	0.39346577043941183	0.9769182170303835	2.149726336161397e-17	0.43692563659890465	0.37132655232399114	0.529995007841315
TAF1C	1.2210899173414185	0.4369955583613435	0.4644602108961585	0.35507996277682785	0.7627968257350526	0.34869611480111945	0.2201969451335271	0.1726903323911198
KLF11	0.790398664128204	0.22845199296006707	0.5269381283181706	0.09823426562449354	0.8907439569133055	0.41592883252640667	0.5233744627691184	0.2442414973289931
RAF1	0.390782406501268	0.2906584476949219	0.44908536665556464	0.6726052488590042	0.6459092033607506	1.0196913594970898	0.532359942993147	0.1760805228181612
EAPP	1.0382685981265023	0.18797950109831935	0.6699041892891475	0.6269149055413623	0.14100635880403584	0.3897671520145039	0.15527890485288334	0.6244971515591986
NAA15	0.4348423602774472	0.3148473125049712	0.8251896682639865	0.5144612910870128	1.1290651198447055	0.5701055227444201	2.562107359157897e-20	0.03342281647858253
ACTA2	1.2140036264790366	0.7172100630104503	0.2068352690147601	0.48026739834672205	2.618957770998665e-20	0.6538276693767493	0.5545638674728711	0.06481896661147676
METTL1	1.2079786030728783	0.8471686901912624	1.7011117156483886e-05	0.020068930817117397	0.6921767007403108	1.1472869313913334	0.03169068650460581	0.753095361273656
BCL2	0.6417627025708931	0.13637117359123196	0.5931542834061896	0.6321722667899251	0.33621094668998436	0.4999464106320077	0.5182383008929471	0.7894446623477802
DAXX	0.010143134768907268	1.111318059418342	1.4457580005326562	0.34057108494452026	0.07572206948180793	0.04334766082374441	0.7163550466824068	0.44167151222074125
FANCF	0.6471733109217086	0.9225245695576034	0.9185137876420733	0.8307172239237182	0.01874835034920744	1.835416682342145e-19	0.4245751244753243	0.13131138484504354
LMF1	0.02118488838625833	0.7900893901964304	1.4845945199239825	0.517426466009402	0.985715744825085	0.5511065950988384	0.23465044962367282	0.48586817650900627
TUBGCP2	0.8328948202410501	0.7467189012046053	0.5823893739604787	0.4834102695274298	0.30212602341187633	0.5134511936723231	0.06458430558044492	0.13760065858277173
EFCAB12	8.481095344260394e-05	0.7421735875399137	0.7075691842184086	0.8476315798301443	5.233471500113082e-19	0.619474167477136	0.6880072309998166	0.32338472662563095
NCAPH2	0.6804939999921569	0.12366157990811359	0.802073539500922	0.5871807614487793	0.7753165821365705	0.1559162832247277	0.8943567960746344	0.05272732206022257
PITPNB	1.061345286729731	0.7596410318343345	0.7229435611704516	0.5587726428515223	0.295689691353962	0.10263629909973764	0.29281723209871013	0.6173966660389703
CKAP2	1.3399749514778592	7.167118077583487e-12	2.3151820794333273e-19	0.456172533884969	0.8799343560483249	0.06801924003634853	0.37352960039876903	0.7215601232000253
DFFA	0.8834518204138332	7.151220714945916e-20	0.6167119134416483	0.28815576910808105	0.688025053616101	0.9583389389428999	0.2747748110724479	0.9826560603185673
CSNK2B	0.31185776306620205	0.5473597134560458	1.2494203356247109	0.6321401019984138	0.19328306044439544	0.27736631968345477	0.6337131574203259	0.09575111941460152
VGF	0.8322871869562425	9.617681338450462e-20	0.9017446661018353	0.31821526532616473	0.9733497490107188	0.2565662203499557	0.22353743466932233	0.48602129373662184
FAM43B	0.9922582718125564	4.565422518799589e-19	0.033614327236333605	0.8234795808550451	0.7502319522996425	0.7709326863007696	0.7309492403862411	0.7440542392336026
RAC3	0.45540446766726767	0.993138081533204	0.629202553924765	0.5641565553673346	0.07482627032081128	0.17104524138698077	0.428417205425621	0.2535784125705576
TFDP1	0.8759195563877403	0.7175646071056172	0.6102412453754891	0.6772396290498953	0.035420789768910464	0.3419009687408796	0.6529431615833473	0.05327302110453096
NAA16	0.08015328690830685	0.6709247327331445	0.9271427858739426	0.9425946314763028	1.0198394774668196e-19	0.6942731694486619	0.5061001226069898	0.545085017479364
MIDN	1.4191259682664283	0.3955935931089231	0.25554790283655116	0.5690889201877719	0.9024223465656712	8.54551348320745e-06	0.5247289195114614	0.033557531770316
TICRR	0.42873671022952337	0.3340792690530931	0.6248818877518599	0.7441193708462606	0.18327364331799958	0.3717867786768292	0.6681031484598262	1.0124103976534053
PQLC3	0.8727911142027324	0.9933214009614213	0.8643767797524573	0.15113214543922854	5.334777377098302e-05	0.7442437249017971	4.4974606236156046e-09	0.8171985664402891
MAD2L2	0.13614252964149914	0.4239222964007498	1.0813989633811278	0.616380735473295	0.7963316236707846	0.22934665299875168	0.5190400910286666	0.3113054268156954
CXXC1	0.041539949787550656	0.09273400304276125	1.069856667683297	0.3467346970394477	0.9908251218062855	2.786997249350319e-20	0.5371999217829142	0.7067731842835818
BYSL	0.006816323994716724	0.9994243054347751	1.2656574380948753	0.8631909213999265	0.04107861873289142	0.41352126009738116	0.4732501384353093	0.5268257184660979
NLN	0.5356674569064805	0.06770132543361677	0.8773269389309163	0.6122672017505544	0.3493272221167021	0.5823043098844646	0.06970644476412509	0.44852712492415636
ICA1L	0.7554425442462342	4.4513802360105287e-20	0.3883256058956257	0.33716927410292724	0.49305561732974257	0.5784834121838919	0.2672067855823682	0.6890173730929896
CCDC47	1.0527282101641362	0.358183371895524	0.18879719940538875	0.7490388121416148	0.6055260074421989	0.2738630994231067	0.14942074521043996	0.21578769462303363
CYBRD1	0.9802360479917986	0.5849866026607801	0.6595245662290252	0.23061510392739917	0.6035755267088714	1.246031334203239e-19	0.12378031229398423	0.36209302009647054
MEDAG	0.9758049499715067	0.26925617917291345	0.5830587733625645	0.5561913981810117	1.0421105371784856	4.980506154797023e-20	0.14195419888009952	0.6321083768007398
PIGT	0.37863853846476303	0.856194125540467	0.32295691114333874	0.17280627678330357	0.5546874647265011	0.7680580005434277	0.1948957489091029	0.7161218895683066
SRM	0.4872062423621213	0.5724742072665462	0.02274148786158437	0.841438486910331	2.564627335798868e-18	1.2021802521722178	0.584563413506798	0.8033249851735632
PAX5	0.7876019199376953	0.2578146798954096	0.9210900513560978	0.17575235604724307	0.12874304681507678	0.467492100574755	0.6772571828450551	0.7623118166975187
KIF18B	0.8734573898924662	0.05209025849860585	0.8215740167237049	1.0650740149189557	0.37325895219999355	0.058263542547924936	0.8535267940255797	0.8486734087149461
HSPA4	1.0395158828493092	0.4044934061733695	0.03261961378767282	0.12223470180553814	0.502402260700309	0.3191231151292725	0.7282386734355853	0.7865723889040367
LELP1	0.31135279358876783	0.8396191182757955	1.1127045552443426	0.22593541750711058	0.4550901621829551	0.7135877184723026	0.1731806119536006	0.5328212205797114
EIF5	0.652438612642743	0.7065912966892397	1.0751318535339542	0.9964779739201098	2.72668944378433e-09	0.5379968197336326	0.4226780323356858	0.06416449823580565
GNE	0.9923226812169825	0.552629300396779	0.22159162077424427	0.8813282327599963	0.7913339708189361	0.49859261564299806	0.6454786454377276	2.8697446548403127e-20
EMC7	0.4404536284375598	0.23321647850302724	0.6466378373815382	0.8161241040282459	0.4032419520216752	0.28535964695158184	0.604376266992162	0.8534914271997482
CLTA	0.8789003848391962	0.6063282952133413	0.05807559762085575	0.8696054929903331	0.19072510188239583	0.4495789346301919	0.5701475659774645	0.09030827549935055
CACNG7	1.18700528549497	0.33748895380666805	0.2973345214892948	0.5772243409283712	7.278105369748301e-20	0.9372555640817064	0.3622149855051974	0.48820801570496525
RPS20	0.7652900202195045	0.4707516534034211	0.22993224080154528	0.7964263165391118	0.8509825225044861	0.6293376615566524	0.10370351538292279	0.420943049590229
RAD9A	0.27126554172400014	0.5066036158913779	0.8611763033085335	0.09898608968316552	0.5077097245734019	0.3775929637494667	0.1708127050106917	0.5904066226865873
WDR82	0.36570806508119735	0.26956208554876543	0.8244659172406151	0.9534208218212907	0.5751048771149239	0.0539426911049295	0.24306864729973993	0.7708385260009205
CDK7	1.0175273441145218	0.6871215793405889	0.5363114144972089	0.29235675273016476	0.45197470557178687	0.3706152270739903	0.25036338782314044	0.24890827951469424
SCO2	0.4076683115899748	0.03182368029614012	0.5536212948830213	0.30724520947908124	0.5831847346338578	0.7867839112389196	0.3977011613789745	0.6951816969857185
GEMIN5	0.4818552735254595	0.9034946187233717	0.5948848308118512	0.6146789434313086	0.0007540585068326191	0.5798383003902692	0.07739462824100252	0.49989062348687135
VMA21	0.6150933908556108	0.6899961292488892	0.4239847855732471	0.5544881291677434	0.8942097927948348	0.13969178479805197	0.46677138088589726	0.022829574094471675
NUTF2	0.5424063114576315	0.34483025726574285	0.5489899912113166	0.9284403319937008	3.631386065404804e-08	0.4769952357399019	0.3231253708227516	0.41818770793081295
