row_id	C0	C1	C2	C3	C4	C5	C6	C7	C8	C9
TBK1	0.027464603394157884	9.973682688077731e-19	0.5984714093297043	2.1411278339602828e-20	0.11848365370777877	0.721338059873227	2.847074643505485e-17	0.8758737042574407	0.9345618323497252	0.9837651043500706
AGO2	0.191103796411042	0.0064693355938249	3.450551917126496e-19	0.027014445896392753	0.107960965122593	0.7557638440723725	0.8731973598283161	1.406690696321636	0.22683218329847052	0.33163801500442486
ATG10	0.04648784528555597	5.753250025031467e-20	4.557298826333731e-11	0.82472470234013	0.027796694464749718	0.33568065965926847	0.35332321495840097	0.5993896157465424	0.7625866241219542	0.2743487196081416
RNF31	0.2835441179300752	0.32425300018482267	0.5092890277850275	1.601333762360256e-20	0.06839596032602431	0.22037066662548901	3.164923710197108e-20	0.5919942086773317	0.8328811413587016	0.33590913301210645
UBE2N	0.47061588392914133	0.06928202694366321	0.6476621185281329	0.4020185172940984	9.051578057573073e-09	0.06397813233102277	0.2790765125480169	0.26414861097465797	0.24283383012893447	0.42267881535644614
CHMP3	0.4963498802819457	3.79448644526004e-15	0.6253270615269035	0.3555050400324922	0.048451545640477434	0.3270997705267294	0.5000313309007983	1.014008841502698	0.11076621217239296	0.4233197785463659
TRAF2	0.7950424344771236	4.020931450676329e-20	4.9434963825867915e-11	0.06551565397779266	0.5178064881602973	0.9062703676792438	0.12718333595730522	0.5646661853268204	0.6342381045922573	0.3698665973353653
SCAF4	0.4970116703558119	6.774678427886508e-20	0.08887832398627477	0.5149158084224611	0.339283537939764	0.14201706141173404	0.3148720121560805	0.8347566436268781	0.570095956138618	0.5853797760551005
STUB1	0.26952851485975104	0.004278437413858474	0.6188543189086492	0.24177455888766797	0.20486789442752393	0.7486157643535983	0.3226372640803865	0.011027403667294778	0.1023421081627618	1.1050320384598413
BCL2L1	0.11544125624429487	4.1713512949285756e-20	0.3837367576890852	0.39637477252252956	0.7338846928282752	0.9949734998051987	2.9482830910084684e-20	0.7508893430713881	0.2952882834839489	0.36635974289840845
PSMG1	0.4145597295625812	6.435249770834954e-06	0.566911690229404	0.11239369945868137	0.07143483562569686	0.683912160110427	0.6594886322494992	0.5962041914961195	0.853965083400974	0.5826178784727758
EPG5	0.004318406585790629	0.00019676216436627505	0.385645443679062	0.3074407923815675	0.04565560704473581	0.28677948604155334	0.7028484556227527	0.894418290711882	0.9841492293255379	0.6352390526103057
ITGB5	0.7251268019729822	0.48593961586707246	0.8812543276866323	0.09572119643059716	0.009651748776816765	0.837397177024456	0.0028783549018603044	0.6340627556250091	0.8426765120363686	0.10687081078767331
DICER1	0.3321821420155362	0.6690132729557916	0.28935135180545857	0.49542911499423997	0.3715658898428039	0.39756713854246545	6.331528206742967e-20	0.11007728793998148	0.1265291493136842	0.5147979324214661
MCL1	0.04353423084846656	6.072907450821231e-11	0.9606494160901992	0.5084600057404016	0.6567592643309236	0.2510350362979848	1.8099942373629462e-12	0.6338625248187187	0.895456603854256	1.1682556572216751
XYLT2	0.007442747055219133	0.5257323922729782	1.1081707199716149	0.3883786688314211	0.8065864750234001	0.2830296792990513	4.9505189174924856e-20	0.19828560593285685	1.0235257997414458	0.8913877158913347
IPPK	0.520052697724697	0.5188796212322628	0.3082984699556835	0.4938364355964031	0.021327905867870128	7.619671998489596e-09	4.591255606220986e-16	0.634153992770133	0.5513516690566305	1.0590073499372537
PCBP2	0.11861876641940118	0.7526755489683685	0.039525327297371696	0.7430093859689075	0.5056477285814776	0.27988355406243093	4.266647038440345e-20	0.9141692457989083	0.30957108197438327	0.2151473626210032
PTPN2	0.631044950171073	0.041481690714889316	0.20605626192582652	0.4519546582086554	3.176626209842582e-20	0.685846842224114	2.704738251170518e-16	0.6559231449361754	4.8076046953814147e-20	0.4649096805922777
VPS13A	0.03228252292399219	0.1643097316126255	5.881536473543538e-20	0.5117429101460859	0.5806387454448135	0.9011019171943914	2.71930348348677e-19	0.7033199380247935	0.584351498770592	1.2696374905488725
FITM2	0.08012174982172396	0.22735051483675928	0.6306656006413196	0.3414576224927182	0.020585581792222515	0.1862118611894244	7.104648524019354e-20	0.5048296981595114	0.9590768264646424	0.9127394581857506
IKBKG	0.6410852634454088	4.606064995896819e-20	0.08367824299452593	0.05913925286197	0.5273612228660933	0.7068906379104607	0.20599075704900693	0.14306042513011008	0.6205780348409728	1.2064744418662579
RBCK1	0.4791147692222213	4.1760491375459566e-20	0.9738332561308868	0.05622078523040646	0.016867162475612714	0.5902366846922612	1.3065558988950895e-19	0.015401642508717636	0.92542611022794	0.3616722986453961
CFLAR	0.09030932798764194	8.789257463398136e-19	0.35942703971287326	0.10730139790859156	0.005508316130780207	0.6996291148245235	3.8726154918216053e-19	0.2865913418597532	0.7682464966136014	1.3862769469584308
EMC3	0.2507723753953012	2.3256933311001114e-05	0.3383658460419766	0.1844042849184577	0.30925882062955773	0.7115691568291357	0.15083308623936045	0.40737055645762876	0.8094368619091558	0.7174779278021074
SETD1A	0.6419125149811843	4.4602681565608355e-20	2.0869890495234347e-15	0.4973010195544201	0.0592228446626461	0.4782541774186404	1.1128896679609483	0.8693535338945039	0.488017239655072	0.16637387894922856
OTULIN	0.5510149232405805	4.030290082713367e-14	4.963204471546612e-20	0.40195930123703766	0.16794890364982332	0.6526650504498718	0.4670316015839248	0.30493669280687646	0.6415687706513074	0.2958763792995824
CHIC2	0.28585021154422624	1.1722386022688065e-19	0.001228420102722643	0.769825479043203	2.7819449697540606e-19	0.342304963563834	0.5004359798946777	0.7838016447717947	0.5986001267356622	0.6911555321662441
TCEB1	0.41781930694317965	0.7450718587353926	0.4569453225417029	0.21947099270145087	0.3988881224729566	0.6667207636333228	7.301774357149401e-20	0.9857159083614173	0.4673304917003491	0.060879980944511386
RGP1	0.3390398160608262	7.556355746756117e-18	1.0367577700013264	0.9368689687320622	0.2670336962249023	0.4527316063560008	2.6768189882241565e-06	0.035705862156416315	0.3455921714159148	1.1518074493646415
TAB2	0.6269947193864187	0.1187359781186931	0.599178703789035	0.023841813122767248	0.0692292105800748	1.0989524143127285	1.9457429476787225e-19	0.5289573693117582	0.7077194322101219	0.48321133863727767
TMEM208	0.19744176660704565	0.2669016700585137	4.9420582764843234e-20	0.12966992907932007	0.29820458458132754	0.3535547684573209	0.579883779009746	0.24448482327050747	0.27648117917970383	1.1738928025252011
IST1	0.28324208662578054	1.0551085525678085e-18	1.0547621204870372	0.09307393044852166	0.011954057682481348	0.6897649026114203	3.3547067013328324e-19	0.3422903835092976	0.4297170280872269	1.2053598718302845
BAP1	0.3693403394962542	1.0655926804467708	1.1254982675917322	0.9391404235929811	2.4267990496749314e-13	1.6319116589482613e-19	0.2895624235919249	0.27044102932223796	0.018724625552856727	3.2925394628519314e-06
UGP2	0.30942837401817164	1.562643507010425e-19	0.3785801290083654	0.32680338000288556	0.11001397324349389	0.34709327321558403	0.8919267585477864	0.6509087807231578	0.374675439001609	1.3689167560870168
EMC6	0.3171499144980494	1.187656757985653e-11	0.2068407905289861	4.2737900022828604e-20	0.5410159203604996	0.44539315822338704	0.5903475382652642	0.5061223321445714	0.7699861812901849	0.7079953694505735
NCSTN	0.40901061042240133	0.3681869273420743	2.647365696549964e-20	0.714473221653925	0.2191824128030807	0.06592808844036423	0.05142550680474896	0.8188673911364902	0.996884140020388	1.2556849154292056
UBE2M	0.45322014919207	0.8924668069374316	0.4938258284949814	0.22144569437893938	0.841915324766293	0.773452207843068	0.3198692743049632	0.5208833131909545	0.09865400159579976	0.4452010248194097
KDSR	0.7657925691650541	4.178048498133452e-20	0.47515239127696096	0.4067636957600852	0.8117115845103101	0.6081651385583682	1.152346387957831	0.704573120693348	0.034761260808930876	0.04174949858501456
BIRC5	0.5328172542605661	0.8065327913332158	0.98638841877926	0.6914365136380994	0.5961292029410781	0.5284140416271804	1.1742946519677645e-19	0.0966810144893244	0.268501096306755	0.3323671508675801
VPS4B	0.2913303022258327	0.1788560866221972	0.5927900785994213	0.25442122336160145	0.028367199081488815	0.2996018396682114	1.2720062470358098e-19	0.6163248813307325	0.7303522603322186	0.8801020602005448
POLR1E	0.13709353380517147	0.6685380652133913	0.425805794883679	0.4954531947035508	0.5851660495048477	0.37863819043557445	0.6641801755944072	0.867580829452146	0.26639669451862197	0.24181056245432966
NPM1	0.3780517428961185	0.7946057294729203	0.3486489482594595	0.4246249643170944	0.757780760078903	0.25209619490299184	3.430032707347751e-20	0.20458062712223693	0.6893584732658611	0.5189240513236196
BARD1	0.23449446879171573	1.2261297116043346	0.9349431673919888	0.5757830747422601	0.45608748715886327	2.651404175288728e-18	6.972804215375712e-20	0.3125172351135604	0.08558861243019097	0.5331374966187272
GPATCH1	0.012023769552240231	1.4566047902850419	1.3994586546821883	0.2762448120936038	0.16949839376044815	0.5676099674981648	0.001032684930031382	0.10859822378903294	0.3142519604351236	0.4379487349328901
L3MBTL2	0.39325735145533147	1.5421671841381096e-19	0.6742473012963447	0.054627076063299466	0.7838921069839503	0.36603979195238173	0.6923673502246674	0.3894625839870851	0.5735932688377391	0.9410715243572823
TFB2M	0.5849325577002623	0.7030000399798894	0.8657939770396066	0.5898385744809427	0.5664878028214325	0.24946249363917483	0.4427912934452947	0.0645203815946474	0.11171635528633983	0.015891991679512326
GP1BB	0.013820284988939358	0.778988469181669	0.0989819801966055	0.8351065565018788	0.6664753946900486	0.15275364458562588	0.4340285532954541	0.47911666521106927	0.5853527189044154	1.3078479954679794
MRE11A	0.012357458054450281	0.869416813124622	1.0374022017861448	0.33018423062062696	0.15445114214799555	0.11309003316019395	0.9618720294785781	0.6498291780446516	0.0460885739721823	0.9099104029911512
CENPO	0.049947027432611785	0.9281169975716616	0.4265900664729926	0.5503684721964367	0.22270598175457285	0.5012200604059521	0.10694660333414922	0.913013529002627	0.3208734982951085	3.4516109591264686e-18
CMAS	0.07950016467126761	0.7249958789443467	0.5277822218886952	0.043603819485401374	0.5696111192738527	0.36331940109741306	9.497084308997729e-19	0.2776415240277775	0.07419119325741767	1.05613963488961
MAPKAPK2	0.2958102370562086	0.596718719564116	0.07851167933023381	0.6423116451353239	0.6840721233651067	0.7236019405038273	0.19757167129262573	0.6880208876575457	0.26646140751121633	0.1487181260968783
SART3	0.6042997006234362	1.1204830089530597	1.1840059023764478	0.5901962789436477	0.08915999951009196	0.7073401137458183	6.067359206661177e-20	0.15727973054791736	0.5431106921412162	0.58849972680204
KLF5	0.5641470206638705	1.0236455355607896	4.023118207962677e-20	0.015146797840209203	0.10902180210010926	0.814658360334603	0.13158719991911888	0.6712304729801823	0.8983671878671015	1.1444278081556605
MRPL12	0.6138375105735748	1.233075417384004	0.7708842133409949	0.41833401724812247	0.3700015392432354	0.30338997302141957	0.20400808161894304	0.12440686413909952	0.38414539861052405	5.68653532201732e-20
MAP3K7	0.5965449194540942	0.6971572088908052	0.6418837656379626	1.475696261435776e-20	0.025682769604031444	0.8587203618973641	5.532167673265278e-20	0.41464379236727844	0.8712832539380574	0.6540420830489226
UXS1	0.35884114515467647	0.7167388852985582	8.067192585295244e-20	0.3367683247599552	0.6750720969718152	0.6358617182513572	1.7919340289704807e-18	0.5969058374797096	4.5196843171712765e-09	1.1938152199733125
NAA35	0.19379348326306386	0.8255834804710279	1.013516781681618	0.36184165027139564	0.7788607234478899	1.4926171584799412e-20	0.4418521586522259	0.5354454475169639	0.3009595507434621	0.14317652575470635
RAB5C	0.42896020446726646	0.4913192250401774	0.6886985085539344	0.09315319382240912	0.037715417195400815	0.5232117298871295	1.342361268116693e-19	0.2241521842508108	0.5591873149616494	0.9083946866002021
MRPS15	0.5135187380788763	1.633985371099898	0.8219893891671035	0.642507116101687	0.7827374731086754	0.23416495937871726	1.5411142853214558e-18	0.034777459022211604	0.7039463686497964	0.21164808933290324
TSG101	0.3677058899808158	0.7196015307816009	0.237406272833471	0.03141072301930248	0.5589120008137787	0.2522785851764194	1.1941849498269514	0.7537786771541907	0.24967551987801437	0.06372560648390793
ATG12	0.5051380239328165	2.4841875088640214e-19	7.919767413449056e-20	0.2243029421097194	0.5697749467086395	0.6593178244814281	0.06843572878603213	0.6797790126506117	0.7028113184205843	1.0227059674810328
ATG3	0.10543006338024846	3.855662138175806e-20	0.18892722763685885	0.612563670123814	0.28226596595861125	0.17511100960224044	2.0885940127304346e-07	0.34934100430000825	0.7694546607565019	1.2068071750374723
ATG101	0.24568872018544163	3.92008825954935e-20	2.4016201101934314e-20	0.42220057967860625	0.46748505658176015	0.6373781810258351	0.07146919598645227	0.8033924945310147	0.4733713437571729	0.9670330562899906
PSMB8	0.35319114496050646	1.3188784917480646e-19	3.034381301631027e-08	0.5714510942222747	0.6652476538859142	0.32835363415974245	0.366872833850789	1.3769980371493458	0.7166042164552685	1.2872016267303874
SOCS1	0.4599892800691291	3.053740662698009e-20	0.241612421349689	0.525966859643986	3.7758645641229673e-20	0.76738497932005	0.038994171745982964	0.19609925067793216	0.7135564390724032	0.7291255492123103
VDAC2	0.42046593338594895	5.916230583749305e-20	0.3049245932885296	0.27610191748076796	0.0476835223184728	0.5676183314909191	9.606015431246515e-20	0.5387204390279908	0.9185475584872552	0.9984310185037654
JMJD6	0.3706648467532868	5.495049444136794e-20	0.2659225713927006	0.16349841168058876	0.7703529215328344	0.8790575055456684	5.52614583402879e-20	1.131663552810142	0.6952183173943869	0.844335874259434
EI24	0.0910949530217471	0.3344011029800984	0.4695601907400765	0.7012383893859557	0.20857206476081092	0.08378921803312463	2.131578918121064e-09	0.860344199575788	0.612417543049471	0.5331557600733177
MED24	0.18799556682538976	0.844850344924211	6.3714290095256e-20	0.22632309742197804	0.37939610808982027	0.23307729095430074	1.0722826237871784e-19	0.315312973776884	1.0477352874065013	0.6128068253077206
SAMD4A	0.37004483649752073	1.024347295550287e-19	0.3531824500722027	0.8545747449682639	0.44181224465219976	0.5187154536305297	0.7610652936338136	0.4871156374544806	0.21702516341341094	1.162833097749673
TMEM127	0.5025241407828605	1.2500352374343266e-19	0.4647897940198455	0.4583429833690411	0.19861195879499932	0.49696046959877227	4.358590269410342e-19	0.5844449972928817	0.27543131849408914	0.711053317389672
KDM5C	0.10409430053606096	0.010072235079586545	0.5942272400982992	0.34715441313784257	0.8957635461995098	0.9600868482489264	0.36904700603843044	0.7128958467808633	0.24714398044817346	1.321861418494769
GLRX3	0.1290263957563673	0.03170300679540061	0.2990348439396658	0.32292703865584244	0.3762973812766742	0.3682675801399905	1.107524962477793	0.19101630625847077	0.6012714293942142	0.9221046784134074
TNFAIP3	0.3934763284450306	0.17333859937817755	2.5911143893466472e-20	0.34614015399712184	0.2704876859193804	0.8931657651941521	1.1607972762511345e-19	0.6248306711960364	0.7856378471016611	1.2759583150826261
SRCAP	0.36261666538449616	0.9876469318686134	0.5933133830754598	0.2339355220647681	0.07137021449543994	0.6579549227297562	1.202298452376508	0.45264522911751653	0.05069103383071023	3.8573885670621617e-19
PCBP1	0.4206965629817352	6.389073374849888e-19	0.4547371976905725	0.563099024498852	0.3447494131082292	0.5580785499346448	0.4154722130891057	0.4585751011003516	0.13258118650929407	0.8504959298406217
MED16	0.20107824485543316	0.9542235739443067	6.717083520832397e-20	0.5030602787228365	0.8088216197549365	0.45612852363277245	1.124589007303499e-05	0.669475210287183	0.8276291776524488	0.569471668896724
SETDB1	0.6100350729634171	5.227082902508564e-17	0.5267831943821275	0.6696781415833024	0.06037787922749588	0.08484432155005443	0.879048844326227	0.5341029907156526	0.6033224331216483	1.0389408641809585
RB1CC1	0.2594466016922611	5.819200297178623e-20	0.18414042599082503	0.49096844891619984	0.47504643359384663	0.7173359190404391	0.09747515474685746	0.8393403857928629	0.6276650270328736	0.5893843824993734
PSMB4	0.22301501472647298	0.3805246679087818	0.8298373248460854	0.18074773510861952	0.6229825949490816	0.7518430678398978	0.08915354873699405	0.6183604012030702	0.46692969566533293	0.6538211296043384
DNTTIP1	0.6762263827405297	0.24134789028018638	0.20166173345871616	0.31519743760338287	0.5194893133207191	0.6510558560606821	0.00443720946237635	0.862261635607187	0.7727689171520772	0.7838829493312015
HUWE1	0.6930361177758013	0.701437813168421	0.817099114297305	0.09879436579398143	0.18901282120611979	0.9595354781254994	0.7146277535177238	0.8285974556637574	0.484422686584186	0.25502362988712596
PRPF3	0.6461059306963732	1.2794207195750908	0.09584430869479467	0.2180410448579774	0.14954249752075272	0.7500936724333129	0.002999812619898919	0.7529998560159509	1.04079298224399	0.07048686584688933
BECN1	0.6195492497944147	5.561051937908756e-06	0.225722701298127	0.753179288518745	0.13945921431922598	0.9606751496352384	0.5493337931090222	0.29281084584018285	0.40437738156188396	0.4198758040873364
TNIP1	0.12798732231221233	0.6136398484827698	0.28140335752421275	0.43479998221151805	0.8070003086381276	0.6110221615543799	7.46463793834676e-20	0.769406961027817	0.5485590572386683	0.87030833520785
RPL28	0.3462944982318881	0.3583135083206005	0.09561724735722807	0.8048158286505118	0.38214075247743573	0.3930093999214884	1.0418105949152652	0.0999947143735451	2.2375755290217524e-20	1.0235721330437955
TAB1	0.36912091432254307	0.1730735199912386	3.1719607428960815e-20	0.6438431779066932	0.6021888999760182	1.0134340495117542	0.25206881771243445	0.2949998444820756	0.45830154787071287	0.33738865324576817
PEX12	0.1603428125239791	0.07432094396648345	1.2059852658056923e-19	0.9251922524193308	0.15589018989754105	0.7174606035707012	1.0785831118631348	0.48128891634013093	0.4701594127803722	0.741755138261863
ZC3H13	0.5240550160398755	0.0028093777248678455	0.4223253754756903	0.32530221413104354	0.8136449137762249	0.8702533891588989	0.5795873365475747	0.5765102397256759	0.08302875228847685	0.4459667427333528
ATP6V0A1	0.6739153470554561	0.6563589573182692	0.9167827499308102	0.25961027809289655	0.36379000908820097	0.32142805495947785	0.17847568069111341	0.32973917457824764	0.5228821138736534	0.5836809651416344
YEATS4	0.6355294126119302	1.3159281867002255	1.2247161918418388	0.3315812530999432	0.4664233989208508	0.5884435001075885	1.0795625200075323e-19	0.7654077106975079	0.1354007806413945	0.5406946363312104
GRB2	0.079983611331259	0.3849850088693409	0.495690727225392	0.5176005913782457	0.4012389772791159	0.2230763531433047	0.46211229399375653	0.9129487321406019	0.41176144271826204	0.9952305104079824
INTS3	0.43723125769729443	0.2935077999441726	0.26176159333255866	0.41482735306015717	0.47034175044119225	0.4754800254175537	0.35549445402604596	0.5186073376815223	0.6171575643320244	0.8755045732990785
MBTPS1	0.34048060169931255	1.4013025455621673	0.33510268812196037	0.42519822693843284	0.8335321818924423	0.3451204825208705	1.638181991028357e-08	0.7186458080238741	0.529339819973702	0.48457038145397857
HAUS4	0.623488402211238	0.7839760312798391	1.2455114186525942	0.7725177188407178	0.7048583639965368	0.24612899756121268	0.15961480020421848	0.1784655782633532	0.49346079654487596	0.8399962275574702
CSNK1A1	0.7361790542159122	1.121631504232572	0.5759477656560866	0.455953892273893	0.4374501730497564	0.43543137624259426	0.6363843130075075	0.06417242170596121	0.1324476963547235	0.34299149816149654
IGBP1	0.3973675538266409	0.3931881961722892	0.9856714065162728	0.5252989594532426	0.15284248640712444	0.4992284252828158	0.34237131122671355	0.32625465386709784	0.6975076473756378	1.0501332064203939e-19
MED9	0.24098752288941835	0.9713790593556967	9.73900135622552e-20	0.3933362439158794	0.21152514608614698	0.489389045079548	0.782294014591074	0.8510204588731499	0.43234720119717995	0.47634051979860825
UBR4	0.5378825006813271	1.0240974515197598	0.07284278711249684	0.28634053112128255	0.21537929718572035	0.41260377878308446	0.5385868062561023	0.6450433112410248	0.2100929577950144	0.9042209995229102
YBEY	0.18348495372620455	0.3383426574614574	0.11074627723562483	0.28482764539548344	0.8725419752679128	0.6048486077149897	1.0486759207997338	0.2554232426724098	0.5621558037176011	5.440507924833579e-20
RFC2	0.6155792132505801	0.7315997474518331	0.7687544930186209	0.3607170082591386	0.7226455372452244	0.5894847433292235	2.0993813476217398e-07	0.558840173780315	0.43170717148788934	0.10196518831735951
DUSP11	0.6045133779153937	0.748832901241402	0.23201154547305247	0.9563142120144704	0.7034760630316437	0.43917639634100136	1.9758585330156233e-12	0.26335809391336407	0.7689390597369052	0.29098077105534287
TADA1	0.25180845700314713	0.8715172973496584	4.742200140143775e-20	0.9954053658367171	0.4200850107080008	0.3679733371113214	0.6356259374616584	0.16356456066837835	0.1900204953803162	0.828785519874669
TRAPPC1	0.6846372404806921	0.8299277200452138	0.2927156362108926	0.3707787185633134	0.6595529279685755	0.418033103062458	1.2320908670380601	0.11511947239337816	0.23829632846042326	0.23755089868516155
PTAR1	0.6746308455395231	0.7459157877535167	0.6839036236147298	0.11312425945191877	0.010373199578189152	0.6554212581919929	0.6867090244784811	0.07623212225635569	0.7536776340942989	0.15801879052955567
CANX	0.3273150183637861	0.8835822470682507	0.08520534927418844	0.5966271729554858	0.29905173232829496	0.2095243473032097	0.6005431670790241	0.7353045225734443	0.701268499359359	0.07546319079600881
PIGK	0.3352761124931951	2.672332609008794e-19	0.7377777898743717	0.7932649743763273	0.046697004818662374	0.10734830112664522	0.44004788218125324	0.6645571212616596	1.000143830084789	0.531081763806609
MAPK1	0.32397329984619605	0.46445978480245703	3.191962947492293e-20	0.5211546644322038	0.6228439484575372	0.5684968817513018	0.3691286015448045	0.27174105323215303	0.34532587214203153	0.5991565027171136
SLC10A7	0.5893737252028036	1.5787688114163737e-11	1.076353993321865	0.9161253927977049	0.4755902583950484	0.10159818093682885	0.4906886062595729	0.4952403954362365	0.4524537833422941	0.5064998120412729
TPR	0.645454284271062	0.6382857653975512	0.2529403260158082	0.24651437732401077	0.046064215712467854	0.5879039014392574	1.0677287754254303e-19	0.5382798729300978	0.4383568896439498	1.0318859964117928
PTPN1	0.7145931229816733	0.6983946128363631	0.761963922090495	0.5984345724648658	0.03405151458648572	0.7565226573194518	9.085082821247995e-20	0.8713894104586114	1.4039067740832465e-20	0.43031963031195114
HNRNPF	0.7445844019006896	1.29451561810729	0.2901008513351442	0.31549873002203654	0.29086135038695665	0.5082885701486206	2.2999396205637847e-19	0.6839575509328717	0.050366194651920264	0.3221874722556645
SRGAP2	0.3121411012395061	0.33092064177346986	0.6235619964160909	0.38946571914017014	0.7180327402045041	0.499987269512877	1.25843351013632	0.20004460818152944	0.6109294177156873	0.025726163382361385
USP8	0.551021952213157	0.9041442957154153	1.064835976654013	0.13976373300037337	0.6420863827434619	0.7403720856871427	0.103896820903282	0.3360056610320707	0.34047722124931695	0.12350112664424494
RANGAP1	0.22702588612394606	0.9998218288920375	0.6736212709928339	0.4643332646825886	0.8638241622403703	0.35831333307518504	0.2870502112291689	0.5976529733472296	0.6459355307866341	1.4596336775546067e-20
GFPT1	0.04581416863966365	0.9620254775651103	0.43319312976558294	0.5806870399185158	0.6017894320760871	0.5815766190718826	0.14483814916755658	0.15720615759102824	0.059754460777709524	0.6930992846399427
COPE	0.16508678379701616	0.807520521297543	1.0923439299844686	0.33786785818157006	0.7135445369403585	0.5848812277616674	0.4832276988342925	0.1327757888521769	0.9327804527117465	0.7396054395451638
ANAPC13	0.5866275954605934	0.30083977896130265	0.14077385840822904	0.7976885030406161	0.1532516989442212	0.6810044600731887	1.0322601201998467	0.31347215203192696	0.1958372972511544	0.03515505365513279
STK11	0.17933844527388748	0.7777822822406273	0.20303661901320805	7.858374183601111e-19	0.11415397717005991	0.510008962760234	1.402728754405333	1.018154981911909	0.36991341258430094	0.19130683560906128
SMARCA4	0.07821632494407887	0.5029422873661721	1.060878332883591e-13	0.7037429261551992	0.18051469831231395	0.9565838889881624	0.5589420237075053	0.7549861543360481	0.12126262494223167	1.0743741229634016
IPMK	0.2487660279110945	0.4993424986566551	0.2998334904851428	0.717995511967016	0.13528065653174284	0.3849514953895176	0.3438989665168132	0.9571406132606299	0.8137030119593998	0.7118763459706068
ANAPC15	0.41998266793199723	0.5937218144438586	0.537555748110058	0.5152907987019727	0.24458214277867718	0.4911740386456531	1.9319934217806357e-17	0.060957182783201815	0.45099496933580413	0.8886164347262292
BIRC2	0.6223413211235415	0.4109635413283823	0.5858443821819038	1.3484540456819623e-20	0.5290883357508838	0.8997826004298966	2.02887946880841e-16	0.5991537826127389	0.7008422535570111	1.1362142063982028
RBM10	0.6482011622491847	0.5882645281419432	0.3483340483250694	0.39613800527649207	0.33423803474996755	0.7577722977206721	1.025995218731442	3.785405432856621e-18	0.2856362415495897	0.9042716628113822
ANKRD35	0.04247222670305684	0.29571656002619484	0.6646225013049817	0.541174222600148	0.23892153816113448	0.7757071616536196	1.3515306069792918	5.151646701467299e-20	0.5625281802807106	4.2504384175388995e-20
MTFP1	0.05429263746426506	0.5234937503716497	0.02919379806896842	0.6653494656717066	0.31690473196791885	0.5520321902910585	0.817602751176461	0.1050831596794155	0.597741941935875	1.1760457343514008
DHX15	0.6927764640240274	1.065584620898885	0.6472333616290444	0.25138771590788217	0.7239844909260493	0.4968165369861571	0.11301261658146171	0.24115141585463964	0.5906611320326156	1.2542006021063372e-19
SPTSSA	0.06738840150662959	6.547945796444362e-18	0.001687585882797769	0.1911893040926055	0.7497051881851039	0.6114877155375187	1.5375880360552159	0.3351716117910284	0.1680286462807408	0.240138749875313
UBE4B	0.2908886357289358	0.44977747938010754	0.6471042026981539	0.22861667117409215	0.12422618719029427	0.12144204829768435	0.4229329821599636	0.29799331191495093	0.6513777204148965	0.8534105708142121
SMARCD3	0.01049754338623532	0.17769958878168685	0.40699786139040695	0.30426686021429616	0.7497958844531494	0.4169192179836333	1.7522507859573493	0.6757612993550342	0.780656965938749	0.02230383838535246
CCDC114	0.028068989376039112	1.1166019623073906	0.6433950279103301	0.4072011774280007	0.4019026223483959	0.9286052314035212	0.2295686644390959	0.12988676063303556	0.5552948601066249	1.047676709507627
SHOC2	0.4989405538271091	1.3050362744287374	2.512630271269585e-20	0.791419610458816	0.08092851554146617	0.10783845690933197	0.7410516487716571	0.21888767983372237	0.3472787178766063	0.257683432271746
CUL2	0.5484417419037128	0.8168006864867767	0.71899917194852	0.500469020887788	0.44936176754594814	0.3385863001726374	2.4629000623870128e-14	0.6901682023785563	0.5763181248291785	0.4530587984580312
PGM3	0.7422787319106311	0.5335338718034985	0.5999926804949729	0.29055616899264053	0.6225127468499301	4.506328475460837e-20	0.48508007891136945	0.26453309035483324	0.3139314127249567	0.5428176444319209
TAMM41	0.2286056434865959	1.7058061623591705	0.5739355990137883	0.6113243789696116	0.14858959054569615	0.1312008622335491	0.22443797946978836	0.5117529021810411	0.08771811524132006	7.368613162642527e-18
ACTR5	0.08164326715386229	1.2750736837404124	0.05374721701119282	0.27572286987619554	0.02366727296508173	0.29790384578391343	1.5828761261806723	0.7811233188988506	0.2863601370277812	0.4756995685370242
DNAJC9	0.3149492958459901	0.8270657253885101	1.304817848248486	0.9662041268010156	0.70771721723679	0.35589267780150274	8.105826069268955e-20	0.005070673012212955	0.5137066349522544	0.5181134107156504
GET4	0.6973090049232238	1.135085485692016	0.31957207106382696	0.08407226446876159	0.4518885136922083	0.6310040702621846	0.844844115318446	1.9782225637668432e-07	1.0533685758972362	2.121680167692193e-10
ROMO1	0.35638073640554846	1.0165108424232456	0.7969995814400685	0.40270286609769346	0.8532139686737102	0.08719893570181796	0.42262660520190715	0.35865160550386244	0.7910363006500852	2.4129083649955906e-20
SOHLH1	0.2406280624762317	1.6778028897640406e-19	0.502132792569872	0.26820070157051873	0.41701689093626115	0.039582621315074056	1.672689827488421	0.12910282152600774	0.310635348420326	0.7708330917947355
EMC8	0.4181593951611422	0.6973807854802728	1.1245392839887233e-19	0.2313074017843837	0.17775520429032565	0.36590234720247455	0.19681751422329546	0.42994673075675127	0.5608557922560402	0.46681932859555225
RNASEH2C	0.3668900285171505	1.3257194373602097	0.3018211735691785	0.44663646555087416	0.2977119847417385	0.2588882057768187	0.38145161240682984	0.6341201905083839	0.09274822300107921	1.5367815622201048e-19
PHB	0.4936590558965634	0.9246049253395002	0.6567686604012979	0.5050129021687733	0.2902570254558964	0.29070427884611544	0.36561908263758897	0.23401006909215089	0.6495413634813983	3.2863817691340324e-20
CHTF8	0.547832366171365	1.1041873412862113	0.1934076462019216	0.251493118939919	0.7131741601468081	0.10559876225540715	0.5615181348608543	0.7443941071181809	0.1539255299601048	0.8071419309923125
SLC35A2	0.7250717126838294	0.9087672621517862	0.8379792826878576	0.2059887073275065	0.7904613004075037	0.1590630504195572	1.5845849931922643e-19	0.40615681279107485	0.026234776819525043	0.8165055704012206
PPP4C	0.6422899974449227	0.6841581222011215	0.4809060167731913	0.686407046541094	0.5473732617012599	0.3483504911416647	1.3116820276346444	0.12115091469536592	0.11589374321469822	6.455041397907356e-20
RTTN	0.4760687615325752	0.15631606289789396	5.438992873238658e-20	0.6477624513743588	0.21925436291820777	0.41007605741077763	1.9227915930953419	0.5656734445866286	0.6194665378017252	0.02653421585597706
IARS	0.479316104584571	1.7106713057408092	0.7945893086861484	0.45554767790195716	0.1816226568445262	0.3204289923107673	0.1706687946962163	0.04420257345243595	0.40161310522556476	0.4069728607374935
GNB1L	0.09763875732365102	0.9873845078629502	1.433296989410556	0.5201358938348631	0.11855137746209381	1.1464255444073015e-19	0.03801395894241679	0.490568671964318	0.5188527188694487	0.8788696192104372
MRPS34	0.17042275741623408	1.2040674772070474	0.9553546936672026	0.5766617313648168	0.3145040912175882	0.10301945850473807	0.4054125871806719	0.03444001350369632	0.2910956517828233	3.8229752837197e-08
CPSF1	0.6757418507998232	0.9657502670277298	1.2047794417130275	0.5250443307121184	0.4256651584416803	0.5778682059431297	0.0044938029502300265	0.11606316440020024	0.12301442067071802	0.056137648418583236
EXOSC2	0.2719655916155874	1.543771236815451	0.5540914921856293	0.49730570469575874	0.43239234032447144	0.4776876562977127	0.13103906200697946	0.23457600786923818	0.18270943828094932	9.017919653655023e-18
EMC4	0.24067191007291194	0.5590844094851738	0.02760476895165046	0.3410660808723431	0.18170217450610268	0.5335872039658536	0.3198786360392896	0.4848409886186072	0.42817277071641446	0.9276465021030788
TMEM165	0.7001507946300691	1.3092089783718512	1.2126006614947873	0.03818813013975968	0.5728469047633464	0.693667581373855	0.30759798308017894	3.7458780906836883e-20	7.512238349353282e-20	0.3717917204340244
VPS25	0.33196169654803437	1.274966233209461	0.6533927719503937	0.19022778493523643	0.5459547348756636	0.07318552689335489	0.11287801010101224	0.36537437372716736	0.09770223355463097	0.7435370474075558
RBBP4	0.6063775937127012	1.5956683059122436	0.44549452130810513	0.3768301048299953	0.5469434563643166	0.24860385160782153	0.04372544507886127	0.5484574865257043	0.010532401767884626	0.34483362692161273
MRPL38	0.3538810200954241	0.5566646183726294	0.7555402146580424	0.5719853381433541	0.39819451880313145	0.11050430447637746	0.7277530117884543	0.22609980762340656	0.71417303977062	1.5279283864885208e-20
ETNK1	0.11493732344970596	0.6642380303671997	0.38377001231939384	0.5571798249563464	0.3907743517514519	0.04871874127581089	9.140579389420647e-20	0.9981770619838468	0.8792686490721108	0.9665719757451657
CCZ1	0.10114842152437571	1.1089014988292027	7.536423118111792e-08	0.4628113558721132	0.26607449291955565	0.7754027019765322	3.628042250179381e-20	0.6075907297077349	0.6719676885889553	0.5665054056143637
TIMM50	0.36888783179458107	3.546570386330312e-06	1.0881354462239643	0.6901207138891953	0.5859354348931761	0.12524302678851676	1.4155140642015367	4.6136621848667087e-20	0.19284632782112915	0.691547824103293
NMNAT1	0.0294261352356857	0.4825322713662837	0.5895912942501027	0.5697190660329926	0.5439905247675867	0.9857418536717673	5.182777001932238e-19	0.3440182790808237	0.9775922312814197	1.2736548511593158
ADAR	0.6965177564577515	1.2868632391726211	8.852379488026611e-20	0.423556183085651	2.2369436720699692e-20	0.38524307433416827	0.0031564348338902737	0.44507870393262855	0.8397763852136617	1.3464419469949658
SMC6	0.10279299719371672	0.7000675815573771	1.0393281699685895	0.6131288782471868	0.4455255060046908	0.2835086930428293	1.0614815289542905e-19	0.07480193109151702	0.5981732563546438	0.23057580999188873
PPCS	0.45785149840071926	0.8788799026757081	0.28986347461545675	3.3821203881422256e-19	0.8176906454160682	1.3844361239037308e-18	2.603672673712516e-11	0.7825207020582261	0.5646395718059547	0.8121522739489414
WNT3	0.7131292234483249	0.3752758589559453	0.9332869421433309	0.5693617051422954	0.1622726543272997	0.7035584443110774	0.6459960780045751	2.6042593488459077e-20	0.4487761671209703	0.790188896176011
ACACA	0.21090625166441176	1.5958162892582924e-17	0.8054212204323871	0.4471727543901952	0.6896428941599485	0.13018232893812587	1.224641633569492	0.3690343531941014	0.2606607938492706	0.19721925955724118
SOD2	0.3716705020331109	1.5819072434742345	0.5153025721022543	0.2154370149897924	0.5051339657319077	0.3496552914149788	0.3811605738887833	0.39639640344816723	0.41464097961432156	0.2703791960297667
NARS2	0.5354207916757113	0.8736079909487213	0.6313898284638731	0.526787635668574	0.19362626362931948	0.3928832777071229	0.5432706027901245	0.44655310403124776	0.19394560691464377	1.1097743426915014e-17
COX7C	0.4380497704417374	0.5783603789685372	0.6412043075888365	0.5137197803609775	0.4183947878786102	0.24216586156395328	0.497802206734745	0.15049062869624688	0.15805045884560717	1.082462608174172
ATG5	0.25737589174749326	2.1617695249353986e-20	0.004472816798540685	0.2775295170350016	0.7649191690168233	0.18865634191228936	0.21880995861744962	0.1991528149771269	1.0676833525987397	0.3880635373420722
ATG9A	0.03474708721822396	0.21465951171735506	0.3623013509438387	4.066872652743459e-15	0.8926884108418893	0.40713291244163724	0.08332266533784291	0.8813361085452783	1.0589072544454978	0.7550678598991242
CD274	0.6946929781829115	6.331837706156401e-20	0.4306602565743195	0.9177434465017763	0.003792838432750913	0.6489902038115215	0.5320986346910971	0.3396914458666045	0.4339003093867783	0.6978412661526235
HIRA	0.7030823734932883	4.0805789258967023e-20	1.3183552533856392e-19	0.6651384067782016	0.4673282153787813	1.0136947229400768	0.9524804647376013	0.7588662899770615	0.2533934757763937	0.30179711030530704
MRPS9	0.471263648929249	0.38836105072223354	0.41891732178342594	0.5668842110932787	0.5493817890588876	0.022284112122812436	1.8756737613803292	0.5629484784499167	0.8316364824041196	2.2592927157570347e-20
MAP2K3	0.2776118382667621	6.328382428116342e-20	8.70822885090415e-20	0.7508478672905537	0.5650033171353464	0.5157465754478769	0.44934712528454773	0.7135444918698526	0.6331476242880114	0.4987102730652069
WIPI2	0.4231941445632992	0.12116852443610748	0.011757722716201674	0.35285214825138955	0.7922765643410715	0.5494874718259329	4.95653210403048e-14	0.37255415222335503	0.9691196618953853	1.0132714574515855
VPS18	0.2574355178142198	0.3583348312803317	0.7111486295860286	0.5585220132031864	0.4989063164743503	0.14505626164552068	0.9127927842715587	0.4228255907091567	0.322233546096407	0.2071428739594792
HM13	0.7216653413945929	6.714442065420766e-20	0.08643407128181956	0.3265483092782251	0.4119462176019902	0.49769326233590777	0.5660095630144512	0.38907887537678537	0.6302198929425368	1.1096741896444726
PEX3	0.6777900101864818	3.217388134819102e-09	1.1562780658086362	0.6211106547622716	0.11705351848888693	0.45859290871405084	0.5390068081075368	0.23061163342021093	0.7810899755693597	0.5714716083181637
LRP10	0.10803175935823849	2.7034857350645673e-18	0.9278799751877034	0.06282550825517547	0.511978285470769	0.5962616786870817	2.6599938455461022e-18	0.8364185585264641	0.7182996740928276	0.9882383536322674
USP9X	0.7604784478652242	0.5587937139739043	1.9882329484118044e-19	0.14655357840442265	0.3190917261797951	0.6815599186523986	0.37966432334973765	1.0419476387063622	0.60142370227243	0.9479224261773593
NDUFA11	0.23476484416131443	1.653215029382124	0.7340376104518285	0.46339618890911755	0.7576414893453527	0.6137058422914413	0.2963229256125632	0.0003664238127070729	0.3694373337765854	1.4187341903820382e-19
NDUFB8	0.15918520910935113	1.5913191472464048	0.7695970878299362	0.39118255539585334	0.3542461419468205	0.6084126815861922	2.1347330328090142e-05	0.07778443864859111	0.6135775321062622	0.4394837304024216
FURIN	0.6563809061226266	8.840281716503084e-20	0.252377398853516	0.18000361313454655	0.618261644567154	0.7939126971249558	1.1313889289208918	0.8957274068787988	0.7454789789136481	0.17969643556178896
PCED1B	0.3073054891838536	7.528587526323335e-20	0.12415846561023318	0.65966850398107	0.6364970947729002	0.5782679866598874	0.11504361937117528	0.6626063695844087	0.7534881095689758	0.9888170718432141
PRPF39	0.14843924074593007	1.6379587691523334e-19	0.9754812941190355	0.09735678330866332	0.582320031642871	0.6532272056869804	0.4944551957808741	0.6958752567717221	1.0323142479112173	1.3405007071488384
SHFM1	0.23049860260002764	2.0812249096680584	1.3085591342208227	0.3686553182619564	0.6479428581973905	1.4636299864090856e-19	0.050369328605277326	0.30113106195786504	0.033815321675307125	0.3452377945168438
IRF1	0.6874436627639927	0.08528657948077537	0.15554941908348494	0.39627786174977625	5.168053164352171e-20	0.8569399147725771	1.2807972455219467	0.7685850986594999	0.6404109453940152	1.253681604172954
SMG7	0.7914307550494356	1.165141674839167	0.8383215292544894	0.3037349948206297	0.3431027030694149	0.17832392518584478	0.2852492267071637	0.49837043328155034	0.14969799595977484	1.3541020362693814
PTPN11	0.4358970537178271	0.5662579457636819	0.813179481372417	0.9084715426763098	0.4172430190748667	0.41298912646302577	0.39105912241344293	0.17165717332506888	0.3733692136646799	1.7743361772431425e-05
CCNE1	0.44242281859471577	0.3783554605708021	0.7802083306178752	0.09311334193241037	0.29378814527499636	0.7222808761187506	5.20841879240067e-13	0.708229626648974	0.8199009590866827	0.8790764118271789
MED14	0.47697786907901046	0.9425517655661032	1.655013087412341e-14	0.7459530843426194	0.6226599685912243	0.8491581459421707	1.1598736351170532e-19	0.37696958861922275	0.16670422197484605	1.100724294900974
MTA2	0.13990099325072552	0.26904614515161374	0.7211510388223434	0.5408730624338508	0.316344376387555	1.0333928133400188	6.545175316544808e-20	0.19405102041420502	0.842223855256439	0.9934267453666759
MED26	0.07573866005670088	1.1476936863371125e-19	0.8284603624185091	0.6427255282918072	0.6025607101152869	0.6912772192117606	0.20969505118250023	0.5884904766201681	0.6638650742913927	0.6244982555545406
NDUFB11	0.6267800227189049	1.5056390373080435	0.18895099004526034	0.6789073678729831	0.8323103532792159	0.22970564602450055	0.9929563239535532	3.5708637906739136e-20	0.5001551757227635	1.642997614752633e-19
ZNRD1	0.16442838812247107	0.06943768278223653	0.9652572364323675	0.3885111840332867	0.8378581608635532	0.6795049304827534	0.9205353271458755	0.7705616392749812	0.5127628766247809	1.0031174819120669e-19
UBE2G1	5.271967209217247e-20	0.9951523950405016	0.27267929928000184	0.2168968106746629	0.04702908095199871	0.7103213042377704	0.6927249115440643	0.5251033785725657	1.008356162821403	0.31740050487801746
INO80	0.7388866442927087	0.38070370648674445	0.9611646623526408	0.3701882086119191	0.5472455534322179	1.0539240925409779	1.1321914286886807	0.17825330979760767	0.21272392071895693	0.22698588249809412
MED20	0.4549106454731612	0.9543130997433777	0.0019218544852455221	0.2922754457725167	0.6994377656367066	0.5798514403969387	0.6842288834908661	0.45569663201441984	0.1694523167881482	0.9491079423642896
CCNC	0.703639829379542	0.3130262609933269	0.25270850050259663	0.41621977718046205	0.5241834362221843	0.7613901521150542	1.1972888726968134	0.003727670106378417	0.3181425547476839	0.48256438051151374
USP7	0.6098711502711367	0.6499424668359272	0.3938916321141927	0.7563018742134746	0.866724464037605	0.6448798138021907	0.3379358917466521	0.2296842140337629	0.2921851004724282	0.6528868246857357
KCMF1	0.58558348313392	0.7558567702835415	0.5128174922989848	0.34096764688581366	0.06431194400095464	0.18512123663393978	1.0804461226354287	0.932316857220223	0.8243643799364891	0.6126006435156318
DSCC1	0.7588229615294284	0.6156594819827879	0.8377661769766894	0.3556205248524009	0.4053372891358436	0.6991602666234256	6.82165446414781e-20	0.3905867711936278	0.5420725574148078	0.8422545444535564
CHAF1A	0.18318527857309908	0.18354900413095282	0.3939001673450554	0.15590234138283682	0.40591412819261274	0.3342128887463861	1.1568994169788525	4.5518607653751176e-20	0.9044283202596921	0.825804656333521
LEMD2	0.3912637895321268	0.6813752126368922	0.5902115060899555	0.06198669424264213	0.7962297987158148	0.2160169214164255	0.6025560333315678	0.8871578793321978	0.04556257795681428	0.5641582976362044
RPAP2	0.29391101356888116	0.5736496568851298	0.2531904470552654	0.4739379933568286	0.07182158441566518	0.5613673128369611	1.605538449458233	0.2898787301394023	0.7045525113205723	0.2646569304186166
HNRNPAB	0.09340217547758867	0.8721101357747454	0.7833335276413472	0.8672471511598405	0.6585196121287005	0.13111359582928755	0.5525504279085627	0.6696746917548646	0.5368589175119176	0.7562800014283491
CDK8	0.2602217230806979	1.2892523902555764	3.2671951894240893e-20	0.5481988959171741	0.35202176180005673	0.5651286284550278	1.0841491274029331	0.4673333462565362	0.10055480713719012	0.37289183157574607
FBXO28	0.07647770935008226	0.001621503866556935	0.5049493861466379	0.32370540492861133	0.722481279289355	0.46069049075849133	1.0320604734467023	0.45128505887288545	0.8326670849825575	1.0404099848280832
PARP9	0.19553287062091879	0.9948835412329756	0.10120731673011311	0.40986022923604626	0.37164118276405583	0.461816548098358	8.876831972369315e-20	1.0233477661855717	0.9463800572321968	0.7285602835235033
ZC3H3	0.7100440960735238	0.19702478249247624	0.5370894425565219	0.2014183660405232	0.12090141863109194	0.7519907766727336	0.9000398204161405	0.8169013587584666	0.36135662071284264	0.23126123996744177
DPH5	0.1737630408607704	0.7229334917061451	0.8870539857416117	0.5045043217553714	0.2653313764012283	0.642437687520556	0.9753002627749676	0.7081438025731478	0.019555907749688236	1.412767383767632e-19
ORC5	0.4505265368345186	0.4953932622306507	1.0015022933661721	0.2716733526336726	0.7221969708749632	0.7867543833050802	0.7489020632753893	0.4604834932264975	0.3972106388277471	0.39954117918157933
ELAVL1	0.02561281298777118	0.38131928581150465	1.3531037305558045	0.20542965142376643	0.34056471142942685	0.8503592812190819	0.8090960676624549	0.2350595489757284	0.8653022370070268	0.46291011736495397
CCDC115	0.2168446066002535	0.5950824214550634	0.30603024451281574	0.2691194110928476	0.5268507748012721	0.4642113112094642	0.8206144733002476	0.5281743049385426	0.5955442461110163	1.0526515843938165
SLTM	0.5405204417376979	0.5449595928022042	0.47622925094932544	0.19629704095232783	0.1814008198793429	0.49322140181277413	1.9302088525853016	0.380326879194188	0.9557354940136823	0.692649151386919
CHP1	0.5976576128623783	0.2179994373864973	0.32065342497916044	0.8146480775694178	0.13704756314516015	0.6869060893634619	0.13141050457724746	0.8166662774491091	0.5979947817099196	0.4686394205490067
DCP1A	0.554983772341329	0.6005885024853401	0.0002508586088232262	0.3924970579668408	0.1267563769015992	0.9307539109114754	0.4772720141245772	0.8636175025408968	0.5471366508966821	1.4934320467470659
NSFL1C	0.5522128521794399	0.10981312554168238	5.137668967398867e-20	0.5668457135882273	0.39231328196487913	0.23288559995799568	1.1196795377928033	0.4069516414222099	0.9185632201221405	0.31815335270282125
ZC3HC1	0.4138441632096074	0.35527618028616403	0.34990000400149324	0.24532407299760858	0.3890042841353792	0.5302664644530076	0.001892519215285501	0.3634018659547855	0.6881761294840257	0.9204807295523919
NGLY1	0.8076584814374053	0.40054803397064037	0.6120892918784911	0.7876427162198676	0.19779024887057425	0.4973641746756606	5.535245136566361e-12	0.706513135405811	0.14304764465695954	1.4898776681061272
CHTF18	0.20033015522265338	0.25725603695251315	0.6673634341859094	0.3695981404568611	0.6185438592003493	0.628012480755012	1.3231370890375642	0.12227554008135971	0.1577931305027279	0.6053630275433605
PDCD10	0.7882099501469055	0.0026630616397189536	0.6099174335748432	0.8975685548338389	0.25024062897946053	0.42292359881846925	0.4469357922364759	0.4248803404163447	0.5367497535855916	1.2478380126068458
ETS1	0.2546509964507759	1.4215692177122539	0.3037233969469928	0.631729144166405	0.727744909199589	2.4138236357316043e-19	7.822687511586803e-14	0.08573021477777641	0.8134440213955665	0.5397513745781544
VPS29	0.42485472876464414	0.7051299538514664	0.343211006817755	0.4843059084399131	0.48708860572394264	0.41048118467281247	0.4030475194476157	0.8797467469299644	0.402556860778147	1.0300742223647648
AARS	0.542036231061039	0.8455412091825071	0.8596894189950427	0.5812337925966973	0.6637879570238433	0.292281524300324	0.20504187379691788	0.8977781329357956	0.5418924643449383	0.2667070980102317
RQCD1	0.43954203825826516	0.5668403618522534	0.9371818944140013	0.37573603883141615	0.19479142754265688	0.40331351114910946	0.2070667251310684	0.1692350643447614	0.1771752065795318	1.047328429178276
ARID4A	0.08254239859511628	4.2862363009475907e-19	0.7728773974754015	0.4344106816147511	0.4216400351620579	0.9177200624663177	0.9630891015741073	0.14541592870174636	0.7773232243912289	0.07005088974289252
INTS10	0.2046479015713314	0.12852259707239194	0.3268275021664007	0.6743436787016761	0.8611090040884273	0.6052746414797531	0.45763168317079667	0.06707650581462919	0.8340017672490013	1.1709052218306644
UFL1	0.6168441283862269	0.2711545603765595	1.0256677374199983	0.5596710432096562	0.648663416689967	0.8561774784603783	6.444996835676875e-20	0.27661989069801685	0.6121653306262284	0.8513677874369852
XPO7	0.23881477361708117	1.1946847162862054e-19	0.3424358501686197	0.4762247301267104	0.06526846162547638	0.2971750436357782	1.482874802495425	0.8981320013401611	0.9051094262495195	0.8010867164266909
PTK2	0.8058977459536599	0.9464032359824711	0.1857186619625359	0.452787895133351	0.2970800597411177	0.04347614581363408	0.09028063263677968	0.6959582383610368	0.9472955208071526	0.5506816130113174
YIPF5	0.6579163211465016	0.8942240843420481	1.0096960966790196	0.5186576653623599	0.43169160850557264	0.5628881077001796	2.0817993723528596e-19	0.130758489635381	0.35065744386901543	1.4394684017515793
NSD1	0.02240928009538475	0.9709959143283277	0.5694328719031871	0.32869079188552486	0.08970682218680537	0.6059629846435374	0.864039673837814	0.9446404364908754	0.2206317773907099	1.1206333544649774
HNRNPR	0.6127374877583153	0.2624655163463408	0.18714077866340323	0.57431864017951	0.8196244699567738	0.900500857227712	1.3334463778149792	1.140218766887385	0.8102915403195994	0.04740686700676738
RIC1	0.35153204797368215	1.0336073293370061e-19	0.0588134397965692	0.3488245417824807	0.2830805007669796	0.31676332756106995	1.1825623363917082	0.8436731681041185	0.05553773884196522	0.2405127629591446
N6AMT1	0.0870007568946587	0.7289884541579081	0.3882074175554719	0.8588828371402505	0.2187813315618643	0.4958071328231779	0.6422829477164885	0.5037953374908322	0.48349613313120426	0.5468731177699112
ISCA2	0.4068979353008961	0.0472136523064342	0.7759789533055368	0.5311852846546271	0.6047275110116018	2.2990153952596606e-20	1.5324733366636156	0.16594370084796187	0.7408592222066176	0.1654656777627625
BCOR	0.39590130421154346	2.5359055873248113e-14	0.042635958640663725	0.45465613820959305	0.36144745312494364	0.723959410799161	1.2748802671760164	1.239068498435929e-10	0.1402660421183841	0.4551162671895921
ATXN2L	0.13026335621709517	1.038095436054746	1.1358004016830456	1.0141923694996853	0.13927331825352832	0.4344493268052245	1.4909446339780333e-08	0.36215960527159824	0.4633727486777744	0.36208896695932374
ASB3	0.43083594768347083	1.0387320244051517	0.24793697871464268	0.1284289553725513	0.6004705668339421	0.5159453674928475	0.05685769899175165	0.32827893022180554	0.30187685207922627	1.2141091129056791
PIGU	0.6742864358001561	0.3176150225913182	0.4931162848647751	0.27722275329637025	0.4685794944549202	0.16141164824007623	2.2616067185593956e-18	0.22740705399238073	0.9925000130702113	1.073040574538585
PARS2	0.11177245468330939	1.153356312663197	1.282702879160874	0.32031326738654664	0.7425386749816448	0.33543940513135373	2.9007567657746847e-18	0.41078312785438886	0.4981266667143449	0.3775819377443642
HSPH1	0.6590918335330795	6.746912815417022e-20	0.3088991370246771	0.1560175455635286	0.2615587646953916	0.7622821398652189	1.0304620755131004	1.0363632103811053	0.971172943903344	0.6255510271301683
SLC35A3	0.6896621721985859	7.200647083557418e-16	5.64682616159059e-20	0.49004990274130383	0.4906038529645324	0.6269952321467449	0.8470186633460461	0.4817361922977616	0.42284052887687923	0.9159393763101733
TBC1D22A	0.595598640486508	1.32723511435094e-19	0.3551253645651095	0.6504892896243596	0.23518457899245337	0.21161753525229265	1.0892923618212467	0.22529037375861805	0.4059303087561826	1.0391754528514567
RNF4	0.11694074221480186	4.046129818458207e-05	0.7159456323112879	0.5818467562167684	0.7408381376364876	1.0579244804742234	0.31410214855805674	0.8957503559465805	0.4236343864845459	0.9291711834948071
TDP1	0.09667553471938649	1.003304270821234	0.7709201863349273	0.12761007532146101	0.7033484996846943	0.7812806818678119	1.3122068983504143e-18	0.6223031509241774	0.8203483856089105	0.5472412107168391
CDIPT	0.10248949417505739	1.5096282543865006e-19	0.752630212628854	0.46411430294078826	0.7791430142509368	0.4330732196732554	1.5170758881163509	0.05933363293366208	1.2049096482185748e-19	0.24544695813431544
PIGB	0.49894968414451635	0.30256984735716197	0.5809273229682866	0.6973404128578493	0.20347935366685269	0.8304036360721815	7.468521310817087e-20	0.3957106267310781	0.6183334998199456	1.1142418550047672
SHARPIN	0.3234623131719612	0.31186457979706844	0.490013925209128	0.57262588803172	0.3041568538339156	0.6326822172520146	0.2819962061043527	0.38525107584618834	0.5256111757015264	1.0775085268219842
PQBP1	0.4054379377259859	0.18683530499907988	0.3352900167835123	0.7200090952518589	0.767836062699535	0.4749411153139622	0.3906955855724848	0.715585692776355	0.9864521029541332	0.508353718504393
R3HCC1L	0.6879256423130266	0.818184122021441	0.18826509648666134	0.7451390536633868	0.10348562571154521	0.791492427103082	0.3511994311146419	0.9420928375933191	0.8784605298301359	1.261306548095869
PRPF6	0.1879383892329395	0.3398837257603511	0.5978917617307548	0.478200087138478	0.7457034918541853	0.5171579147251457	0.6807293360720766	0.3738025092544582	0.613651381978843	0.6331229414291276
CAND1	0.28590071790213484	1.0726571085777308	0.10026992923226631	0.6149959061532564	0.7948454288063403	0.8105786084698153	0.47885898946317773	0.9654992463460718	0.14352721844382058	0.4168787535795367
KHNYN	0.7844243556885111	1.8539658819561685e-19	0.811576056445452	0.6593974796569855	0.3161704139094625	0.6636708496121417	0.4745449559628256	0.6275576398112651	0.4874959853544734	1.1379144226250855
MED19	0.5684580845274473	1.0704459829738846	0.09413894993726193	0.656494591887152	0.7696591405863802	0.7463826178899313	0.371625104385135	0.39416558461020124	0.04352788609681665	0.7772462667919903
UNC50	0.47424370527781395	0.7829829104095034	0.5506689029034265	0.027285848473032566	0.7289084631368375	0.7797810898793802	0.5728455553018046	0.45581026054768314	0.7067897385184596	0.8923972267578029
ZC3HAV1	0.5227261997619247	0.3367001218672293	4.183332425353387e-07	0.6496974461289928	0.28767177406406136	0.3446352035530964	1.4946187925670128e-12	0.6905062496579019	0.7655541160036204	1.4059031016777808
RAI14	0.4682332393974974	0.392644094365204	0.29513516123770467	0.9233662541879951	0.6796866242488083	0.20732852983016858	0.3361436232481664	0.4565881367824813	0.20894057261750096	0.6225081997605983
PCGF1	0.4088850823362794	0.5765799562955176	0.5706932771589078	0.5570367954702359	0.060095464333754595	0.49187417276472484	0.5722491773478959	0.7938112405582983	4.73052626495551e-20	0.6441977913230031
TMEM117	0.008162415352499734	2.529472096931382e-19	0.7740050175284524	0.5780791794702393	0.7364019341690644	0.02553242669461082	1.2587073220910159	0.3644947199913215	0.9589779132184487	0.5538336204299974
PIGW	0.28460466899148207	0.2513574836572248	0.4871846718157376	0.8924081698842603	0.45727983170675146	0.8963893246345361	9.790056235991992e-20	0.27238901536899957	0.8421678672017864	1.1583890087942417
TCEB2	0.48281128331868206	0.3165370482046683	0.505666911961662	0.6526456258040262	0.19221525398943776	0.4259047424357443	0.8988184240722769	0.26807298490158515	0.5966627156986891	0.7022102529484685
CHMP5	0.5905831724676779	0.2059847636795053	0.10390234828687112	0.5603321088593938	0.204254100544482	0.7981964937199245	0.3451350097787231	0.8818346275186895	0.49634737508941873	0.5118139785495146
TSR2	0.38359248450362865	0.201110824709679	0.9409426507556425	0.5608042163257151	0.3988676159454116	0.5617237252174181	0.8859433378268562	0.10764112553994913	0.48295344712841287	0.08941744879269911
URB2	0.6506627729887898	1.6722681711483594	0.9699796611878362	0.6941237614435947	0.05968197916650386	0.4257331341223855	0.029413950647011546	0.4820012281997442	0.01630824797008469	0.573932053520937
LMNA	0.21698161691439932	0.7411679894425766	0.7943074770673447	0.1603406899828207	0.18720447608129567	0.11979491829623924	1.2047564776408517	0.4260227953268097	0.9277468875952075	7.611201291792908e-20
PAN2	0.5302891504229018	1.1047138740855913	0.46421038737287434	0.57787678549396	0.40160698313255483	0.48559515286595323	0.0043981179930648534	0.6370794414906453	0.21790190101670226	0.8543512265266578
DARS	0.3109865171111583	2.005110644848507	1.0920963007629212	0.38207450531246573	0.7703315614832954	0.22983234990511714	2.6122997932661093e-06	0.4114825469793416	0.6671989623835847	0.08277258336772293
STARD7	0.7000254159327046	0.28685358723280585	3.0176655941814535e-19	0.7205735864167264	0.7284574717733525	0.9707003789430949	0.7907108328327522	0.6749773192930846	0.8203980141453655	0.00633717317501544
ZC3H18	0.35120052705690535	0.5406215111448437	1.1369979405206083	0.5792108381714633	0.3234207816157765	0.2562071200913746	0.36454155661773957	0.32092523911887677	0.1216929752061495	0.4457167219754938
KLHDC7B	0.5953895660666922	0.16706482280707177	4.476080410070271e-20	0.3368197263560222	0.7426189532733217	7.28756576559439e-20	1.2531439700210605	0.3740091721279537	0.6823816921579552	1.274920359846226
TRNAU1AP	0.527216678300625	0.7823699296955404	0.6721018185580253	0.4905569834787245	0.23841684216639739	0.6178543677159312	8.900937303804585e-20	0.7917550116616645	0.6081605900897081	0.8633961898102337
RBSN	0.47866377165718244	0.0707908688211706	0.810813305754668	7.333946694113439e-20	0.5361288234324553	1.031913879099966	0.9336069704619702	0.23191603854032647	0.5751896624096265	0.7230742410287304
EIF2B5	0.7762926428698615	1.157497694464194	0.850136854614657	0.6801823568418028	0.8429973264391755	0.810337975227174	2.4496997337287622e-12	0.012455740807654587	0.7170070057457246	0.28267438178470056
PRRC2C	0.3603977178517025	0.003129282504911161	0.5677518788180163	0.8102169047125833	0.354822390073324	0.9258176422596736	0.584910509259814	0.4661484445190353	0.7769068986855998	1.3424897003147214
MYL6	0.6279049532324837	0.3389241692901994	0.5534850266496598	0.4773387380135478	0.24295738388561505	0.602473117858912	0.8895279459214768	0.047027875891876694	0.9340078695035914	0.6262551222374397
PDS5A	0.6274979790803864	0.385598566739327	0.4881768658729298	1.7138713367189953e-18	0.35454419416974886	0.7119300370135159	0.9271451351075567	0.36664228216764205	0.7463631070275702	2.35263732311941e-14
TUBB2A	0.37442124972633484	1.6918434757672893e-18	0.5511218507941499	0.039318458048473885	0.03142773087866401	0.33714758149851076	1.9946618989410265	0.6790581923829416	0.2894133240766393	0.717288454145145
SMC5	0.044685561604277405	0.8448161667584204	0.8964799275202241	0.7145749767491429	0.3181027027664272	0.02320179218899658	0.09569768338001133	0.6335509429927231	0.7320360473779477	0.48235921644319574
CEBPG	0.6320868951827542	0.533687743219188	0.5773121527180033	0.8560271659752244	0.4763176924176105	0.5774664368707628	0.002301286689242267	0.4097917656884456	0.6609575547129002	0.5405907140058254
GAS2L2	0.6962736348893322	1.4854326518318848	0.8957677058088506	0.25511643195907546	0.1055330717118971	0.5136832356132167	0.565098053506592	0.8473374263062073	0.04290490032300125	1.3753610796482455e-19
LSM11	0.3650520118086579	1.2032056320368116	0.5695757353386748	0.7824595571218872	0.4208783395816385	0.2526176571617746	0.33932458599418225	0.7207881563992047	5.032713488552061e-09	0.42533678477067177
ORC3	0.2111394376313673	1.1221776802251868	0.28908077282131817	0.6701532674258177	0.7723334576489918	0.2399133797086134	0.2391031324962044	0.8072235921574956	0.27780631121192534	0.611546835913287
SRP72	0.08483798957690979	8.900703434486677e-20	0.4193808716898992	0.8573276493760223	0.7695118153224982	0.5484693491097843	0.91667425667633	0.48867983666636455	0.23795297791133999	0.5208941643362937
TOR2A	0.5288282902382416	0.027747402511547864	0.1996238665546111	0.45843103991390066	0.12190321310576614	1.0320592828020734	1.678805415023421	0.7622406873007005	0.5449248212219491	0.428638464104734
MRPL50	0.3485986108957704	1.4635501202890764	0.6778097397279347	0.5350509771120003	0.8235263790042846	0.20934954821735646	0.5220416852380747	0.3124761466414424	0.37942386721988347	0.14599403862242674
MINOS1	0.5045802007782507	2.4136168347658056e-09	0.0692326514737063	0.4826834793990576	0.7775862730369871	0.035184475255952995	1.3303346928385607	0.2761993267312812	0.9815783260241217	0.24273556165177496
GLP1R	0.48876592587276607	0.6161454961708346	0.3926972185097235	0.5312422957456414	0.8242990099942771	0.08188056850703704	1.3891153327587236	0.4468428411706112	0.5615724670048909	0.9084207282500316
TFRC	0.44093198720013294	0.6353863482835157	0.895247400780337	0.7942237165036724	1.543776091300766e-11	0.4796125179533904	0.5994787914912912	0.5033242571756842	0.7126674827327206	0.3084067787265135
INPP5K	0.614957075330156	1.494474921546921	1.0335837982543807	0.506693856467262	0.13191145550069344	0.29179837361415795	0.08431295134362254	0.804574444141968	0.7170823634035747	1.486168020990717e-08
FAM50A	0.22009715038872893	0.5716974680159654	0.3083742902210554	0.4117911734847135	0.4788089918975705	0.406166257608487	1.3220254268542257	0.5786979570073587	0.38237486878131954	0.4692714148222082
FBXL18	0.059663181067974295	0.36008536997066043	0.5645170349490429	0.6659582162593501	0.06109450096514105	0.95735774229976	0.6654870689666611	0.8464451295887787	0.8420604660086517	0.6658156587320685
PSENEN	0.333084286356519	0.14412703206111308	0.3386597333142137	0.5399728759710798	0.37390737188021034	0.5747077401369645	0.49690931348991785	0.6987602493184325	0.3760371521528415	0.7705881845350555
SMARCB1	0.7141732959084884	0.6340641806291576	0.6048485781412078	0.5295619750649425	0.5622839443809445	0.04472249856913111	0.8523009860807647	0.9862704837655802	0.655538611023465	0.6310530145641136
USP18	0.4923279347820875	0.12375044728187798	1.8091271079414784e-19	0.6519455246542224	0.47057151789620305	0.8235131491178986	0.2670362357177779	0.8243348845916115	0.31633305861137856	1.0359176275583877
FECH	0.25700800547282204	0.8828983878551532	0.5872281517044691	0.41389332168822407	0.2058795808601259	0.5511657370051963	2.1207489324834333e-19	0.4409532431892235	0.23990513276311187	1.0334485876086195
VTI1B	8.060781843398475e-16	0.7525446887985638	0.6192346792807815	0.5647573502953814	0.6068376965713279	0.2726865135054251	0.7188441731162869	0.5700883494585735	0.5759840482067906	0.7701367190216684
SDHA	4.524992590265685e-19	1.3768091859086893	0.6671436583779847	0.5722108354701988	0.7880851935372722	2.478648604545256e-14	1.1522290297017004	0.029795027150496194	0.8731334827312006	1.9446192514906688e-19
DDI2	0.6080924956770599	1.0644893176189939e-19	0.9277520526082197	0.4773872188139009	0.2271236226144039	0.48507643277829227	1.1048925615922518	0.2395545142622107	0.733571010851233	0.7828427295695418
TUBGCP4	0.31849549133748856	1.3414954962980334	1.103887060200549	0.5179930175054293	0.36956149722317944	0.38969179033276696	0.30155357327300775	0.18666703273674426	0.019587368313427903	1.194682837620529e-19
CLUH	0.13039808678948908	1.1792722602673207	0.07028159909421938	0.2486108802489665	0.4494674803269757	0.7227645012797645	0.5726759354983855	0.4456393795873154	0.31833343766957695	0.9211221361956209
EID2	0.13161249290833035	5.57752554603317e-19	0.47709692030872525	0.587601446760127	0.7448325745683116	0.3421316933224805	1.11045013818501	0.177169831333015	0.5422930671908344	1.1646022374370724
COX4I1	0.5878740411999643	0.3760610733015969	0.4221033039129401	0.23394248511656862	0.8417952310195677	2.2018608116079274e-20	1.3470275147795496	0.26124479598742145	0.6805452875895948	1.082730957039634
PRPF40A	0.7095869905454343	0.5113794675386966	0.17818222490489685	0.7400213173769303	0.3094656186768103	0.5243820081508469	0.34351962944279196	0.4565696950085243	0.5580130777423233	0.8535273795665204
RPN2	0.6155011506828435	0.5437977508050524	0.8185237917249594	0.3788150954466203	0.5165565026600221	0.34644887717689077	0.844943734988401	0.20783659995205664	0.8277181335600231	1.136567323757782
MDH2	0.7640419500499559	1.1716212625448452	0.7815579660855497	0.25578118494488233	0.5059775171144099	0.669207997828001	0.13778476737385678	0.6507141687021135	0.48855832336207033	1.553227241942339e-19
EWSR1	0.7493463978591731	0.36204763772545884	0.41756527858920905	0.5500798406690555	0.03367562019971902	0.8507223785985182	0.6618551673889156	0.4161786131307672	0.6738834508871343	1.066210727617786
KEAP1	0.7670390112504685	0.5155682108769402	0.22814282746180103	0.730418582451235	0.8270650292372218	0.2877877155522711	0.9480280394274536	0.5202690269112659	0.09155835528055892	0.6341259473419374
GPATCH8	0.4685116543069699	7.09897851271078e-19	0.9060801652456145	7.788045289102115e-20	0.28468744721579875	0.6401583754903644	0.9582396856502441	0.6435274006521752	0.6933907495312253	0.9220892554591149
WDR7	0.380017738544343	0.36386981660020007	0.29706124438553494	0.15182676265043338	0.8545032013882529	0.07946386248439616	1.1701626239207623	0.8381406628311043	0.501548059121984	0.026366423029059827
RPIA	0.500453008643074	0.7861909688953248	0.42035257739773385	0.06380029820587872	0.5153980138038088	5.97314672204275e-10	1.126695629969002	1.0148864114730778	0.10730030399533275	0.9107857696798372
OCRL	0.4585717478232399	0.75981386217917	0.7908707789142175	0.48276715456451785	0.21793587063606523	0.6836010011732468	0.6553471590075947	0.05236243236372485	0.9868746875213373	0.6546010523101486
SEH1L	0.31783394038088025	1.302366918531288	1.1141102795952322	0.5278838575828989	0.806436893089421	0.14275501896058648	1.0095465850775118	0.08922894842656762	0.08193407999538002	0.8613809384566629
AZI2	0.3041046409541394	0.5206746811917702	0.6907637223434269	0.03159125511232926	0.32709413274519955	0.09937054163942134	0.07199675373230079	0.39357591358772914	0.9565140526360173	0.17735771662009342
PIGS	0.3231283292270274	0.6689863254224888	0.25629919261027206	0.5503003602151457	1.83187364722871e-14	0.1902400382950344	0.16712152384282578	1.1623871580968872	1.0115304239928424	0.6729397740354264
PGLYRP1	0.18248507328367916	1.3233858078907406	0.587014163558087	0.5161660649597799	0.3665176361343519	0.3844446883453761	0.11409617039831779	0.35153134000802033	0.7137457463880453	4.389643809689851e-18
PISD	0.779485872514135	1.2266555778373112	0.607187616043729	0.4302310151243313	0.33850064781575073	0.37519800535713727	0.5722408228371699	0.2892206200723482	0.5105372926885856	0.1388007197055979
HDAC1	0.047291403732432485	0.44132883697705033	0.061857792886455924	1.021986568556309	0.2847734970655223	0.41814425135769845	6.630618895820713e-20	0.6570920987628779	0.952064882330057	1.0973135195891994
NADK	0.5330646683460062	0.5393433997579876	9.82828005726242e-20	0.46202716268132343	0.38908566241727965	0.2602700220873474	1.560319543246242e-19	0.487951155014049	1.0750500022989655	0.5445642586773739
METTL3	0.5878495092415905	0.12833629617660214	0.7418689406817767	0.7123333241265443	0.44471012430375484	0.3144789969765422	0.7510415874853108	0.7435699864768285	0.0107183801452804	0.8322075916866498
LSM10	0.5682361073516281	0.18313849910150817	1.111613420393015	0.2649210982437279	0.5537853356928665	0.5289562089626132	0.6531285844912889	0.6921346089746554	0.03065600500140434	0.22631112998303896
MTA1	0.4237294676780693	0.3911451663675785	0.9133947833657887	0.08954532657867607	0.09409731831821265	0.53462065350879	0.487816744460651	0.45682899304662505	0.3533759600666945	0.6995017499500865
METAP1	0.30913179525823814	1.6003726868563277	0.4134133051206585	0.4797775767257645	0.08653057115268156	0.12205034671536914	0.3013974454710062	0.016303507580920924	0.9241768929987703	0.4455623259356605
DPH7	3.220793682783002e-20	0.5528087501360358	0.7974784253966203	0.5925520803110772	0.4423378494542307	0.7142536662008165	1.3515477935473164	0.029869889493202757	0.8698029007892373	3.8698464470703424e-20
GNL2	0.13236032368181697	0.4975046972173293	0.6508739330724573	0.47722160706420197	0.8256006247466809	0.654654942024262	0.9329151421141868	0.23104056108720197	0.8863994549669166	1.1268982082932247e-19
COPA	0.4836433738507239	1.297396492830086	1.0143637510863908	0.40536924051474277	0.2573483717465101	0.7539116143442739	5.496264423455137e-19	0.15881927598779655	0.9121474290861773	0.2797736922179043
PUM1	0.6988184066637207	0.574854989909157	2.981940233972833e-14	0.23342758403258954	0.11508134396072588	0.8080086741510556	0.40254036321713293	0.08397876139726149	1.019732502248608	0.8196759310394571
PDCD6IP	0.728473537400181	0.20372911177872444	0.36398816836553854	0.5485934912186591	0.19467538528739864	0.27810984951518153	0.21980738498379387	0.7051954774969444	0.8641215470613979	0.340059033802378
CALHM1	0.5972981389102224	4.913108984084236e-19	1.0159421390771697	0.8584784655623895	0.6294691033209836	0.05540477529567492	1.3455088106656206	0.22403551317716078	0.7054018767522711	0.09729869868566564
RBMS1	0.5793659894996481	5.713751360492393e-20	0.38361581193328986	0.9224001843336553	0.6493001262196378	0.5171533277455141	0.7953808912974457	0.280204851685506	0.8581811337805453	0.24125704159193673
COA7	0.16176537435946134	0.33443113960590276	0.321160003935372	0.24139228750053826	0.6779640537182713	2.8684141802678793e-20	1.3114786058342216	0.7145247737393506	0.7954182597443948	0.23802172387813236
MRPL15	0.09725733091079934	0.25120210199438736	0.34500380986818485	0.45553173814430314	0.6288573693015063	0.22663694521590266	1.4759804964296184	0.3546575494910324	0.899408744198525	0.06378293073602957
BRAT1	0.7688219416585321	0.5919785357078414	0.05730334114996426	0.11168547365092524	0.766794441806485	0.3447340759242151	0.16244549048907952	0.7692589907149882	0.6849413066107761	1.0829706330090623
SACM1L	0.7319992366701695	0.699338510903792	0.7410453340600411	0.4138354211579605	0.09200230373852877	0.3330471588712377	0.4634913909905719	0.7916420825066076	0.5767227298934198	0.4411625467616691
SLC25A22	0.2057166082267202	0.2633703457707371	0.1799259912145464	0.25913592395425195	0.36743738875694687	0.8584882616648788	0.49397197337707227	0.0944285666251867	0.5684955874148057	0.5518633050045494
ATMIN	0.5003504676241566	0.5852565800487375	1.2102336960645306	0.17325598240561474	0.5995560247586668	0.9302895973701156	9.065128115983048e-19	0.5993849607301563	0.47458594582514296	1.0980654826388014
TBX1	0.17599904939730757	0.6235432660767241	0.4990252624044309	0.6115931333640715	0.2060203402956976	0.9444350782905244	0.39926611048257515	0.9473750217615468	0.3154349906152786	0.09810938774765762
ILK	0.1175862003731707	0.6122304836225336	1.1341295859500788	0.03613496816041689	0.003642907469868362	1.0553687559757774	0.4538441000597374	0.44816017963415933	0.8308780689438583	0.6717173977358498
LIPT1	0.6223124641464834	1.1321923490370478	1.0467843153227325	0.7263071373685254	0.6039294958944593	0.3489116156800572	0.14529111425103916	0.49866255393793885	0.7547267789284408	0.0610471736298606
ATP1B3	0.15122741289019487	1.1441022667976541	0.4911932218816307	0.26841273068405574	0.1707853745057436	2.455510284044313e-20	0.7175090771466515	0.7280138721550319	0.4012271218868542	0.707889570775052
DPH6	0.517006257029237	0.8149928154378141	0.865498978634049	0.13270506901213708	0.24091645145085455	8.933116338209e-20	1.078816602714545	0.3443772159634538	0.41225433514060356	0.24921967988723
AHCY	0.16781792779785676	1.2116728101887304	0.7921422393246698	0.46718471216320817	0.04247827604590772	0.5069231601012373	0.1667581778130454	0.7433174674110073	0.48842446683266355	0.713702023736333
VMP1	0.033612479955674	0.8333908451752812	0.6068259756148644	0.5592885091873454	0.8956816876032105	0.19083923730203362	0.3240947573283611	0.8989441033013554	0.3240515346837696	0.9451526395748424
TMEM259	0.2940021207355223	1.5102255604027017	0.843577144738876	0.957025256065716	0.11357431103378023	0.4864360174166442	1.9631486234080553e-14	0.8103299314441693	0.4937605809285499	0.40938752108714965
PPP2R4	0.7778965169837351	0.3881406628457189	0.523601388852663	0.2816581980317003	0.6265383002930357	0.15221751394081048	1.5061070473860856	1.3461062261963876e-09	0.7534204507565488	7.596006577895368e-20
TSC1	0.6685585157772201	0.9319184929070421	0.33777556561489835	1.6252504466628023e-20	0.5806871260834663	0.4574577967157918	1.3216645873885065	0.28223896615964134	0.08323561856917785	0.37968689588734567
COG4	0.13561133929174377	0.4212624697846625	0.7078671052851441	0.26695219940317083	0.3881912792193466	0.3867008967472926	0.8233252378800465	0.16586150900857952	0.35121562769145814	0.3253834122712478
URM1	0.17622189895799528	0.85360793681083	0.19936307227925426	0.7748255056661529	0.6522662827891745	1.6388223518465092e-20	1.4311599823693835	0.2915318867933324	0.2337257010138267	0.21560136646958306
LIPT2	0.2735686723715638	0.7407008164285225	0.11472694113764942	0.3873456882124441	0.6533791528273117	0.40806900129273893	0.6836201287266473	0.6096538602212658	0.3421439126640747	0.6681839810023392
NOA1	0.470922046362937	1.1028193376705833	0.8135117469018499	0.8695443094640323	0.0637282723084251	0.7031748182437477	0.5702239877903791	0.05457927742541087	0.6328871108461482	0.5582790001524918
POLD1	0.5822023422325115	0.8598333902099744	0.8488664263945375	0.3571387973052632	0.27604204974535057	0.7383847623730455	0.06654375592363042	0.3871559460074118	0.45595308635274323	0.4672354585283475
MTX1	0.007543631117125777	0.9235711897121034	0.7450741510335679	0.8059962509743723	0.5643904497995118	0.23946075863484304	0.6653904591556684	0.6241571923526451	0.4629881099256498	0.18160536649248363
ATPAF2	0.12790771089014924	1.4522577590331158	1.050717368306053	0.8383405554001514	0.7528934639586067	0.2443606528334482	0.10900091083693711	0.4780249855037933	0.09629045190499565	7.99294621571839e-08
DAP	0.06918053718169467	5.357698790602204e-11	1.1862242887465717	0.9000608833315584	0.668107846696907	0.680229205539359	0.7881998722926141	0.1171901729647632	0.3134469058686235	0.6550359002183694
TERT	0.5709967873583364	1.1123396487922608	0.6533977858999073	0.5540883384780382	0.1291289457199943	0.6315538756588522	0.6509550261514078	0.07795214230947778	0.4791178123463752	0.8724941971498423
PCNP	0.6720413923048967	0.6382366697694323	0.13654887340185728	0.8246845084518543	0.16754389457443428	1.080898416660596e-12	1.0554612853523546	0.2507025161526	0.49660211629894313	0.8765318695433969
YAP1	0.596634284023223	0.8263253692323528	0.11008751690996837	0.9678162175655391	0.28188211665429763	0.5346331171570415	9.822946709526439e-20	0.1291492976775186	1.0502455699840734	0.45954640196623936
CDC20	0.5019928181219604	0.7446664465538578	0.3811534120756266	0.16789719316662052	0.5884551906033436	0.7911040989795676	0.24155397771601592	0.2945981965973715	0.6106801992896669	0.4245265419108931
THTPA	0.7750343293073152	0.45860459464886855	0.0709706004783939	0.6429525328420699	0.5242798036622204	0.24564245109832794	1.273978834207349	0.21213466546803644	0.027261263619894636	0.45148487566203466
RPS28	0.23445140838880535	1.4761812415142734	0.6880822195734184	0.45047489131607726	0.24130418404785275	0.7278163102744415	0.1820350291404308	0.8344609466892748	0.8791692434978804	0.11198622471681087
DOLK	0.4410019466904456	1.2421708417839534	0.6408494894432838	0.3502608873810529	0.590533540438824	0.23311065066960188	0.6435320620895357	0.3396590688896979	0.2639713162607333	0.17760122174796938
C1QL2	2.448974491472116e-20	0.480299471889085	1.0911230890267596	0.556280734453802	0.1337572343086201	0.48276196507806807	0.8931559579033346	0.10472033513018224	0.843539698003028	0.28615340396600036
B4GALT5	0.5309064250603629	0.15263956703751627	0.8675467991496143	0.14433282098085534	0.8412729509376528	0.8337018622335989	1.3635632114333343	0.770354550840222	0.21132919275399153	0.17454964380740207
VRK1	0.22888930363972765	0.666777862237507	1.0480908512893274	0.33182269529138136	0.35229792646447605	0.06541997612007305	0.7767387140218813	0.6115622348996045	0.5711525139880403	0.4573812518675288
GFM1	0.2188549271798522	0.920674979968704	8.796096328171288e-05	0.3862221378262566	0.525921522000605	1.0253594279158847e-19	1.0990318164309527	0.33927621439242794	0.782050180987679	0.8319918202833232
SIRT7	0.5721352672581912	0.2069836572511522	6.222366592274207e-20	0.6073154761690231	0.6117447660326725	4.4030684642841156e-20	1.6997351552128637	0.6651934393267861	0.41835237128191827	0.577136356074559
IL18RAP	0.10754007048898472	0.6856829904296466	0.09687047334325014	0.628206458542358	0.07624865703161599	0.14176662573280518	1.2315724798513723	0.20755655081213367	0.9366218073348604	0.42527243525944536
RAD51D	0.1484994942902545	1.159805940604298	0.6292391392102004	0.5607367684135262	0.2948544168952964	0.2487883667208515	0.9566688800579728	0.5060751521503681	9.71285749536831e-13	0.24243828573937043
PPP2R1A	0.3384697661631304	0.7536755449394147	0.5103876144573927	0.2979017419627868	0.5056297573124262	0.14851593535893343	1.1332903209327339	0.6066756950359371	0.1353222386838012	1.0204770844470212
PHF23	0.23070904888171986	0.9180234191119605	0.3215841252641751	0.6481867720892781	0.2325855364250651	0.3066051283783411	0.00016382512584601624	0.1771360006373382	0.3687122190005283	1.110902574867255
TPSG1	0.17128465563701784	1.465995321154934	0.8276811183922175	0.5198459852090163	0.6451194834242676	0.6903744744144085	0.728862016876335	2.8697092462330624e-20	0.4663514078574741	1.1485386351114923
BABAM1	0.16723519596655456	4.185044838278747e-19	0.8352492174799783	0.6895006216699923	0.19589705973079993	0.42560395781199856	0.7922507500159314	0.13733352582645492	0.5299238087519244	0.23291867807178335
KLF3	0.07163817253046535	0.2266544063924971	0.546573122197687	0.39545544971868185	0.14300385586978964	0.9578599508091417	0.421080869301243	0.5627342272374664	0.418359882256972	0.18090640207586828
NIPA2	0.05583431008608454	0.8341960501719322	0.6572934350554758	0.5641504383593702	0.41287120065756433	0.14640813452107462	0.521499982606563	0.04390328462437395	0.9786853999478146	1.2850032244658618
AURKB	0.24989106865928273	0.5981995589469662	0.7903866042174745	0.5666923465817442	0.1912970709248265	0.5628784322658361	0.628490634917387	0.2624354793731837	0.4604192612183012	7.167950310791879e-20
PSEN1	0.2230734120712269	1.194043891675193e-19	0.21808084057010707	0.7166762779946256	0.544027368984431	0.4121472155305968	1.2153185218487523	0.4045797613847751	1.0782809435381762	0.049380626926822685
RMND5A	0.16895364174028144	1.2871987107175993	0.321675895612366	0.09194548386709979	0.27748742043840735	0.4545135234906352	0.6700800943972424	0.3202455355186202	0.4575195782054506	0.5807030868422516
WWTR1	0.0817324366286473	0.0560304927543444	0.3296740608182959	0.23073829576568317	0.2762947456420354	0.6658570225525375	0.8274024670450456	0.29895926034342635	0.848065325333399	1.2521459548199625
SPRR2F	0.4794391500904505	0.8070639210871047	0.03993311108881968	0.10807677023261747	0.3498361543735554	0.5453487627236511	1.1120630643350602	0.6553113236275894	0.8567104384085251	0.862798276584413
NFRKB	0.7361830607705773	0.3992015437676337	0.46572161749170404	0.41384806125711177	0.4382277696304244	0.8354141179612788	0.6335660179726842	0.9992888864095061	0.15219259398416193	0.2601244524250923
CBR3	0.40795000658524594	3.390693737667958e-17	0.6933166172480072	0.5834396840505027	0.7560609344434698	0.17613631167770058	1.1810061358836241	0.858708373345903	0.6645996953424862	0.6749064908144151
EFNB1	0.19598685300575208	0.06387259216363139	0.5987659831171127	0.8159336472133913	0.15429690680761735	0.6834998134618632	1.641588105600357	0.39079445453911643	0.8085041691497706	3.364365032313444e-20
RAB35	0.40282514802245406	0.8014381636998438	0.35179761368190166	0.8548849204363704	0.050474163672905546	0.8830158113746404	1.10649540136851	0.11693650622906884	0.5996117482220444	0.5097805336397695
PIK3C3	0.4170272342283512	0.49535103303048317	0.4794252825503308	0.6876761470942623	0.7008577178668924	2.1751311537797994e-20	0.05675381994877246	0.7207453522919275	0.42105080759281943	1.1168291423168923
ASNA1	0.615508644935951	1.4521186882624824	0.5994868603912152	0.2936590471177727	0.42706383954968996	0.19691515533576356	7.993252400590116e-20	0.9320214986793234	0.5373284268885417	0.7097782976952208
WDR45	0.181966612612804	0.1855451861167211	1.361794531050122e-10	0.3797141264537367	0.6518850635797859	3.594855346535418e-19	1.633963304719147	0.6689147650754383	0.5738078883967654	0.9413815310558782
PPP1R14A	0.33388025545244904	0.5019364407744759	2.7697842046955826e-06	0.052118936024576026	0.1455322761077358	0.6053771035342355	1.2900676763737917	0.11083034899581193	0.636859616486307	0.2895430903581354
PPP1R2	0.4986085806477064	0.3757331487891945	0.8878312756795372	0.6455640548053061	0.8094853518844134	0.12576981914416366	4.367504698935008e-18	0.5767937029827187	0.4922468736019841	1.081890469495349
SERBP1	0.7727996342768224	1.7504986103946378	0.899795660294971	0.797002939030145	0.6387972278028777	0.37060890611948905	0.3013593445042263	0.07613961140744305	0.21533096930506015	0.68508349124287
SLC4A7	0.6040842324549651	0.7230626089650752	0.606852588469103	0.33683980883566783	0.25152426277268697	0.8623310038665162	0.32874077463873785	0.9342614678552407	0.8987613040397665	0.27696283384853543
PAX3	0.7674556912456276	1.2063434591158138	0.6748988116924403	0.8444202232843492	0.13687820541081142	0.4718042933451808	5.134562374893472e-20	0.21642399858678327	0.9193483575521922	0.5874786569083481
DIS3	0.7233013457285145	1.4704934667251657	0.3770993026086741	0.43361880140618786	0.37729473769058225	0.40782442122744983	0.1423904616910563	1.0182900815250595	0.15481451428735343	0.1554321755791871
PRRC2A	0.3658207384509569	0.8519651251850946	0.4883251526811306	0.18665141237352767	0.14979574156044861	0.3442118393782614	1.4379840731104747	0.3483695295492401	0.2910467359958917	0.12409484718320174
ATP13A1	0.7419688869143737	2.1837255655568486e-19	0.10144723385168773	0.07500290839309887	0.4730816246068292	0.34618490781639333	0.7595110132383289	0.6652926643893133	0.7555266626665995	1.1803235342175036
PIGX	0.15103427170625647	0.009195978220331438	0.006777585529152174	0.8358544020377164	0.2046973101805223	0.3361711712683951	0.8214861242815994	0.7033391443541998	1.0020151858606547	0.9446994175854846
COL6A6	0.01971055183351417	0.9225213930665167	0.7682486786037033	0.667983897927076	0.03432842604558577	0.9599959165270255	1.0141532477205701	0.45367891960222195	0.5463827591204995	0.7457277591170938
CDS2	0.24299446245960757	1.4361156994605961	0.5354707945922629	0.31969098843820115	0.6662070260065539	0.798769287165613	0.503132969866996	0.0166378500632323	0.19411077836447319	1.3514907448131672e-19
PRRC2B	0.3010146464296322	0.418554443472123	1.1298254970030628	0.5835353802954314	0.2127237995023238	3.1473197103578996e-20	0.4756731319393955	0.6502545059440425	0.575852973198559	0.5401881405015763
PIAS1	0.5480169094652065	1.4904811688964967	0.980154950919411	0.4175768772069498	0.0818833381834012	0.17025220447742173	1.807140781876145e-19	0.4937233627843759	0.8029668117399271	0.692054975177628
EXOSC5	0.4819381949921017	0.7890991305746096	0.6947591327553551	0.6663899192214914	0.34229921339401337	0.6145556343102019	0.8096039520049538	0.4616872630664204	0.0876951385183845	3.9634952016840254e-20
SLC25A29	0.24419954571685615	1.2080008435929759	0.779487272069467	3.997923919455081e-14	0.6824054018397715	0.7906908029376837	0.25462077746962297	0.5202083843071135	0.6668188419554703	0.3416630067711202
RNF114	0.6446823175455354	0.41088603627553316	0.7514004882915605	4.791094089202708e-20	0.2662232549368405	0.6102548518586085	0.8969660584691842	0.6656428786129756	0.4282302927255432	0.7962672651469879
RPE	0.14205500765123816	1.0861466407446712	0.9407314183275572	0.13839685675833704	0.5842720439753493	0.3895484813458978	0.555505793343879	0.499619802001245	0.9284787641964007	1.4477659825656656e-19
UXT	0.3761052686419728	0.8756357557662068	0.6647281083152787	0.39414528228437007	0.3694325163982079	0.5362324673291802	0.5382893300118891	0.3033180024347198	0.33849654099604115	0.03919115653993726
SYNPO	0.34593094700930993	1.3136585955599602	0.5587749361754881	0.639989350766737	0.01777276636766703	0.42913767037751327	0.2296384550113252	0.329074401935869	0.6493155454187882	0.6069200517600984
NUDC	0.7864872520883445	0.5483085320036165	0.17583666351040994	0.3460601223471251	0.29537238709066355	0.1901371246017093	1.6859624382116505	0.2033831338501223	0.5691990200550511	1.405861525310899e-19
RNASEH2A	0.38095105391888473	0.6491669357666576	1.009884467639095	0.2983503176162035	0.2669990343055101	0.04634417863821221	0.20805710311387357	0.7358781201774109	0.06552341108996067	0.3211699860072023
MRPL47	0.07661600200593584	0.45597120157146986	0.39278013516010896	0.3444203997147627	0.8541168374530493	0.8045419811761153	1.6226479956370348	0.7947621864162695	0.15438442042704806	9.287985149816755e-20
DUSP23	0.6348183969758795	1.3945191634900538	0.7458801632802147	0.7335450091537732	0.4358852183939559	4.327074646922308e-08	5.759188848079765e-20	0.6513344520763197	0.3868824776308641	0.346115103334618
PLEKHA5	0.26929298986485606	0.6820721461475336	3.2572189008127284e-20	0.3248015224977441	0.12681113033889846	0.6185461722637816	1.2742439130628704	0.7945500580567416	0.6723470873720468	0.6891077735555566
MESDC1	0.25501918391391076	1.1822659432617446	0.7683074331077978	0.4376838647343591	0.4486737175543976	0.7919528827776631	7.391171726855782e-20	0.5063036066628612	0.7950546246206233	0.5891654000853533
D2HGDH	0.7265580072164758	2.0250192283467486e-19	1.1107786159528121	0.11146605398286678	0.7840971059933574	0.450329146474719	1.0079321921247568	0.45247271157762964	0.20349888486890022	0.30360209726851833
OGT	0.20216701460353007	0.5816478750215386	0.48321820658364245	0.753060529274022	0.3738239315612003	0.496493925563545	0.685607503459807	0.45687832394070954	0.46571424286556823	0.14683930060686223
DIDO1	0.37305863189791033	1.1414545468203656	0.3039670850684585	0.9005486107688894	0.5610878139138704	0.06943575956372805	1.4133769882537332e-19	0.9060973083339642	0.6974419950138796	1.0340635875063104
SDHB	0.578190296709158	0.9234009225303741	0.6599076752957563	0.167533461524559	0.604893399934917	0.6091837528657321	0.25886080912318093	0.8561243389904991	0.49324083039779765	0.4726496474070317
CHMP4C	0.7328694459881889	1.0862529757256767	1.2642515131311685	0.7078254009178815	0.493563618763796	0.8953542685074928	8.42040560260118e-11	4.518984416673983e-20	0.09531567262530279	1.0195347294351396
NT5C	0.4679763163427254	1.164456786623668	1.129214755885507	0.4456632243106925	0.5341742067116878	0.5497051531384946	6.267524363300897e-16	0.1375262408039291	0.4300808097864123	1.272428196292085
RASAL1	0.5351107215391483	5.0946335873590285e-11	0.929505881885568	0.6076921219929454	0.6557439994143007	0.12291180505772749	1.12495765678653	0.6940912869622196	0.5479700570272444	0.7629665326410651
LRP12	0.7151517089271757	0.32589892818526894	0.8718977254143297	0.6984525105570228	0.6806016322685551	0.3733853905627105	0.6664185814412446	0.32022257844877694	0.35678856329126224	0.6399836829813966
INTS8	0.817829725247474	1.3318742011607998e-19	1.2970421504772645	0.2719251225954262	0.6816797023317486	0.8576463444688276	1.1547446478992724	0.002404295216457889	0.7609875002911971	0.34449852977017115
RNF168	0.04572696052814549	0.8216104782750607	0.5424392512975718	0.08162283964617101	0.3173924033451283	0.47613356707058496	0.8059238514260332	0.24740473398532015	0.4466047283955501	0.8263734301137022
ATP2B1	0.5866891996244146	0.9901600087117082	0.617721116082607	0.6486634642166667	0.7865909063442651	0.5349251447029427	0.7929274676618506	0.34491532406869807	0.4203031142701835	0.06548951551831368
ARIH1	0.6522733167646388	1.075782539734089	0.6807687134785985	0.4951050636480775	0.4257389961607386	0.07036977889755096	0.05697375138785702	0.4539311501964696	0.556463548752729	0.09462813454153741
RRM2B	0.16981549183360742	0.8391653195932526	1.1861622713643147	0.6455237484235015	0.05810950309149277	0.43539952277801064	1.0775637496668284e-19	0.550688058476701	0.8674185352872293	0.4197402631804292
TAF6L	0.13538724683707926	1.8099277161593068	0.05045015098366186	0.8538207255000492	0.24378657078442786	0.12445916457260624	0.48258546610701103	0.9812846503328894	0.0940027537399604	0.54061783628438
RPF2	0.3732897623965374	1.3563539886204528	0.6000957229033842	0.4911049923521838	0.5652817583664332	0.6728183592546207	0.06845732044854023	0.5244247853138795	0.7808010918500679	0.3302800930200035
TFAP2A	0.04048816115906698	0.5240924127087144	0.7476556223613885	0.2761490621279375	0.8244152294171313	0.5780354093134451	1.3547536060647738	3.0473280416606545e-15	0.7710206839471601	0.3344253404331026
BDP1	0.5249073672484242	0.0471412301801472	0.5448012438673024	0.4712563029483553	0.08235521512520487	1.0714565173778634	1.8556972819239084	0.5133512475070017	0.8708405941009022	3.6766811418092465e-20
GNAL	0.2882215299185377	1.4755435864731672	0.6729904574756492	0.19193189724022422	0.3004173536030873	0.6964207062440196	0.07956718674569656	0.8743675907503824	0.8594494914741765	5.595752688002358e-20
RAD51C	0.48560375396159555	0.2688908505439715	0.2702031095831189	0.5530897125235558	0.7203540233267932	1.7810014961968978e-19	1.616991131329576	0.23988940738945458	0.3929143011513254	0.24261720918993945
SIN3A	0.2712389457688345	0.8668702280780756	0.47649789975417556	0.919912232522831	0.38194699338629384	0.3497422685922646	1.0878315417436255e-19	0.6953969806747169	1.0047724134411045	0.6411024592928594
COG2	0.16746891571825254	6.383812739441762e-19	0.31898788080415885	0.727762789184782	0.6386158167815097	0.07674246253418585	1.2014638366305144	0.5289727721551962	0.5295091074774299	1.1730706954029926
TSPO	0.01300708068380004	1.054815877998952	1.4039705699238345e-19	0.400090588220004	0.618100386865697	0.8214327991017915	0.3211523659648176	0.952975522202456	0.8264654755191041	0.7258506263185158
RNF32	0.1195050633894789	1.5492968123056574	0.009988211022832169	0.825862341415607	0.6605918160181634	0.18691266172229287	7.304364914262293e-05	0.823144700130544	0.4960501723594522	0.7865654759265427
RPAP1	0.44775946471794	2.064380643911302	0.3883408555796772	0.385630209373711	0.6732103682692584	0.7122327055648501	0.003480714170545692	0.2365363586421324	0.6127253635896387	6.019446280613693e-20
TAF1C	0.43046565282064436	0.3929483071744476	0.7266575046789102	0.3309686307863145	0.723578863500319	0.33483106807873697	1.153385062229128	0.5973192510054488	0.2255750155343517	0.1280886421302717
KLF11	0.16620815792368812	0.13168500524726331	0.007003574230898309	0.2730812913421981	0.4799054786490307	0.09970706301937665	1.8818506056435838	0.574453419178271	0.28720925287927856	0.7618820729468546
RAF1	0.2639934151917683	0.8406528057030487	0.2409225608629134	0.7630624899534031	0.5443644397927981	0.4707353308034716	0.017201929286898645	1.1346730309591637	0.15636511200740935	0.8753014433969456
EAPP	0.2590066070978576	1.0084293768666204	1.0508427703481762	0.39699778082413095	0.7165875933643153	0.5582713250192846	0.09572981227411713	0.23662877684224012	0.7200993430343472	3.655889334938054e-20
NAA15	0.2761924387858209	0.13485743143601603	0.10995338632051416	0.552217543275107	0.24054287188795834	0.45892352439470524	1.898999002830516	1.0553421180875209	0.04682197065096193	5.107316277887951e-20
ACTA2	0.8074173261044828	1.3071298618218739	0.13769432410976887	0.7081555333494178	0.4127450959722104	0.38457999262654813	0.4542423798359824	0.04516367295780788	0.08774217052199221	0.5815302912690294
METTL1	0.7518966388905173	0.34456672117894693	7.70723056933112e-20	0.8372040142177823	0.7247820847774727	3.202551251779233e-08	1.5023098264300516	0.6639627149641434	0.9371557992627809	0.04896869256794269
BCL2	0.0626096440497986	0.7213465821472583	0.7206488214288845	0.5410161805914598	0.6533028631853675	0.5164988657028871	0.4156391290514007	0.019083164094671205	0.9007499557665775	0.6736647667859659
DAXX	0.677711877569649	0.4225619626824009	0.6064739777448087	0.4555311333137413	0.009048986599270307	0.276636118964735	1.3904555947356652	1.0759937074768607e-18	0.5248545924766347	1.050794152556559
FANCF	0.6037809063702612	0.8031977442997773	0.8733782028912802	0.13536394562972534	0.40610031916914646	0.6790622435718026	0.8238630303445039	2.9494885939076644e-20	0.16748969958901552	0.5277228401955272
LMF1	0.5744871294872067	6.114537571413351e-20	1.0385276863411412	0.6807540925354792	0.11914473939852352	0.4935578204989749	1.7849913006024134	0.860440990096298	0.5376944455351227	0.29051675053838644
TUBGCP2	0.7302390113141171	0.5457530074336744	0.4860228881096102	0.4407104576246192	0.7524820309735996	0.3460657381873469	0.8771236618403009	0.461380750617607	0.16482371407142235	9.985374737914142e-20
EFCAB12	0.793941170554214	0.9595817104748613	0.5265213049258596	0.6170615452918367	0.0833254641814248	0.6602372004686531	6.89441572739676e-20	0.21413682459909095	0.35919742130447097	0.7473695146509903
NCAPH2	0.11689802887801119	1.3819454297696914	0.6541200115791117	0.22329401084583173	0.4656933717771227	0.34977770284513976	0.19980685500540524	0.7907547429630044	0.0368058893380506	1.049093667048492
PITPNB	0.7887980927932645	1.3248168722324546e-19	0.895469876415123	0.14488570829579844	0.7902804003796139	0.6035656280692917	1.3118332711638165	0.2697612829526802	0.7204227188066171	0.18829301213618413
CKAP2	0.05966347315389411	0.8875840278211171	0.2801326187864859	0.038219338968956136	0.7055562015291723	0.41367317144920385	0.5610279630883428	0.6623844536649316	0.8644808272669725	0.32911356541662473
DFFA	0.0038256431253398423	0.00159207113600346	0.4720801285338202	0.9538863601782333	0.817233846205776	0.306868206810427	1.6683582835019983	0.02444245044511193	1.0796318492463803	0.49452998752322436
CSNK2B	0.5101133750032835	1.0909401907009009	1.1041740694415774	0.48876879435541926	0.2630559154196533	0.4637007981997434	0.37088455282995075	0.22590884583499748	0.08470843195743635	0.5594945010010335
VGF	0.01181733631164504	0.74812969460482	0.5768491376655173	0.27663365411806357	0.573010500185425	0.25094204976114826	1.360336187508228	0.7805522796346134	0.5387208885591686	0.06239101913667777
FAM43B	0.035503964825730594	0.6141373964612548	8.336697876249325e-19	0.5975958156709491	0.526158573811686	0.8033523052197742	0.8569743906113673	0.5248785852240053	0.8640552550688206	1.0227055416571325
RAC3	0.4696589057771993	2.7436873326292335e-19	0.14752892365479653	0.27508618857741035	0.14759753261764716	0.5705070296653224	1.6204755391794532	1.0985420575247278e-16	0.30556264748493234	0.8597446661272466
TFDP1	0.6861405781134033	1.3438676193315993	0.6377639671159678	0.39888933956129896	0.5023222597797613	0.4857342910457031	0.2701806813405148	0.09399701246302412	0.06430798259605024	0.6428993219069344
NAA16	0.7294170046079871	1.0766040512718646	0.8159681652642046	0.7618172357556557	0.19395040038692318	0.6887617869943973	1.7308309262584597e-19	0.22849954489173968	0.5797217060480263	0.5062905206473466
MIDN	0.41215356036517253	0.9009941534875606	0.4796678970699389	0.024842777145931312	0.6923649358035263	0.4934656258663319	0.9556401392809493	0.5612161065059529	0.085006892267924	0.5327013480705919
TICRR	0.21404840830552782	0.5899556436565063	0.8167456973832756	0.4474911924071461	0.4817142302844503	0.6769057104741238	0.161455228317189	0.14881428607242625	1.0602819540996633	0.9012732159733444
PQLC3	0.6808598092276326	1.4406940328674548e-19	0.7485623252310012	0.7822679072272799	0.7459667624002434	0.18231539223983703	1.5579277219836452	0.072416050320264	0.9463268133317224	0.03845435019864009
MAD2L2	0.4111768780094142	0.7829493851693959	0.8211077524886005	0.3306406449783447	0.11042609236691202	0.4856558001609865	0.6541995177616522	0.7581204564210123	0.3331041240146222	0.5544335362117245
CXXC1	0.11079326964592892	0.7187242272658798	1.1683415033316222	8.19834321910598e-17	0.025108500408499254	0.2444097950313736	0.46926910602622895	0.9114820793665748	0.8012315577569216	0.3772335420364172
BYSL	0.6133046535794096	2.8163532278025977e-06	0.8714835120914739	0.5867447135036296	0.08830764886861407	0.8446612956400018	1.3230106993420951	0.04276858575195115	0.6112163701343286	0.7755615005168667
NLN	0.11528446794149615	0.8000204143691815	0.6700524871110867	0.5746304917101864	0.46670823129153943	0.4764883149910297	0.4185666368764291	0.6751517483886857	0.4831402244526943	2.83814223768973e-20
ICA1L	0.0068357062685739925	1.0521608194866925	5.700141982881039e-20	0.49551876442731124	0.13050315321071887	0.2868348564409939	0.7971946663230957	0.6029446249051178	0.8214153404230385	0.22048885225567036
CCDC47	0.23441983988207046	3.987763917635082e-06	5.996144271389889e-20	0.11579329381335879	0.5870086865372146	0.8067303607623066	1.8160292890834793	0.2146908786200546	0.285184437607304	0.31594391588592774
CYBRD1	0.6875172588873243	0.8333706181487027	0.7467691587926815	0.03855563634071652	0.7290691396266066	0.16654452676400391	0.4574066127099956	0.7224364975927507	0.40280588828639047	5.496152791401726e-20
MEDAG	0.2000823653543539	9.2113182065098e-20	0.930406694372176	0.03217183764698232	0.6092106993795399	0.5979087945722961	1.5784643480692986	0.5125428824135178	0.6779888537292386	0.053881599261366
PIGT	0.7241201727882559	0.6206883496502128	0.07666795880898294	0.5213453583173144	0.43425872404467025	0.0001349946629934666	0.35448874280204395	1.0874212967031922	0.7590984702122173	0.5244476573129513
SRM	0.6917197488438587	0.7157340044206807	1.4385247311777808e-19	0.8897178055120678	0.49165768013381667	0.7638400839315251	6.607345262778941e-20	0.38290826288286983	0.9908488350085641	0.6569420830334715
PAX5	0.14748639820128165	1.1765239279090585	0.8691768461721685	0.6046111584384143	0.683823726089529	0.11768199946094053	0.3444593394887403	0.1660529044662843	0.7661718412266627	0.6479323341657999
KIF18B	0.05741945151608197	1.180569461338606	1.2870501617747183	0.21437492885439713	0.7089279926800037	0.8961123540211653	3.761961852427179e-13	0.1430163430936287	0.8857447454254151	0.933083428070979
HSPA4	0.4514585408917162	0.7788007898453919	0.17753779742741058	0.12969559682225817	0.6926559050560158	0.11804465002309913	0.30884229120321904	0.6509689758935309	0.9131415292049968	0.813635334769605
LELP1	0.6716116138760122	0.44274219991418423	0.36487395986265575	0.7984291937112488	0.23740196751836132	0.18431746934414325	1.7048427004407376	0.4339083532503447	0.6199488911844462	0.13896450026320684
EIF5	0.47455332573920334	1.4641955399922804	0.741052030520647	0.7103124155205804	0.49964431125500786	0.7229877606477959	0.9960396766000356	2.589777975842635e-19	0.055271244419512484	0.06640302629149356
GNE	0.43264067969245606	0.8015641209142071	0.40819247558481836	0.42655688573963063	0.7585221457320701	0.7015321746020664	0.573669514060159	0.521130412886387	2.6542126170884272e-20	1.0146276386046449
EMC7	0.27564495860403604	0.8293885324586826	0.8049270094098115	0.3381622464319132	0.38392850681224683	0.7252868773008729	0.08380734356554093	0.33910416731212195	1.0134577499656103	0.6045379354570649
CLTA	0.5171495292945333	1.157790118230139	0.14788942131381402	0.4050672707719059	0.35316298915738714	0.6835103295184161	0.17800939115888012	0.2492506891393451	0.09706404513416031	0.7777900851294831
CACNG7	0.18477602860252432	3.0238765047080126e-15	0.16529192831127046	0.91959249907584	0.6971907269679275	0.6108053256454354	1.5125825208730255	4.677112165013675e-08	0.5735925034302345	0.5107964363506204
RPS20	0.44755296401494277	0.28969484217753105	0.24110853584765948	0.5181524470510114	0.5932459611489687	0.6941363614917604	1.0801310113146307	0.6950055145900584	0.48494164067995904	0.17583363197609003
RAD9A	0.34097118928679016	0.24906892843681003	0.5336758266298537	0.3834907696762932	0.24798860935821265	0.05583817177889063	1.156243494219151	0.48398521437234143	0.6942328947913623	0.21012379833149442
WDR82	0.3681397402010341	1.1041182221684296	0.6173819676735156	0.15584360837575922	0.16646827511801726	0.7573960197593342	0.4597390957647822	0.6843010356116602	0.8651944630040143	0.020670260886720523
CDK7	0.7396679915009631	0.5070907468606674	0.9590854014668254	0.32719241006530625	0.863041620372767	0.22081463174307686	0.5038605427106335	0.48779645111891184	0.3148948649817755	0.11415681770316673
SCO2	0.04542048381954419	0.5913048023270867	0.4218424115123184	0.7305552180774894	0.41376471029367856	0.27073078624118874	0.5043137278646268	0.6141212726426258	0.7370340236524878	0.41550150243863015
GEMIN5	0.7397288224913505	0.3284059258127755	0.552400076863693	0.5670018600105466	0.4139943923741427	0.5324750758072287	0.8554239267835252	0.08366693467697599	0.5839052767933887	0.09759450979796672
VMA21	0.7181173321230137	0.8266336138948794	0.44771396111619643	0.11338170305823626	0.4221012911963177	0.36027324633747104	0.44225434786177065	0.8825536208948201	0.03205991468896847	0.5733480500100571
NUTF2	0.5285497901055795	0.9962602662847639	0.7611389868109635	0.4035594215593311	0.42331475803450147	0.7404096232957943	6.63979131757771e-20	0.23445734610007757	0.47300040833442797	0.05609881061967331
