	RENCA.CTL.LAWSON..Gene..Statistic.Value	EMT6.CTL.LAWSON..Gene..Statistic.Value	B16.CTL.LAWSON..Gene..Statistic.Value	X4T1.CTL.LAWSON..Gene..Statistic.Value	CT26.CTL.LAWSON..Gene..Statistic.Value	MC38.CTL.LAWSON..Gene..Statistic.Value	B16.CTL.KEARNEY..Gene..Statistic.Value	MC38.CTL.KEARNEY..Gene..Statistic.Value	B16.CTL.PRFKO.KEARNEY..Gene..Statistic.Value	MDAMB231.CART.HER2.KEARNEY..Gene..Statistic.Value	MC38.NK.KEARNEY..Gene..Statistic.Value	MC38.CTL.PD1.KEARNEY..Gene..Statistic.Value	MC38.CTL.IgG.KEARNEY..Gene..Statistic.Value	MART1.CTL.LIBA.VRED..Gene..Statistic.Value	MART1.CTL.LIBB.VRED..Gene..Statistic.Value	K562.NK1_1.PECH..Gene..Statistic.Value	K562.NK2_5.PECH..Gene..Statistic.Value
C0	1276.6507209051706	3308.4204945452643	1.0946733707224885e-17	11.191255399684767	2134.846604480836	0.003721502461396869	5191.399437821612	15.148865621617391	6392.73323200651	1.50345498337224e-17	0.00048320856252991387	9.975435771556325e-14	6.196995337401888e-10	6.501137804305145e-07	190.53970978447674	1.1952118596601136e-13	0.001624211905292534
C1	1066.0268683276465	3.200405492043075e-15	47.21603051555962	3.4694505739076654e-10	3.854097811045392e-09	2.4562942684832088	5.880741830525371e-06	9.893339804049524e-12	0.001184327160545308	2.259551865219086e-17	3.646928817961877e-09	7.612709969792884e-15	2.500205869605052e-07	8881.166270048954	6209.070535991875	0.00012218069781105538	1.6105610193440375e-08
C2	6.987987213859302e-16	1.1530622256618338e-17	5103.256981075295	1.2336794451599957e-08	3.459968852241181e-09	38.39103133554098	4803.5033275017195	3233.45348933966	3006.3252901225615	3696.3148810737493	3.308943066591229e-05	6.122002367197734e-05	1.8454242213726697e-08	750.467714774587	2.1546411785988842e-17	0.07796812326692354	4.688821011494468e-11
C3	5.644770567931326e-07	2.0218218924175652e-17	1.557644665537258e-08	2.4913983254148616e-13	357.44505775514364	0.026150043600790516	1.9166703278384846e-17	1.2436251328617309e-05	4.949335729707761	51.39357664341686	7337.47919537386	1.8076906126430047e-17	4.983315157709497e-10	5.105869883503276	6.806925190392773e-09	5307.935538937694	4895.703185124733
C4	1864.4261734072034	47.578410701946574	1.2168896783939746e-15	2555.849350307617	1.143221168429688e-10	10192.626246975175	1.0341411899713158	3288.6123431624874	1.3555655646296594e-14	1.593501287315813e-15	3.9040033932706827e-13	3.228277019680615e-16	2.1888665626567433e-14	84.01887639391161	2.2145956379062974e-10	11.33259583370687	0.00998829927797763
C5	405.800637821313	0.00010964028957805832	3.346950556575394e-14	2.0058122204647355e-10	7.952150572208026e-13	6.2613070782735875e-06	0.792487546237441	4162.558917207948	1.8501338029188215e-14	5.945115726154489e-13	3658.1126069605675	5123.916776305427	5811.903506037008	106.74426926756182	4.304242300288852e-06	1.0630828585277257e-05	1.4230647298594785e-17
C6	0.49720253777556134	1031.3911867935049	1.545106234219077e-17	2769.4478355859187	1484.2072512374136	440.7001906635869	1.533801475348482e-05	3.572284448433081e-17	2.5188000489082325e-17	7616.032123019862	0.0005746901050621546	263.4718885696164	6.0787781236371695e-05	0.00019157180010701238	4009.918674584141	3.688662297909922e-14	2.5539692916291255e-08
C7	4146.625482581645	4201.4399695174325	4032.432230977718	3126.3111583400423	4627.166522588187	0.0002556996598262156	59.228951097584705	9.04291235484482e-08	8.792132738316445e-18	1.4304658873165776e-17	2.9428307100551203e-10	2.372655146915641e-17	1.9521089186563336	90.69494557261814	5.123494367975701e-13	1.0128496474338023e-08	3.406249538396632e-05
C8	0.04481125117063177	1.2436051400080418e-17	5.90484306838209e-14	1035.7486794745769	3.181128235070698e-14	500.1504713850291	157.57145227872007	1.3889920984668697e-17	547.7954427437181	5.034552087480242e-17	2.1380577982533428e-16	4186.984921778746	3769.7061760082024	0.37006507223373386	1.4287804744551892e-16	4881.664746483488	5212.141753818471
