row_id	C0	C1	C2	C3	C4	C5	C6	C7	C8
TBK1	0.29641933006555155	2.0734596631001463e-20	0.5383679077174781	0.43971657201136005	0.39663230816773326	1.3897327967084035e-19	0.6237131532175407	2.2664194559824243e-20	1.5084206807427083
AGO2	0.7984672787239415	1.8809087384611317e-19	0.32836875726223724	0.6758848814835501	0.646077060323687	0.26888473207419594	0.8253569012388059	5.542869478002983e-20	5.3502418261610253e-20
ATG10	0.2561518149756226	0.9033251045935562	0.17884688588788494	0.7757918771632641	0.20828848913909076	3.4375060837293916e-20	0.5364913602422516	2.4501640807213385e-20	0.35720429130877196
RNF31	0.1888314780989369	1.9401351284107966e-20	0.3194907396127031	0.11707265512422015	0.6574379842752088	9.230781174416123e-20	0.37656994742176614	2.5166142702712346e-11	1.144855830172391
UBE2N	0.16976452740850478	0.47858500925334785	9.079016534625479e-20	0.4394467978619186	0.6554664455525782	0.537134418388102	0.39298871138826136	0.11033925722031905	2.069218611653139e-08
CHMP3	0.5124561098347891	0.2689734722932931	0.08792621006143805	0.002706293021434659	0.7656347401832085	0.6619498944102122	1.102006366764725	6.56228973669314e-14	0.22046787636854584
TRAF2	0.1764980983629862	3.891240510832841e-12	1.7606922937476293	0.49385940469538653	0.1507708238139724	0.08659477107281656	7.099929358917766e-19	1.002922224466356e-19	0.5433403224778094
SCAF4	7.366620818826761e-19	0.5393960182999007	0.5928553022172138	0.9140868960824761	0.451831945714532	0.4856318044349297	0.4899170663625593	0.04726680961454715	4.021898352850918e-06
STUB1	1.0491164552365944	0.29509881942833716	0.272856282465568	0.3118987737819861	0.3477036091057737	1.090638236939055	2.597758751771751e-20	0.022295306638249003	1.1517993313845743e-19
BCL2L1	0.07488450001560458	0.41765197871166265	1.6470938386815661	0.0520757674388687	0.37387092756929613	0.08746993091710047	0.18138064191799871	4.1964435345018114e-20	0.6009008627759098
PSMG1	0.736539305706503	0.10736485431270448	0.3635487369038864	0.366699209549561	0.09761821504466651	0.4085023415728971	0.9831522683998107	0.07811219616486843	1.0227046043493573
EPG5	0.3618477283488016	0.336726228996307	0.024782592138914854	0.9476308049803692	0.48017231779337843	4.151279981325608e-20	1.0200425463842244	0.07518050897572714	0.8241603824596889
ITGB5	0.9646930795062155	0.10593715042430414	0.39960538234604887	0.15002417949135752	1.0026128075745164	1.0701774448915475e-19	0.569420536536191	5.814797318961611e-20	1.0051441895657052
DICER1	0.5272478773100926	0.5914595716921368	0.33511664007301617	4.1931932178710636e-20	0.27744608818374744	0.5810525058289603	1.1138198308165684e-19	0.331637762797333	0.31917584234680424
MCL1	9.0810267369938e-20	0.5725064167449755	0.6160275652408524	0.6796473767935959	0.35560540169526994	3.171289582785134e-11	0.5744219119638956	0.473627764244892	1.363883534627732
XYLT2	7.60226414845944e-18	0.4618967127277883	0.4975886532266846	0.049587272510605206	0.5658248636562249	1.2329689198203913e-19	0.11098328158095956	0.784003681863958	2.15280643120644
IPPK	0.07396014876369754	0.5824386441537411	0.08446583771372182	0.6996825080547132	0.8193262906392385	0.8148510678596469	0.3972621168638872	1.837477956936623e-17	0.33692371722644204
PCBP2	3.797286558975147e-16	0.8894816721512159	0.8291693603513819	0.023036679534644607	0.25594528650742204	0.021337215841080556	0.41899978952646977	0.34576870418523065	0.6304851839237018
PTPN2	3.760156819082972e-16	0.44407659271341887	1.1439161838570184	1.2231079106955766e-19	0.05977017028499584	0.602271343769285	0.4816240003380834	2.6569966060838416e-20	0.013514224811285978
VPS13A	0.5609368834776916	0.47585362724994046	0.8366794921532107	0.18780195968421115	0.06469274958830251	0.35933803172007167	0.4786748481145815	3.705865254597723e-20	1.1931020612780612
FITM2	0.39156471506740764	0.3687899666282215	5.344938918984203e-12	0.1787319503237108	0.29879770237438386	0.06627072053832421	0.5782658142962399	0.07621983369904316	1.6393234106327372
IKBKG	0.23524673018934295	0.007223681991691393	1.059467694060991	0.5451118956489789	4.400137082386848e-19	0.8026617467219631	3.996940240170129e-19	0.12358981531829465	0.7254743693980893
RBCK1	0.6630021535236523	0.08375881809163767	0.07616068850351634	0.2926701243547953	0.9053837967851466	0.014418730601443773	1.2755072245166866e-19	6.144872084431747e-20	1.1681183647068014
CFLAR	0.5797992243166991	0.12944389979018123	0.32083840650764467	0.8467760771400047	0.2927762819354583	0.47418777334410134	2.2414336402604147e-10	1.558837657553546e-20	0.7662463321437037
EMC3	0.1787869282171685	0.15576602956298385	0.9498820216863781	0.3723479402347829	4.4038939130082515e-20	0.07688658341547001	0.4206480879565319	0.09560876985371784	1.1472548283429573
SETD1A	0.4065765774361749	0.5103540850598401	0.5338699203343766	1.0069065178435885	0.4304583404046793	0.22598725479006257	0.932684225076456	9.1978836745541e-20	5.1600899610662e-20
OTULIN	0.415791143088122	0.43358947710366547	0.925471829289374	0.8580265835793308	0.14608477061015637	0.16908540862639818	1.044292787460419e-12	1.1430170697768431e-10	0.21006555997608106
CHIC2	0.35520458082736805	0.8518093016218866	0.1571141732071003	0.8545691571741658	0.22846236643802242	0.4714175414226911	0.7333497882317257	2.744502210108654e-20	0.19188803881179098
TCEB1	0.5311248378753478	0.1133875391376783	1.0031517545822621	0.023937728380077128	0.44332200722904824	1.8376204513105115e-19	0.9199229584323142	4.288520438646583e-19	0.7783377436734806
RGP1	0.54256208533186	1.0831388661101033	0.20793734630622404	0.2728228892981472	0.8618551795997351	0.7753620337421602	1.3176984134414707e-19	0.12911694833618606	0.5577020534329358
TAB2	0.7963669520687361	5.3469854012252916e-05	0.7172573844729672	0.03212970182296648	0.506539319564016	0.27899525201077985	0.26202358445497376	2.5531705979718833e-20	1.1350628990965
TMEM208	0.3260519566150886	0.12116811521260558	0.3494800697400999	0.660792352463956	0.040467380656167874	1.030458595742071	0.2649713001992699	0.3273440309688166	0.008318648856698115
IST1	0.7418855145980774	0.1615365727247888	0.0818944821566113	0.36799727848111924	0.8394504215126092	0.6783714400583643	0.3242589424335187	3.37272210628362e-20	0.6621715724598736
BAP1	0.31061082215006086	1.1784140641859422	1.168085803655941e-19	1.1332001326948977e-05	1.0974973752443196	0.42720855584385914	0.46172769252598894	0.5099204844136918	0.08377303845614592
UGP2	0.4962623769302206	0.3636156674467714	3.211115362499899e-10	0.3697889459737877	0.24643280355415614	1.1168353281672059	0.9864101443103429	0.3162678409399127	0.5159392689662033
EMC6	2.406273561019547e-19	2.036348197118044e-20	0.927973195884787	0.8521789513046268	0.22057581577556362	0.23422193957303888	0.2574016180884879	0.38596608652225195	0.6246261099479922
NCSTN	1.8911007139985272e-19	0.7631272645556136	0.4163282720077676	0.7889551923413776	1.2532310229986537e-13	0.7263782407357121	0.777063228597721	0.09303845383409833	0.8890034011598594
UBE2M	0.536594157308045	0.041160259609526496	0.9636943155679404	1.3063367741079978e-19	0.29884131113187373	0.7037755566508817	0.8058930511532874	0.6346377752308157	0.30784196858586715
KDSR	1.481890664321118e-19	0.39656428884174727	1.5393054629740717	0.3577155621437285	0.34469019358627895	0.4365569552003286	0.4629967712522106	0.7441896663309285	2.092471930468548e-20
BIRC5	0.6911235710482128	0.8234986713433017	0.4703791960240913	3.2893618680211457e-20	0.48848779398792896	0.4864712940255301	1.1132476936255495e-09	0.8057769312914355	0.6097913426439118
VPS4B	0.3095719066139562	0.29644029403034516	0.1508786379897524	0.34630535395131484	0.5327453728634116	0.35260882992891135	0.5737970143175269	7.118529338134314e-20	1.0061047085653505
POLR1E	0.28285910094512234	0.5280689868234115	0.6824726016704975	0.4435237997281223	0.42663098476943706	0.29331977025218453	0.7666258122597602	0.663183609524614	0.1725742556519368
NPM1	2.995370559954187e-19	0.4793502532471365	0.9205089718447512	3.4179252182854113e-20	0.16037697268354092	0.05229238293544484	3.666410405054552e-20	0.7125911284306913	1.3471615420093717
BARD1	1.185334021852509e-16	0.7294698015801939	0.3824831243557559	5.189959009445047e-20	0.5855571942008171	0.7043808203730982	0.1230984072303674	1.1074241281906185	0.28936926158499604
GPATCH1	1.1366353923073493	0.3161692738027982	3.5468794221562886e-20	6.745540776208303e-20	0.6291598703102221	0.34504415018172124	0.1665373003495603	0.9730249129588167	0.8482589447892998
L3MBTL2	1.7625782018167102e-11	0.03746302510598001	0.9774643953216535	0.7068038003047495	0.43807948043156486	0.554637418415963	0.017174991924652577	0.8721847086143257	0.5597529213491803
TFB2M	0.22021598687597782	0.7538937463922408	0.4185188661988145	9.814084669198131e-17	0.31195590486347374	0.47135300923176604	7.940448451943983e-19	1.3469629270192869	0.22772622671897377
GP1BB	0.2653833356583317	0.8985984125548878	0.09880946635705064	0.32970222428646245	0.0992706742096093	0.6307106944989442	0.5220987977181444	0.9541886002860317	1.0358991173977825
MRE11A	0.3511227581762622	0.40116061434712175	4.242380217019962e-20	0.2180940652324767	0.6133990416563355	1.1449495696376435	0.887441893812073	1.1340010985382045	0.01686245148832933
CENPO	0.6540077913148499	0.663391621720703	0.3755119184305564	0.1062706574055003	0.6490656049720613	5.1396324751010343e-20	0.5800338494983599	0.21824802329261506	0.4793632223322313
CMAS	2.694856515562989e-19	0.027271064954033374	0.845207891925274	0.10661774958552997	0.15359504349411274	1.0009278127304653	0.09932392241367957	0.7075894071605716	0.1698789687719739
MAPKAPK2	0.4406021431659599	0.7616492331053791	1.2059442679725383	0.1717600849446203	0.162660078627376	0.06345885109962883	0.27946456931913344	0.3360348683384338	0.34232914799498515
SART3	1.262971881271245	0.7404672121303848	0.11547534425783289	6.18900706396388e-20	0.9460868449144914	0.5995964043322755	0.135571580805513	0.30950525561881764	1.1142656232049997
KLF5	1.0892833957084198	4.774636790822002e-20	0.4770334714226231	1.0377948010575413	0.2358734983196625	0.9312654614803295	0.3591648803687028	0.12026933898921238	0.4777115508468451
MRPL12	0.28957006267370206	0.5146845594406018	0.6971394563678354	0.15119279677071898	0.6639721307815858	0.07062139333073991	3.5923158797134764e-20	1.053244889952535	0.4766392264938073
MAP3K7	1.116692122883651	2.1662987330500963e-20	0.24327518607489934	7.411383074098027e-20	0.4160039509165792	0.5288280474467913	0.36110961869598096	0.10015855234090576	1.4488168815922908
UXS1	0.09610467507162763	0.5275911818023021	1.381918760858535	0.22950358116384934	0.14776316173764512	1.16283040768534	6.065482988737748e-10	0.22626012916862218	6.382441600299807e-20
NAA35	4.640169473770224e-20	0.3438418655081864	4.280788325989531e-18	0.1691645845637925	0.58775795727896	0.2818844459023861	0.787884601840851	1.4845446066547663	0.43872735285147535
RAB5C	0.636619044871824	0.14912179683780719	0.2584762393288685	0.5522941685417959	0.9151573910977353	0.6159590018825124	1.4361892147503888e-09	7.208247198105424e-20	0.5052363020836349
MRPS15	0.078297668274594	0.7829358165466709	0.7458775209310065	0.03790767254329878	0.6044867559019591	0.21567882147934447	3.592531369640452e-20	1.2035556479034915	1.2147840336724383
TSG101	0.17113475617178103	4.359113229978413e-08	0.5184749665746503	0.5486482913874161	0.3730336740465454	0.3574708430875336	0.7033077160676439	1.151843369422989	1.786734092325551e-19
ATG12	3.568068056830474e-20	0.15919005328926814	1.4810102474754137	0.8487572209706702	1.8983788518396784e-17	0.42777225696375054	0.34577839806978805	2.9195111573309545e-20	0.46696634002663884
ATG3	4.045475874329484e-20	0.694526587517923	0.43269957537834636	0.8632147102335394	0.2012914090466666	0.3001235221071274	0.19532421748876658	4.134791305568633e-20	0.7512993140196067
ATG101	2.1201664244253145e-19	0.38272639057006624	1.2283708628974523	0.9704548041266939	0.03747372767531244	0.4801086294990032	0.48830300526331366	1.853112455029037e-20	6.39366150242839e-06
PSMB8	3.81754846117957e-09	0.5015521553740141	0.9398570592638198	0.8714703969513933	0.4954195693924966	0.5993765874712189	0.9706202670948384	1.7941035484406586e-13	0.603950042175631
SOCS1	0.5490365336500795	0.4896771104810224	0.3261401350206439	0.5104455104914569	0.07290845543925836	0.47400926886275296	0.36616741331881447	2.0046158598286754e-20	0.6551621241345933
VDAC2	0.16096038210145178	0.2944560871617136	0.6645757873299997	0.5891641684758167	0.4019879025448997	0.3066283802028981	0.18212828042861962	1.7805544688863533e-20	1.0515712683849026
JMJD6	4.043943815915516e-08	0.07460404022689013	1.5319992977399095	0.31918466719321675	0.5247453410171321	0.15704914340298695	0.5888158503485623	3.2453567082328524e-20	1.0698115021572037
EI24	1.2973187147132814e-19	0.7118319892965154	0.32810482306430455	0.2564869651525358	0.40998962741315514	6.224446251004085e-10	0.9997427086652989	1.4293104831761182e-14	0.9495284731820794
MED24	0.11994982233125193	0.24281886559414897	0.6295285504390015	0.47305028185550047	0.07736761212220608	6.490897613762816e-10	4.18133900198846e-18	0.4703409850293593	1.2789741503052827
SAMD4A	0.6620155172734116	0.8535733578419834	0.29229266159833733	0.11417479622944661	0.1861344739867876	1.0532369721430148	0.7653118404214979	0.42447920858945476	0.43892415583663763
TMEM127	0.15266561386623295	0.4672630783743744	0.7666204132108281	6.016090399164213e-13	6.500360913835739e-15	0.5822193406735796	0.7324792789415956	6.997279869365937e-20	0.5900072385585674
KDM5C	0.4872791645815976	0.32540584329949357	1.4110898607142597	0.3832270518657415	0.5501189964215949	1.0346727351964944	0.06386950392174112	0.3551996635438779	0.22143931547468357
GLRX3	0.2669243762169041	0.3808741071100484	0.28267444588782636	0.6136667945790316	0.1192423898114187	0.535608308341513	0.26224499820252656	0.8535387374266262	0.666729539487457
TNFAIP3	0.26890226808063844	0.3391571133762958	1.4385906281807592	0.6967414006038603	3.82712754367608e-20	0.5140038233849704	2.8887406982717766e-19	2.422562282675562e-20	0.8521493958694315
SRCAP	1.1436543004939517	0.24221763282562364	6.114306718330714e-20	0.20533193332688762	0.5194975662878819	0.5597611736032426	0.7779859435963321	0.8612835642428213	7.143435343377354e-20
PCBP1	0.47738375728095067	0.461772831678454	0.5245497311385948	0.23492277545217485	0.4350760505939288	0.8927275276419513	0.7675395075009105	1.931280414970063e-08	0.07867132534540795
MED16	9.796846903228228e-06	0.5065169073098141	1.4118333764382676	0.476151900999281	0.09291280719408224	5.666575963955945e-19	1.7383098534328607e-09	0.620286948694754	1.0786340219852775
SETDB1	0.09902015790391391	0.7286178361219451	0.0547567847354109	0.854205466043213	0.4606836388629417	1.0630246967974901	1.0150876294757136	0.24919718789502893	0.26426010458898247
RB1CC1	0.15749932474089853	0.5096999883328177	1.4199053019846766	0.6750081718110417	0.3852636406187036	0.03793691720366885	6.486535000577468e-13	5.87153642798662e-20	0.5603549980148325
PSMB4	0.7078532916155404	0.1328357186264039	0.752388025102607	0.11750042809598003	0.4540652421726436	0.33357560755250754	0.5281170824586235	0.32190978889134075	0.8726358659403424
DNTTIP1	0.42116798718471465	0.3334357845572408	1.0497801138908083	0.48911212959293066	0.5965241539278751	0.33076672636863536	0.24156459881104933	9.294540535294474e-20	0.8515942175747023
HUWE1	1.531995372656913	0.06197133559742351	0.44080682362742585	0.4288883073497956	0.9563630528644984	0.4506273646711369	0.8991312821740431	0.028526866485448527	0.439044808538587
PRPF3	0.9271070305382898	0.08718949811367503	0.9682259872916474	5.230795045851374e-10	7.137366680550503e-20	0.06658639104438378	0.8706725660753459	5.365544053460293e-15	1.387698317244645
BECN1	0.903708011423909	0.8340531939410517	0.6034538089834308	0.36571526608527966	0.25202545427352474	0.4538435289278021	0.35890474967153724	1.5734561507636448e-19	0.3413227760782236
TNIP1	0.18278913332206237	0.4347780099554769	1.2839397395322696	0.11175270818306308	0.25409236669831153	0.2988425417106923	0.2000518787881234	0.3932997408628256	1.1260718745851894
RPL28	0.6938626856750754	0.9278890216641443	3.81288965856089e-18	2.759624102977469e-19	0.02280443411105124	1.3065907058220776	0.28533744780097686	0.9320452835329112	0.05329811878829825
TAB1	0.732092958891504	0.727171889190909	1.1906342713445959	0.4971989713485459	0.06413973811158405	0.11982515547224884	6.458550416049036e-20	0.02725442140381694	0.3374296862578381
PEX12	1.0796311888728396	1.0051453741108256	0.286743109393994	0.7512066548235664	0.049470092551709394	0.5501432776137861	0.7256109709911941	2.5666645350146202e-08	0.23890350592519272
ZC3H13	0.40862990001911514	0.039884530419688154	1.1578244163948586	0.035620555907766104	0.16379949307537622	0.53541232015914	1.1244099323922225	0.3179559936567769	0.20164739113105498
ATP6V0A1	0.1878623609744863	0.27401335452753744	0.6460533049835933	0.23736333496135692	0.7073419178927676	0.6151747468842808	0.2999000160069	0.5895319556424713	0.6910077008092146
YEATS4	0.7503286464264289	0.305760920050584	0.45477404298240415	3.625043624952059e-20	0.9769137111827405	0.9260912898974621	0.7140507836424796	0.7949612398412975	0.4044412710224603
GRB2	9.23647137202562e-19	0.5750425093544479	0.5592185773486973	0.5417296096386631	0.4275147830751307	0.6604315671728127	0.8582568212583936	0.43014382681771723	0.40727373871726935
INTS3	0.19825076098599442	0.47715056502034137	0.8233014857071276	0.5747270419438779	0.372765152727205	0.5771261496179703	0.1607565048961823	0.39906422924507606	0.5804696988241392
MBTPS1	0.2534350293465806	0.35846260211946396	0.9611921184693526	0.03112094575133946	0.23443125947391533	0.3107406113666905	0.6280712509225392	0.8177334754483407	0.9747600284999884
HAUS4	0.1765485978217701	0.907542905536826	0.45490662419251476	9.881644254604858e-19	0.8532586702026147	0.8343648445709199	0.14365112238744862	1.0696678782617395	1.012052466524556
CSNK1A1	0.716240531061298	0.5776633350844239	0.34624316245369086	0.33525315106063414	0.5088854761345433	0.9195870507698968	4.491454367338456e-20	1.0227219674099015	1.412271086373083e-19
IGBP1	0.7720984537434576	0.509099812532033	0.1649024735518396	0.1688351716507397	0.6382597295908243	1.5471050058790296e-19	0.6153837837730951	0.4265288551531989	0.8146953898614214
MED9	0.9559956996496979	0.43080410742922703	0.26851028396289595	0.8051288352225175	0.27244734112931207	0.6239398054973644	0.6291591479559562	0.33194851978705575	0.12023464510163177
UBR4	0.5642142089807554	0.3350637080629091	0.4389942705366248	0.4785760045890019	0.2978315163774623	1.164343125685959	0.45613874220045236	0.5441645168793321	1.7029118780219828e-19
YBEY	0.3789776248485616	0.3037275775078502	0.7592142739738572	0.6428873216219919	0.11542838145592854	4.252629511502076e-20	0.3633013719831751	1.0024672043471907	0.17731602097576224
RFC2	0.41289712703725345	0.3631509526821085	1.1278853508278956	5.2453107373377013e-20	0.22135628803794255	0.09453012929474368	0.32015739210416194	0.7986310646034671	0.7989581385405257
DUSP11	2.0124399610886966e-07	1.1534735194221166	1.2782361510501217	0.08485274668166981	0.05029636070222411	0.07523022381081088	2.5198483855045587e-19	0.6258056699603489	1.112458493686152
TADA1	0.824637780964201	1.1919680981833154	0.24323986317917384	0.42359682933301734	0.012416018244773161	0.8790573504072142	0.14427949933447815	0.7089784366872318	3.530675112121551e-10
TRAPPC1	0.4177706067977375	0.4953952903373182	0.6213943080337746	0.6697056198795585	0.3861828604891635	0.6768551093355394	4.80042935657298e-20	1.2125706575769066	4.275693585461162e-20
PTAR1	1.1158691923417703	0.12745204461104553	9.587889791524196e-20	0.5247426191266013	0.9490456759453411	0.3469974752029396	0.22054998331726103	0.33993411840608945	0.6263449271208501
CANX	1.7020936583270455e-13	0.7412118099830433	0.8301869237228379	0.7146701323022641	0.24051124959441542	4.302681728782489e-13	0.3732241100356953	0.8409214865553178	0.32818755416402884
PIGK	0.09197219724363175	0.9270062958978634	0.10778677978946809	0.7795288000573727	0.8618342989390521	0.18582645184897248	0.6654409133055036	0.05713142767927326	0.8754257731383084
MAPK1	0.5914798673943288	0.6463152043223312	0.7916283873491433	0.39865427194200964	0.013324285769555444	0.49869074020324855	2.414498836101545e-18	0.39688239354757715	0.2568445527230493
SLC10A7	6.998228211896231e-20	1.0386553342048521	0.32984434598775275	0.16263283776899332	0.7670809764580471	0.5975978386526545	0.6407106661627432	0.6044788043744825	0.6495209092960299
TPR	0.8036340471559563	0.23385010697170253	0.25193715395244565	0.045488936298447094	0.33223775475220996	1.0654625025753603	0.4335005975967466	6.706439488542523e-20	0.7430924939980976
PTPN1	1.1181149133263264	0.5883444103567768	0.22316302846915068	3.1030542410853243e-20	0.4790352940602766	0.9934549973784479	1.1119590369782957	1.0381387493447162e-19	0.006349609331248766
HNRNPF	0.0012623841067293013	0.31545923217020516	1.4327120152209318	4.192319492473773e-20	0.04064670031866046	0.6731236355904755	0.16229146871406058	0.8772754501944204	0.20064607727734782
SRGAP2	0.5197576589355948	0.37060989203846456	0.24584050711307356	0.8429151595042841	0.7734141932335942	3.581941987968695e-17	0.49445771975884306	1.0616296437398045	0.28426548540375746
USP8	0.5553992899479061	0.16641922318102267	0.8604000116425643	0.04950065971525001	0.8891226462036109	0.20779804569825172	0.13503653793396542	0.808954805693308	0.6130509026988845
RANGAP1	0.23534529298049295	0.49853774072628626	0.6688467533753494	0.5502267578380384	0.4882047561848494	1.622772249266553e-20	0.5070885734218521	1.4551341134002302	0.1174260206109314
GFPT1	0.645780529906013	0.7183866308827142	0.44033332653086915	0.09269428834462473	0.37985120953222734	0.760619762376081	0.012523208703226719	0.6480564933637878	0.15683871589457193
COPE	0.30957629081737414	0.43348359996402913	0.7678788949137206	0.9428757433212649	0.8535812789854585	0.06717659525011824	3.401135939454103e-20	0.9769087071916847	1.07273293493815
ANAPC13	0.7973563352966951	0.9579987656290501	0.5463451495290296	0.43474945178182783	0.23762097822060518	0.31056245608657035	0.29754353081428664	0.4357686662239951	5.785428584220971e-20
STK11	1.0003859552611418	8.032619330621213e-20	6.498663688139919e-20	0.8322022814784695	0.5182652505328791	0.45852399601849375	1.0384790591236401	0.5498403919951449	4.4961220708157866e-14
SMARCA4	1.1656226969698298	0.7986703968437214	0.40089298496766457	0.36241805357781576	0.19215459913591196	1.054867837919889	0.6526233919086805	1.8225007136779363e-19	2.259812694698348e-11
IPMK	0.6201127965127204	0.8320354407132136	0.27187933885352905	0.799929305172221	0.6837159309729071	0.18390956652629842	0.669048872120171	0.00024454207638469836	0.761252638217197
ANAPC15	0.6247415449146713	0.6395091289220359	0.2972767402995251	0.44319098799888146	0.4929717398775275	0.711327586274029	3.0723976176582076e-20	0.25045599597793294	0.42933357901430336
BIRC2	0.47346603464790027	3.114583166677151e-20	1.215059169625869	0.7959572281511221	0.89543213379862	0.6930702084455647	2.8319992386703506e-17	0.09672419488702186	0.5476851209676903
RBM10	1.2213304473696507	0.5088493878994244	0.1397099804840955	0.6093755556099085	0.2536023818017247	1.3253102292087862	6.27050366777822e-20	0.7805059279148432	1.7652894525846344e-19
ANKRD35	1.3010879158783255	0.7291933081061394	5.936170520324288e-15	1.0317499898794436	0.6140529868090884	2.658070035829022e-19	0.01265475418882884	0.6736490174938649	0.09360244684495647
MTFP1	0.8937069827133689	0.7458437471671316	7.418321711634863e-20	0.16030918020676055	2.4648354878499888e-20	0.5854209551680595	0.26587126124866206	0.7040530413585403	1.1244313500297878
DHX15	0.2949939214678519	0.3235144473201197	1.0028196727509202	0.08862267500317544	0.5841666848867979	3.0036382615417605e-18	1.7715115607232113e-15	0.9591976495956918	0.8228073086304903
SPTSSA	0.7809729102958294	0.1802461800470991	0.15884327569368828	0.2996829809905526	0.01402503178835518	0.24066660886790445	0.5518482333290832	1.195793512419236	0.04887643568002939
UBE4B	0.24034563962993422	0.15809989659988571	9.015445177386297e-20	0.289811706514859	0.3615405757543337	0.6296871785869015	0.5879578667953176	0.5523423465039621	0.9186136212380211
SMARCD3	0.40937662013816684	0.319523026686371	0.32670154812769936	1.2707435731518912	0.4390309774141727	1.823827964887484e-19	0.8008115667407283	1.1436436503498606	0.19187863918704798
CCDC114	1.4594641226149765	0.4654307902194553	0.08255394372726765	0.4259374004791041	0.44088707833963425	0.55591268154324	0.12773915599682073	0.6461922104719117	0.8495823282058182
SHOC2	0.3659752096715743	1.020029233769816	0.2788279986691952	0.6545980345645482	5.092962134089577e-20	0.8697323922601655	0.2634951523004225	0.6285243960250592	2.999879133163501e-19
CUL2	0.1297814777623768	0.5756250398262144	0.8557541970954923	0.25069908685215003	0.7217651379753197	0.2463672530362452	0.33146627688502855	0.5815837434188804	0.7993150418731129
PGM3	3.41635547991892e-20	0.2941264135806263	0.23142530893920069	2.3632475263856706e-10	0.26165934440668914	0.9269407688791985	0.42794838273182423	1.0917981519305724	0.5314863510246514
TAMM41	0.4754135099051784	0.6878254380156852	1.0530472944658674e-19	4.446094523051589e-20	0.25195430669439767	0.37675309223152126	0.692439983429555	1.1423616480745904	0.2613653277419387
ACTR5	0.7976228200796724	0.26647134020879976	3.7335539536374967e-20	0.5283166841454724	0.07905942655873384	0.7375448379374174	1.288081240060849	0.8823672967555982	0.18958368641269666
DNAJC9	0.330706224614557	1.200226253830826	0.3310645313415786	1.2046372348381866e-19	0.8508178921225152	0.3524015042072705	3.6677929116592275e-20	0.9482868027527747	1.112614952962706
GET4	0.6753450919628031	0.18515991484790528	0.5635612786672075	0.7468780179041405	0.46540783437869093	0.20261933168795104	1.5964165355267977e-19	0.9708860606477362	0.7867606211626365
ROMO1	6.746059282740202e-20	0.48596106903997177	0.5807404392413847	0.44539419687179554	0.6564231594689346	2.977390466359613e-20	0.16530685689611394	1.5790614547968687	0.5448457779779228
SOHLH1	0.1285596827577837	0.34772686358628246	4.267308648037141e-20	0.655994609274803	0.2846407932431798	0.9416682823571579	0.3187582384119367	1.3533824397459493	4.019995774422937e-05
EMC8	0.012419370734473462	0.2560821418975484	1.0240810896464339	0.5506790856156588	0.04885875118218153	0.31545228260754354	4.0578370983423694e-19	0.4393550294713177	0.38344611350440866
RNASEH2C	0.4155985975857622	0.5006146973739869	0.4813292745124254	0.0660167948714442	0.32513609885565	0.42076874066871156	0.5238215190394874	0.717227209945386	0.18995686423204072
PHB	0.4928712001175347	0.5513124776628738	0.2226929125877052	0.20072337554172892	0.7012385524740302	8.627139529266014e-20	0.3115675331528427	0.9296544905224724	0.6350571618922346
CHTF8	0.04918590438992995	0.26683463003573077	0.5848126324223052	0.4714476986506609	0.4714693550634054	1.105532017225278	0.38839682047473245	1.054791085676899	1.0506092161056344e-19
SLC35A2	9.560799797636141e-20	0.22414536765147036	0.6913072170578468	4.683120074413851e-20	0.595175171168181	1.1831049897590242	0.18126019067387322	1.0053553071244659	0.19516450024814774
PPP4C	0.367141256192577	0.9213992186339369	0.5444298235091052	0.4594928929723796	0.6017859931547083	0.383468423276225	4.056311371366784e-12	1.2456628314257039	3.111772787437224e-20
RTTN	0.3055411953193241	0.7507433689521904	0.6317020211602987	1.1670123697367614	0.08521067066522814	0.1745011831802844	0.6490485236540924	0.9821386109175594	6.786530791654787e-20
IARS	0.7902578772076483	0.5439013986659419	8.250104795915342e-20	4.7458538118409435e-18	0.6579942687026666	0.7242370442675685	0.07915851786932661	0.941869683467116	0.7815814058290406
GNB1L	0.2195905696732908	0.5016282679678794	4.446327255211575e-20	0.18097857056089592	0.6974174535811277	0.570089893126906	0.789525097266909	0.8467159794910125	0.9750595815164051
MRPS34	0.3220630580235959	0.6936064268881289	8.01249122163665e-20	3.1521410129600583e-19	0.2774408918578537	0.24451777881604184	0.1313269235336919	1.5117851286620991	0.5777715713154331
CPSF1	0.8018662094333536	0.6580177221690111	0.4532798628695738	3.5001693128651296e-20	0.6521910804259492	0.4282441066604933	0.0020140093969015665	0.9429931382599396	0.29556413036309626
EXOSC2	0.7266452554979655	0.5530801031045113	0.34272250532561144	5.121033093507121e-20	0.4932459564652507	0.2969189144920035	0.23755293167803795	0.762980597999982	0.47327294249993157
EMC4	0.6219112292971398	0.3991027591884585	0.2924858112351584	0.1142617280757522	3.049917601514839e-20	0.7085406197003951	0.43750093702673487	0.3275396770932901	0.7068721606251758
TMEM165	1.1472721948482663	0.0764601543424631	0.0367266744737749	1.086750539032917e-19	0.9006877313730627	1.0369920366361878	5.1376885117109315e-20	1.2839744806730584	0.09643120739739475
VPS25	0.08330416634995784	0.2012516816441559	0.3560900666662464	1.780692464345363e-19	0.362976750538717	0.9544651437200675	0.2990602387009243	1.1727476745094665	0.3145900990964292
RBBP4	0.4287688096667671	0.3462638273262214	0.28548163693337814	5.866540007521917e-20	0.5285732449198453	0.843747644185582	0.48760377601224114	1.041513176623662	0.1295646029573137
MRPL38	0.3061505372876201	0.6885338081854238	0.00898002097552886	0.7935960379346364	0.8742280197078142	2.7504574152362236e-20	0.30333426907585376	1.2169897528146545	0.012722928910256384
ETNK1	1.2525867150272212e-19	0.5260145403290953	0.22009906831578474	0.23560331029592285	0.39711010887184045	0.2102347673234005	0.8974838309988042	0.507677493085445	1.4729064196912258
CCZ1	0.823782495894049	0.5703271980346827	0.8758682250723635	0.04527979324847126	0.13297285194875372	0.024730212439426125	0.0003604310852036575	0.2543429191146998	1.2681227838534328
TIMM50	0.22977417648067341	0.9340180599346707	1.877326975506371e-19	0.5345555857741725	0.6464475148386978	0.9849452263892867	0.050784415398056434	1.5113364843892432	1.178150593938962e-19
NMNAT1	0.6361571976598294	0.7461578593676884	0.9531158917654476	1.001516626034707	0.6596930200830193	0.034194280437400644	5.561972265017755e-20	0.04713183205408727	1.2432997577555984
ADAR	0.9854906734730158	0.511169258646743	1.298450182224419e-14	0.5801818792087057	0.05735409909866918	1.4099235322020947	0.4939622274248259	0.09152003324546376	0.7615150579208199
SMC6	0.3536522598453946	0.7894769280682	0.2727209631127941	0.05928090339119476	0.41249509274475443	0.021701125355279165	1.389429076964806e-19	0.8213026768732784	1.0674895768547799
PPCS	2.1200130994664768e-20	2.733541871042966e-20	0.4814706165906085	0.17503440745171514	0.3579237789450243	0.6493400546436873	0.4586361185640854	0.8254152760844373	0.7974870596990155
WNT3	1.0109168097540828	0.7532272360334704	3.8027865477950886e-07	0.45796141265581153	0.8221162361639567	1.0534693622999345	0.0013965539346536178	0.5661898939298607	0.3886006673312847
ACACA	0.140218374576703	0.5520135885411144	0.2358692713926196	0.579953065164768	0.6241670034281079	0.38339927438488985	0.2794575238466507	1.214197218241947	1.5103099645766468e-19
SOD2	0.6643449618769864	0.18911022998280794	0.2996757545399097	0.06359913034489828	0.2960455421298861	0.4611491386710068	0.4623766410043792	1.1888670978103681	0.7126255873643398
NARS2	0.8291195213853833	0.4671498068572582	0.029259945813135	0.06846966209414453	0.5337477965423576	0.3942002845010526	0.7487236698646639	0.685760090383814	0.26422114466837937
COX7C	0.3095773935003299	0.6324554100858496	0.3046681336452846	0.36090809189838413	0.4723422395544772	1.2855391197761419	0.06641776717131127	0.8189722391822633	0.04198684885173505
ATG5	2.4061123885106282e-20	0.2738857861300016	0.840650717261549	0.876077121751545	0.0672804681234259	5.2273019655359724e-20	2.9461919002189407e-19	0.19156253459444172	0.6443498597477135
ATG9A	4.859018734215419e-16	2.75376084040277e-20	0.824305468763974	0.5305784679511248	0.5101564925523764	4.757211107010452e-20	0.39402604081407683	0.3626807851581957	1.3223457771855882
CD274	0.8659676240232044	0.8875910884798293	0.08219146104539986	0.3268203494987174	0.1574293154595229	0.8965997651144552	0.8980548375803399	7.831446159993952e-20	0.4202548876937676
HIRA	0.8941248007970376	0.688946710687679	1.0998034916463582	0.7122957309689443	0.2872569090176637	0.40474972286663835	0.5404733715143172	2.6258255785823633e-06	4.229651271389593e-20
MRPS9	9.199566152999398e-20	0.7093416327806188	0.2824939488589681	1.2876505462164212	0.7504198266932925	0.053630302064339316	0.5962738422732393	1.6199459663786226	2.508674776488746e-19
MAP2K3	0.17538920333259275	0.7063991452186996	1.0135906239924615	0.511410715582031	3.5086935440579e-20	0.08685044949640348	0.8676800591282393	0.006773215550517768	0.6099723328201503
WIPI2	0.07010602686105404	0.38909468154305377	1.2834672797826412	0.6836462770857326	0.12407639394909281	0.23743710811031793	7.855184640317497e-20	0.0643572349242987	1.0432188668899995
VPS18	0.16104417582600228	0.6022522228675693	0.24650109010946128	0.5215173070259025	0.49836471520299497	0.2768063354241463	0.6578777403835466	0.9946843013108783	0.13951009876877213
HM13	0.3410162734643552	0.33451881774628156	0.7567068209495091	0.8974565068813631	0.18796323143124283	1.0082997248832246	0.21782546914114867	0.18845298956735634	0.24849129894976843
PEX3	0.80005420453829	0.6574298947813687	0.0463465035784439	0.4354224381452239	0.8321280759067291	0.5955486784549583	0.45405334562914085	0.30260545882670203	0.810964483466204
LRP10	0.4722604639208998	0.03389288697414838	0.6613512045523559	0.3800535146948777	0.5801213550396697	1.9609283044128336e-18	0.6927431026864201	0.077256338168212	1.301584871243057
USP9X	0.757270140723491	0.05547111502234341	0.7873795906318108	0.4523731986149828	0.26270094840537733	0.9047770007638735	0.8571435583437159	2.2521160021832223e-19	0.5971625646103165
NDUFA11	1.0140917035928199	0.580108218888415	0.18594024010878557	0.06272559357503968	0.3234375036187362	0.1382843622409503	3.4249802272300684e-20	1.6502958211860033	0.5910260968238856
NDUFB8	0.9642586883827052	0.4908456392609888	0.16344216794001967	5.393294751735915e-20	3.323982984412522e-20	0.2732114950262486	0.04718623198732803	1.3571358859929281	1.1701917468161704
FURIN	0.8116899422023598	0.1684600562915067	0.9592564318158787	1.2726775716971177	0.6865252145038754	0.2643254181605605	0.46602553094492016	0.23274754297077818	3.843805818140145e-19
PCED1B	1.0648394683717931e-19	0.6956793144990846	1.293105614611292	0.6987268501499477	0.13903600321195078	0.21311394555056432	0.3953137710707018	4.974720939282608e-20	0.826607099807462
PRPF39	0.510302264609812	0.09540880312848768	0.5914814967365937	0.707955505674736	0.4999993922367207	0.23207572130627516	0.6925400807548211	0.45223846138319074	1.601352799426789
SHFM1	0.00016355933854117426	0.472051856306576	0.4427689885777082	3.9178749072152717e-20	0.7011028282977132	0.7967029578165579	0.14770943972479794	1.942543634756973	0.19631700525506604
IRF1	1.1891364552780455	0.2264816519965021	0.018956799826474302	1.0129416542621876e-07	1.5369541306492424e-08	1.29973788480588	1.8062054450162481	2.8092690392406586e-19	1.095726390507427
SMG7	0.42414373228366264	0.3743119654890979	0.2042059074713574	0.45837197604389274	0.8510126124851956	1.6880439449432223	0.3176562760403399	0.9261295692870309	1.9667946486125907e-19
PTPN11	0.5421486069312195	1.0634490404189616	0.3612460211029418	0.24093432833914727	0.8188746415467137	0.06269654019919577	0.10582384483386595	0.6381031384820969	0.4349840191398412
CCNE1	0.7514665435346866	0.004183978102501437	0.5580222900941374	0.05915119942073133	0.5476949995732351	0.3939918896614628	0.7323029799201848	1.6061652424479116e-13	1.4617536618094202
MED14	1.049571273161304	0.8389437908528132	0.9906795166223796	9.546414398386755e-20	0.09170728852528953	1.020908823893682	1.5723059951329493e-19	0.1504842271996813	0.47105312605134464
MTA2	0.9663310393887942	0.6455818355739676	0.5641043478295786	0.25405487904565444	0.5730741499329189	0.1367506211491586	7.177823764698547e-20	5.992164616937823e-20	1.5350179414374514
MED26	0.3684923300535334	0.6435951768944164	0.7664363792029901	0.42088773908387395	0.5515029835760642	1.3619817736317369e-19	0.6827724119856808	0.12035367104796167	1.002300257439221
NDUFB11	0.2847916948028225	0.8642876180580132	0.33406633489048915	0.37635466872444795	0.12738348058967752	0.6562272192985751	4.2903821166127105e-20	1.815319133438773	0.4231628866314901
ZNRD1	0.6418338859221291	0.4085409228170546	0.6480732264527858	0.5602071859537079	0.6839933883707847	4.93489312650076e-20	0.7380994869378477	0.9101468105934076	0.2501568791385766
UBE2G1	1.1768281287791067	0.19100789537766788	3.7237576627803235e-20	0.39726220674998286	0.09877763530416299	4.500565725677449e-20	0.9267023068642952	0.3061535774881305	1.357478661021345
INO80	1.038563203893347	0.5471931043533864	0.747434698526767	0.6185050703958614	1.1720355260980904	0.5610555622206873	2.2434738858405967e-19	0.6483232187223088	5.815676868942246e-20
MED20	0.7423028141687708	0.21035676025433278	0.5911473532369707	7.075462801835678e-20	8.440419544331188e-14	1.0163565011562823	0.6339959237549952	0.7932122060716291	0.47993865555173665
CCNC	1.227421838155468	0.5256710618797618	0.3423274153070389	0.6296267733180776	0.2295257094998016	0.8698025201451267	4.945425594332276e-20	0.6954408310046578	1.1455699525949454e-19
USP7	0.2589295019490787	0.8036768994882	1.1137292492675233	1.8616202516612883e-19	0.04720733092836199	0.797574851882059	0.30905974622129845	0.78816731688086	0.6011970848162193
KCMF1	0.4270067873117538	0.3942515827867724	1.3612639380488075e-19	1.155232749642439	1.0088750530635573	0.7394232331032383	0.9474928218849734	0.5475927665279515	0.2828471329943179
DSCC1	0.9954210886574444	0.33573527123475466	0.654173299642128	2.863822790567059e-19	0.7522903968357163	0.7182947830408863	0.2684573236716645	0.05634727756558582	1.0417644142389333
CHAF1A	0.5326376572588976	0.2537409715575631	6.658303809068178e-20	0.7943419354557182	0.25861756584397	0.3601002714124996	0.09321564169845174	0.943982528775575	0.9304283938870581
LEMD2	0.15789480606140038	0.013976941616125674	0.5492178587700558	0.17678634998864445	0.5664591575441934	0.873021633601246	0.763752698265839	0.9989848622492463	3.355277417499963e-09
RPAP2	0.9417908387836971	0.5712658027588543	8.410064528364156e-20	1.0765483130882676	0.3121076623663593	0.46184801299465233	0.5918225026640495	0.7826586095944082	0.16781059603021695
HNRNPAB	8.127336211856676e-20	1.0611376216397699	0.5921582717208009	0.6331701478133948	0.5017961664416284	0.44836947254038656	0.6727587863225623	0.9731962984646381	0.5844952061359939
CDK8	1.057946432471122	0.5763098392159928	1.1243776171017167e-19	0.35861494891939455	0.07160975614288316	0.906059541017858	0.6418574958021367	0.9951788226453943	6.528701542942729e-20
FBXO28	0.28670370089791725	0.3426076496479229	0.4375828916475349	0.8003479179428928	0.36238499671076035	0.29896795550119143	0.5331521732365349	0.8198201402092972	1.0347222243059657
PARP9	0.5160571197312748	0.18444948199904193	0.6119150171282747	0.035183992304696286	0.16655521727358638	0.06405920131262885	1.1779397354756802	0.1679211492366743	1.6342297266243093
ZC3H3	1.0624780239358167	0.1312072025538629	0.33839032586322304	0.5951005268846385	0.780121363311179	0.47852498701640017	1.0760363427946227	1.274658974285603e-17	0.010196705723127614
DPH5	1.1663292635846647	0.542327758552492	2.2823253203350497e-05	0.1409362293287472	0.6302546602133134	0.3688859940196201	1.0588286523489803	0.7597760918463564	6.861683439455581e-20
ORC5	0.7153483619551027	0.26941273804216637	0.7143760937587065	0.4075744495449542	0.8378082119182049	0.43091083564055266	0.49465149343944065	0.8348560300371455	0.4291623554131491
ELAVL1	1.174948194054633	0.2978971474355888	0.04323789023646703	0.7579956285305383	0.7069801996086638	3.661890565575668e-14	0.30424438249928737	0.8806887621190624	1.0684065766315274
CCDC115	0.2679783624033753	0.2626034208881133	0.6966109914531234	0.5126037669646931	0.0880311040592803	0.6944335371340007	0.6107175910197625	0.8105808656612565	0.791897994762885
SLTM	0.9050089075294244	1.5899656320490947e-15	9.608132780497268e-20	1.044406801569895	0.40564657995226155	0.8536739098716571	1.1171316745240243	1.0729974509601803	0.531346875368328
CHP1	0.36541188547516845	0.9008241382938842	0.9212921217667736	0.3441924412249505	0.3917290412805387	0.2527550049786018	0.5845546355881706	4.957797587584723e-20	0.6426171086077819
DCP1A	1.3033788998053841	0.4074505464066936	0.328947367473271	0.6546880219348356	0.40830127416636325	1.316832990779198	0.5544845503338063	1.169593323425475e-19	0.43427222491119716
NSFL1C	0.15016073297788754	0.604180217491885	0.47735431910697285	1.363092939546456	0.13122894157286538	0.45260585837084605	0.5388126970084921	0.5713216996899778	3.442019285590005e-17
ZC3HC1	0.3891326153778989	0.30273109588926533	0.683491600513561	0.5719244209317089	0.5334432348093353	0.4669146164240811	1.4527241416321992e-18	0.10144227841995299	0.7031187993020953
NGLY1	0.6151707113179653	0.8581008210632389	0.4903554189046258	0.39821436426507584	0.7081000253129202	1.5252790554162887	0.5208038075471338	1.087331374064835e-19	0.05909227496453209
CHTF18	0.9104738660161411	0.45063691840156306	0.08534379817597211	0.37217447757904915	0.3028818000379168	0.8079841496511567	0.2331008992440147	1.3521580280249332	0.03568650370001687
PDCD10	0.8303894984423642	1.0402786090058167	0.4659765297927303	0.663102625275895	0.5426712873091082	1.1852753544487493	0.22410682215853475	2.038755914596776e-12	0.32639197144702736
ETS1	6.182166102392119e-20	0.8136575709907164	0.4153874159148285	0.2915734588726858	0.2894728313231665	0.25463227317098214	4.0802899889219113e-20	0.9908520277732873	1.1404878136610992
VPS29	0.3875485433484094	0.47909049856631764	0.6255690365626626	0.23034909409097465	0.31157668298627206	0.9472593615895896	0.842026982497771	0.5002203991905653	0.5938324061377925
AARS	0.17700130650683932	0.5962049144018181	0.7587004070475585	0.16566772872252317	0.7545484022941317	0.20326224539496526	0.7436667524640102	0.8260254668226055	0.8070682816303592
RQCD1	0.6843762800826311	0.46077587174891277	2.5821265892673904e-10	2.4614844595422153e-19	0.5032619086638329	1.1350743565458377	0.2635952687726716	0.605449658242599	0.49892527837765166
ARID4A	1.0532813950832896	0.5188254274097197	0.15503646195425752	0.7291438293561515	0.6118908225333198	3.873398662717007e-20	0.2461277282032192	0.6215434051577586	0.4819349259888879
INTS10	0.30940792802842276	0.8116609933131912	0.7503700274898291	0.894924660250386	0.27990947540640476	0.3513194895740433	4.8933022728702994e-20	0.4940875063245191	0.9293218088091728
UFL1	0.5804927012292216	0.5773945025195087	0.9742729946493773	2.012223382348432e-19	0.8346910278980427	0.5444444633775571	0.2525078790754001	0.1528517372725764	1.1902267231504213
XPO7	0.46529975086573405	0.37992327847586743	5.3548168946122553e-20	1.0738047526835164	0.5039090167454872	0.34691026479639553	1.5500645339460564	0.29059168873348906	0.6687345458016892
PTK2	0.05462233158623426	0.3039805716867839	0.35592766265532055	0.02507312229466351	0.24571825996404073	0.5447914152192593	0.842235222959913	0.6658989946264909	1.2810541778788602
YIPF5	0.7181618396622573	0.6648496988565065	0.4805757325438666	0.5195678448127766	0.8664779457010354	1.37676013166697	3.366092075926477e-20	0.5301995936312426	0.291502493287446
NSD1	1.141635645342184	0.22947528742583762	3.332469676716691e-20	0.25465240226374686	0.4303662789919523	1.0892364250053495	1.2625331388207794	0.5720752437696173	0.3417045743509615
HNRNPR	0.9089756070025018	0.6367119975347759	1.1612900220660454	1.3316356687919788	0.7132533252227237	0.1654993299577722	0.6295182397809298	0.4824313571720492	1.258116935006858e-13
RIC1	0.3432258323168271	0.23027058024630823	0.2758752868509725	0.17962250543319722	0.08634494863325058	0.4488425433665088	1.3559998773114323	0.43047011315807543	5.092347416158353e-20
N6AMT1	0.9075622590737491	0.8917281866785188	1.0879780848262823e-19	0.1597457227641167	0.19486449566667263	0.30385806828905026	0.8103018784967252	0.6075618790994687	0.8336425704912012
ISCA2	4.1399764969333806e-20	0.7267262950229064	0.016020402889149684	1.1463398652491348	0.5523291005738544	0.5573182549347233	0.2118029284683053	1.482616202586426	5.45696502703676e-16
BCOR	0.9789603108808137	0.6114577291426178	0.21454678617404496	0.45757982448779194	0.05383723989478177	0.6972935932106508	6.143550079282749e-19	0.5711790829179122	3.860718096710382e-20
ATXN2L	0.8036694971502208	1.1573671607969078	6.251454105257637e-20	1.105995334759013e-10	0.4069827766403737	0.2828607813686565	0.5754750813445726	0.7480869867541101	0.9365575035527366
ASB3	0.6387083252292485	0.12088672889739793	0.6683187835002664	0.20161307544026413	0.22204205848509856	1.1453212882824673	0.13965568006278506	0.5112212266224962	0.4639987386512733
PIGU	5.917584324030538e-20	0.32327916088318964	0.6313688392244875	0.4432890040658649	0.37507953951567297	0.6451963475176263	1.5490603243804123e-18	0.4094470924270868	1.220114088474764
PARS2	2.565645397224169e-07	0.43738760448906305	0.985245623708796	0.15077223839207823	0.612808115341055	0.16058401107074838	1.306677079661117e-17	1.3399313736621017	0.8766136739978037
HSPH1	1.0697170687415398	0.12473234842929885	0.5632586399153858	1.4501798135763044	0.556549800798587	0.7213358644361739	0.7813294702157264	2.6616138202341753e-19	0.049830325555447676
SLC35A3	0.582808283638135	0.5088442184897106	0.7893678113954562	0.5605620103878501	0.028228414461123556	0.9823568549445272	0.4353223879866136	0.2935552154029919	0.21906198939400848
TBC1D22A	0.3930158944801673	0.6693299637764532	1.1066129323939625e-19	0.30552164565591944	0.1370031831499364	1.164618707877027	0.5892439936685812	0.7221172792444596	0.48616186635220116
RNF4	0.5180654621418284	0.5170829338060213	1.2118293555492854	0.5373324417382466	0.6736543110893011	0.3319130872677522	0.8929461298722013	7.74246944301132e-12	0.5507430723045218
TDP1	0.6783516009057196	0.12886836251409536	0.8162448253393054	0.08242905984620133	0.06612870265768374	3.4682136112669776e-19	0.45945503373046664	0.8812012192369055	1.576080978622535
CDIPT	0.6602542482763432	0.5943330425210333	0.0014911554562699854	0.20420385948688596	0.3853387582731012	0.5594409050199872	0.1736681928639069	1.46694441153602	2.403078191308368e-20
PIGB	0.6584274488313452	0.7749594209015908	0.5722707402039353	5.422142809915349e-19	0.5408290634736439	0.7360999465843557	0.2903450934425382	5.506396489140637e-20	1.2265755945188015
SHARPIN	0.6437672847259306	0.652143025319762	0.4972036938043247	0.6818111898625305	0.6147949318283015	0.68002514843115	0.2828692291599793	0.057522991850257034	0.4522919740731494
PQBP1	0.26997780633923324	0.8411086057904673	1.0910983659091786	0.7799382713339535	0.520757546422208	1.0498506033506374e-09	0.1774293136597895	0.34676495730485135	0.8815825159429258
R3HCC1L	1.3071910472900334	0.7691157778769095	0.31686647818851127	0.6438712028722924	0.43229658087255324	1.051367260185207	0.8031659245702146	1.1224158822734298e-19	0.8872741021164886
PRPF6	0.17066119953732714	0.5408155674011088	0.8518029906482567	0.619449641835122	0.26873664134247854	0.20375521122792542	0.3375308070688477	0.8862135956829877	0.740496002127299
CAND1	0.935812750409995	0.6282112106620976	0.8765187891276124	0.2647877927559039	0.4081824627335938	0.6478702215679226	0.626996556997726	0.4807020429210336	0.1253953102565528
KHNYN	0.4189153954733118	0.7134842225297252	0.7832175064805552	0.6617135522416975	0.7015879021552184	1.0500134309761704	0.7059438182536091	0.11148545724829567	0.3459100954607603
MED19	0.9804130107844995	0.7485921522716111	0.7777228504996462	0.08377939517437354	0.17548460225894805	1.0891143351043153	0.16436039650243844	0.6562908607761772	0.10713447065087237
UNC50	0.725828420070427	6.945874695863803e-20	0.7835582658662352	0.36253416355544593	0.35541973465684434	0.6627110983239433	0.4300832989849242	0.7971355236631668	1.0127873821240363
ZC3HAV1	0.14463952737562125	0.782946687905773	0.7645235232966003	0.7918473219199178	0.2814625614499432	0.9146330451749263	0.20457510326369896	9.751554361037021e-20	0.5941731162281874
RAI14	0.13919199280142613	1.036772865785764	0.6271873976419452	0.13537769105702524	0.23599568906495855	0.6456524289144772	0.3062202904672485	0.6628661060950789	0.3283341915167894
PCGF1	0.9823235670042968	0.5989132095959707	0.0012229816987517188	0.056007423698432285	0.6088721143805752	1.0533519069071875	0.8900612101498038	0.2129016600213123	8.168530801738838e-20
TMEM117	0.05778593391854304	0.6899618402784071	1.909535736299845e-19	0.9718358273814199	0.4382939516385136	9.30040586760439e-20	0.4208470545601116	1.415698092747175	0.9183629221046704
PIGW	0.5076395923345531	1.0904802822127369	0.9320398054153294	0.7758922241294791	0.612894320851042	0.2791237318992373	4.1435829694000575e-20	4.129482518654398e-20	0.9611436861083255
TCEB2	0.7200748091354172	0.7692248453182976	0.09762302466039681	0.8259259088899993	0.50780644340481	0.7370070513970647	0.35753467650725973	0.5135676926646693	0.27183969947611275
CHMP5	0.5695491786344123	0.5996555022095077	0.893922724750115	0.4579829319227757	0.282240911474103	0.4412822798965445	0.6238142064639839	5.452650659031936e-20	0.3641646146840874
TSR2	0.7693007160767887	0.7152808857814669	0.3190228636126271	0.6180111097537104	0.8222467310459173	0.19946300328612673	2.8949613896310717e-12	0.7136306447972107	0.2429217574674606
URB2	1.007295432984617	0.7025474100422822	4.9883753655462336e-20	4.014428711272257e-20	0.605009393515108	1.1563555820013927	0.7349084294076493	0.7769447676891145	0.17344539563992262
LMNA	0.285841131669857	0.22985313623802026	1.5031419906638918e-19	1.1094754123612027	0.8751913998826178	1.148421879601637e-19	0.43635018345407034	1.1801465806621987	0.38988422514213167
PAN2	0.7063900602472183	0.633717939580916	0.3414467486102948	0.15449600514469353	0.720384464322988	0.9747296305902796	0.39464527934429894	0.4777046770925201	0.31721896073009254
DARS	2.4482408374451205e-08	0.4853451192999648	0.9757716473246347	0.05631957400191019	0.8086350143228047	1.4708972044971776e-16	0.04739823829754142	1.4893676387776627	1.2653505012542543
STARD7	0.6937935012072165	0.9362038839635878	1.5828062358591002	1.0546101411392643	0.38664390175539104	2.582225189901576e-10	0.07003819664554521	0.1328402581893287	0.23912291990752485
ZC3H18	0.4786183709897891	0.6708370943681292	7.89223496499076e-06	1.4796842966177889e-19	0.6920517883825009	0.7116901709946207	0.472990025632307	0.8365638787116167	0.30768268368771434
KLHDC7B	4.7525930005701476e-20	0.31447087054697226	0.13731386864396458	0.7307431348469915	2.7932290386175117e-20	1.3155336318526445	0.6717833808286295	1.1442345738341582	0.4339252180562365
TRNAU1AP	0.8508593855561633	0.5709168716193249	0.5376179457077734	1.3103112982394092e-18	0.5121018543197077	0.659987149008765	0.5467753332209722	0.17392298008687437	1.160242701532542
RBSN	1.255125639006598	4.864471929186081e-19	0.5040380381152317	0.7994640073704856	0.7659354599982111	0.6857491912015148	0.17893573200581125	0.40048107911400477	0.2979813724639665
EIF2B5	0.9018869824596536	0.786597778154241	0.7521137433232661	2.006279027999553e-19	0.5182032760079864	0.30809002055904333	2.909685111544487e-20	0.9613787068338248	1.168088673253012
PRRC2C	0.6513107312666427	0.8436415136525812	0.701591361763958	0.5886329690015455	0.2960025785237983	0.715600728047495	0.773089133890971	0.13685185895887225	1.0631869220094126
MYL6	0.9921713855977389	0.6216660880591339	0.2570768150491179	1.2900517398937077	0.5751329804678017	0.7054096882556176	6.225077962386097e-20	0.38972554979370566	0.22366105567038927
PDS5A	0.664121750071741	8.709201805511928e-20	0.5839958146437918	0.959172973566417	0.9834731210321447	1.8916087966837238e-07	0.2781489158035114	0.3799397420511174	0.31136220174507856
TUBB2A	0.5915937922097171	0.03736673278537751	2.9179173346456577e-20	0.3168675991694838	0.30325848307998876	0.8952268418568121	1.1137195692961561	1.0931460901195393	0.28759397317703955
SMC5	1.0616783685632777e-08	0.8627729364912134	0.16421481890046083	0.2580331576192892	0.37663032130263097	0.015040481674002043	0.6450462250081902	0.944593795888586	1.184206565204692
CEBPG	0.5067926625682614	0.9921020604571023	0.7793826206089548	0.19751905186378205	0.6447413846300598	0.2998049376840304	0.14807609212211084	0.25694616854000124	0.9555625793146145
GAS2L2	0.9408277416890727	0.31463227212219186	2.831349974027168e-16	0.05319374656913641	1.1341147264857827	0.6907047199103853	0.9199843985819012	0.7533315456135948	0.12267629275884859
LSM11	0.38134593821307955	0.9331876526564676	0.5124360267546871	0.10656613544026426	0.36645056941756987	0.754578182172954	0.6069057455233912	0.9502666918790894	2.154957650502457e-05
ORC3	0.010830404197917188	0.7247266826023321	0.9381792571858613	0.16617638548861008	0.16907505246326382	0.5392967144663214	0.6051003570947765	0.9305623391263919	0.46293045707058345
SRP72	0.4173993291154758	0.9822998036557217	0.6870889205244627	0.5529724864353054	0.1999291445514546	0.5289192405737976	0.4618544989803391	0.6772649937324492	3.189036702810194e-10
TOR2A	1.3951120445218521	0.4484823448416668	0.2760667976636603	0.9325972922147501	0.23319630735381858	0.6322672054611727	1.3199181933167077	0.25542996174649873	6.307351781069657e-07
MRPL50	1.5124418417374484e-19	0.6918532495926708	0.8740843662995018	0.31644292740037944	0.5998169669467494	0.3813867448959073	0.028145075545050784	1.3407048176327616	0.5077834504393853
MINOS1	2.764586781002614e-20	0.5492161716546973	0.45235292516104064	1.115890626585529	0.1008659625212366	0.2832767158708861	0.28562405243677863	1.1840443692716671	0.2463177331274131
GLP1R	2.693732551192359e-15	0.5873605420009568	0.44959534907425175	0.7271347994413994	0.2126866083805851	1.039017469568562	0.6049704163302442	1.5613803829016846	0.3628327421460514
TFRC	0.8909276630002342	0.8759000447049292	7.392502224600331e-20	0.4987602109691853	0.9638677850178767	0.20078185719814162	0.832728645789055	0.21542752834300322	0.7549659010528027
INPP5K	0.7105253147423922	0.31097910268075624	0.12836255784519857	6.862375719563678e-20	0.8220877787193824	0.1519456926022716	1.3273035942124891	0.5952932465632618	1.140932023902034
FAM50A	0.35150543187038263	0.47615103190172203	0.5011122196884029	0.5435168525290486	0.08457838510778594	0.5457295650116658	0.6778718102686542	1.2706553119445239	0.2020680190773722
FBXL18	1.5005042818457486	0.7740673515646246	0.147591633773305	0.7298142834599284	0.4949867645914091	0.08123911757365597	0.7876226194367929	4.662411918542388e-19	0.9637936466240269
PSENEN	0.21131578813887844	0.6085037215099511	0.9298925278200869	0.4396764772015587	0.11631057931945336	0.5644391580074403	0.5847854731678052	0.34532949241781946	0.38295921432275876
SMARCB1	4.5475091252499736e-20	0.5612018978742355	0.4930300630698527	0.9273890384201942	0.8449978838268171	0.789399167704938	0.9860634754083858	0.7795760310776906	0.22355979225371347
USP18	0.2312553220553414	0.7817218011869531	1.3854322064017002	0.5224708397469756	0.14391028146300638	0.8827471765235432	0.3355034715128622	7.396246952468977e-20	0.13003912475829274
FECH	0.7905306300056327	0.4517937930394109	0.20790874864464906	0.07114983366480651	0.550609328334573	0.9759635601832899	0.3683042947434248	0.30936771910546557	0.4765308646792834
VTI1B	0.48586521125662313	0.5346048369011163	0.0004502159781122711	0.24867695515873145	0.10679415036953423	0.2189094444502832	1.0056400366883536	1.2068523710571464	1.1511118890305383
SDHA	0.283586217704294	0.764916061172756	1.5963155582246956e-10	0.9754111723855411	0.48274856900458885	6.4895364555481e-20	0.08472469232287744	1.750088138097744	0.707228306804508
DDI2	0.707685973254917	0.5871512990994834	0.053210230713046244	0.9888803373757188	0.9070371455284207	0.8870888228736737	0.3127292359924264	0.5480466368400367	0.32966672552705056
TUBGCP4	0.8602628901675935	0.5724296821401949	8.414360991259238e-09	4.040592958284611e-20	0.45439785357462	0.4431672168663467	0.39189049132426923	1.3693542100078513	0.10880810737080082
CLUH	1.0729921462785756	0.257222213802609	0.1287851465701563	0.310289996410589	0.14186996384925363	0.8165884903504762	0.43601649618198196	0.8863969397782591	0.4292291179282971
EID2	0.45323996220120255	0.6789241797949973	0.07524636996598018	0.3738640331828035	0.18816141204942563	0.7419242133832659	0.27771974699406504	1.2021918761347705	0.8203684407039223
COX4I1	5.26174234603287e-20	0.20791470809536713	0.050099573012162106	0.47925186625880445	0.23747948574859407	1.11466263254066	0.6299080444758193	1.6190271847315354	0.7459257160540264
PRPF40A	0.4090871423661584	0.8782551933743089	0.8072347188715606	0.5254601935079158	0.2288427170055823	0.8567804031903822	0.28781037520543323	0.2441672798596652	0.4481297643081845
RPN2	0.3110722636581667	0.47083318992030165	0.415180896913248	0.7773191189669626	0.6890447797056821	0.9339342329388146	0.13628558274313177	1.0536021023685032	0.8329981682815991
MDH2	0.41315003353088536	0.19921904771320337	1.0855743367766129	1.3193053188941894e-19	0.28408574282015414	0.15376914931425656	0.6190629614926022	1.058695497391042	0.8043574829288123
EWSR1	1.217991563613226	0.6523111692471923	0.20632192433955673	0.7011461431591935	0.4501293968024176	1.0831178055196888	0.5519221341879652	1.1558572318287057e-16	0.548538804133228
KEAP1	1.1081944048076603e-19	0.7560549679281993	0.9630812526910192	0.15988430650687918	2.763094062987816e-20	1.1010383105560517	0.7338711130708816	1.0513315069856723	0.06034958479744794
GPATCH8	0.6720921036521416	4.19659776598366e-09	0.2986292782734282	0.6271276249468503	0.8539973967762465	0.6862824792800406	0.6159618793558971	0.5115829791385815	0.7461845774195971
WDR7	3.915786670161239e-20	0.13871276841336966	0.5867322186230522	0.8776030207917419	0.45462897746108843	0.20344111656833114	0.6292766581694353	1.1438020627850443	9.097312543967922e-19
RPIA	3.983125845412009e-18	9.176650936800942e-15	0.20841642374208408	0.3608505644666694	0.49239854493632995	1.2981343146123256	1.0778883600130076	1.2759099286300806	1.1718246336459078e-19
OCRL	0.9826966351377163	0.6181522805548485	8.523601896690012e-16	0.882073711576895	0.9452222963307144	0.3949224218968195	0.10094972389582442	0.5984141777724996	0.903933532546563
SEH1L	0.532085968769967	0.6815312426413248	1.98806373572496e-12	0.3635114674073474	0.789083154991024	1.3061360144316896	0.19089195436288112	1.8234407643595099	3.3276014785819572e-18
AZI2	9.42974550286657e-20	0.018287005398319837	0.22596241563541208	0.17135876548684637	0.6817680233565152	6.079396917942003e-20	0.34115681279432475	0.533861591474219	1.1642971038411118
PIGS	0.455575348727481	0.593674766567525	0.09034652816679535	0.7330066621825495	0.6895947287585391	0.21391313580179105	0.9874693043856094	1.6064671877944836e-19	0.9022079914784489
PGLYRP1	0.4582908248004	0.28416480596833177	0.15602444288274808	0.0006675378152039692	0.16820421126101223	0.1092906252453411	0.8328539098654425	0.9218687307507926	1.1521793664483702
PISD	0.14330133017403962	0.5391589485162195	0.9574775076506898	0.21581604743388924	0.2206833228226292	0.4382576120521759	0.10092941368905971	1.3558681468055884	0.6171866411257125
HDAC1	0.32136703524470855	1.2594972440484147	0.5628629087325339	0.32727057661565834	0.13073230832347063	0.08052674460793967	0.35947926713055406	0.0096874479941387	1.5814499669014843
NADK	9.256183412824222e-20	0.5464733364524762	0.9125298782681582	0.20746205933462872	6.159682600953172e-20	0.21830330677471027	0.21267834915244618	0.2596064524156315	1.3240669997160246
METTL3	0.2907332285388597	0.7337386588861831	0.4261408885863468	0.13379949823992593	0.8158394154869234	1.1352382260021507	0.8501929016068859	0.46410842114589046	4.730976417032444e-20
LSM10	0.21757804935184202	0.28519649121863794	0.9025678415368078	0.15577486784484068	0.7926680275635583	0.5935433685604479	0.5815289365317595	0.7470868247199455	4.9320862940468063e-20
MTA1	0.8855999998441382	0.1259565011488816	0.01562931315616028	0.37659967046730214	0.7513588040545657	0.7583921161113719	0.5384648879172912	0.3282535003314508	0.34228105633230893
METAP1	0.7242230717190741	0.5928307472863898	2.6985315122636274e-19	0.13179451362189742	0.08130252036838156	0.4159207224228664	0.05063875769606369	1.0383635178997057	1.2429001989311081
DPH7	1.139884717148498	0.765825888172271	5.676824206250661e-20	0.9356930453256217	0.49711350075211785	2.632205526067045e-20	0.0994558424135747	1.373845159180753	0.3613485334405597
GNL2	0.5798018661413511	0.6043790820626047	0.5987028979697684	0.919724391118941	0.6360098497274315	3.199084058803e-20	9.247247518844211e-06	1.0928094349665793	0.4188027219589755
COPA	1.0220610472625762	0.5266129327233867	0.404949926838064	0.20440295983343876	0.9196419731361906	0.02822306863442935	7.799993138108228e-20	0.661518033705313	1.3084040535130708
PUM1	0.950974018527915	0.2807935529908274	0.3516682617446003	0.16816961415514708	5.921334389606081e-20	0.799886438140721	0.07332572555598331	0.2371832070935813	1.3331242916579427
PDCD6IP	8.224640804766718e-18	0.5754123672944622	0.7225046307985115	0.5364225863440059	0.7103213770163271	0.11403569023167008	0.6653749897317028	8.112040545020797e-17	0.7210569384727881
CALHM1	0.06027685844188005	1.0600704119489612	0.2775416532798864	1.0748487706523224	0.8350929644840998	0.40791703074514346	0.22373610642866773	1.3280564286237555	7.030362881399742e-09
RBMS1	0.124577629316008	1.1555858920976267	1.104769881041325	1.0937560918901967	0.644615793304019	0.0013784213108800725	6.18252560371151e-17	0.3388218421075464	0.40256540668931984
COA7	4.554506654879071e-20	0.2710519341139407	0.03460654978751749	0.9274927858862717	0.3707877124948217	0.14094665462914346	0.7918129187054102	1.3882508781370606	0.39431039307279997
MRPL15	0.2159676136307568	0.5379397946068118	0.23393786881250975	0.9458619404423918	0.19313480605247235	6.218614015662549e-20	0.39012136005813236	1.4895202256786044	0.42335902860982016
BRAT1	8.293239464799212e-17	0.07743188071447199	1.036186395863991	0.5452016159999241	0.35863394007642707	0.8901586756912505	0.3497589922676267	0.48985906758658077	0.650387373860957
SACM1L	0.7037932920456724	0.3920339889698907	0.21820992916696616	0.38846059500893465	0.6018634792064764	0.7014066507044293	1.0181201647428235	0.3072783584932489	0.5227715293038664
SLC25A22	0.8945490219780442	0.3203895304294922	0.532094655676824	0.705966077096988	0.17223107396162385	0.31336786673374206	3.790656007759205e-20	0.21826675810056742	0.35229939682988254
ATMIN	0.6564800897513605	0.1817718147131679	1.1219229750426132	0.20560322688449797	0.7321390014831912	0.8619979085927411	0.277259331480433	0.5369812505370436	0.817079230320558
TBX1	1.357714035749113	0.6180540613399957	0.3429156152512243	0.18638218754910613	0.5068094664752696	0.07226667787189647	0.9301812610477365	0.10793717828883218	0.4103163844119852
ILK	1.6386374163619264	0.0580616546640716	6.29825214841164e-20	0.5363331241521175	0.8591681599610188	5.952093974070293e-07	0.6050391073214972	0.057500895818341606	1.3191791275387779
LIPT1	0.07529712939230834	0.8637498693928707	0.9196360943313561	0.1812082949431172	0.9897180232872118	1.6149050680952664e-19	0.3200526276034389	0.9388607496108726	1.042247553308826
ATP1B3	0.13019174999718713	0.20242502364181722	7.874979782031447e-20	0.00038525905456475706	0.07413059333405335	0.6387350095997018	1.1577498706517717	1.2484871350991325	0.8192589809332329
DPH6	1.6812940834470262e-19	0.18395744997465818	0.19850138794620054	0.581962352700439	0.5839446922494077	0.6658445941387622	0.35058948114254973	1.4776266462212735	0.1580319862472215
AHCY	1.045777735810649	0.40157061865846616	4.504059507762519e-20	0.10220488144142816	0.5698844994654074	0.5531111961255676	0.9563008400204457	0.4162590060339653	0.8830535950133732
VMP1	1.4319742313590903e-17	0.5293783180136563	0.6007392773263359	0.11020580238536343	0.3006475632002172	0.6526005236015111	0.9874863032239951	1.0159332256009375	0.7182950827003668
TMEM259	1.0607784607035649	0.9828510467206562	9.086462404246359e-20	3.4179513235481554e-20	0.571300072797933	0.32146287342105717	1.0266836610882917	0.5343598580746622	1.0701030663138582
PPP2R4	0.03067559589178795	0.3452990025070724	0.46796112971345416	1.0543493208908017	0.41901255586048114	0.3679976539797709	3.943139586250009e-20	1.7861682976400213	2.407350276216781e-17
TSC1	0.6392912908503986	2.1443244107861163e-20	0.3410999293730722	0.3073583867677506	0.3025270157187416	0.9574571628696622	0.2544458008388367	1.519060097870816	6.71581066713107e-20
COG4	0.5183905899077554	0.3517147964175008	0.05760179734581611	0.41582171504446885	0.4035471658025854	0.373705576894899	0.1984704616054431	1.0362164162111542	0.3214505717615204
URM1	9.523737532590581e-20	0.9682164866408679	0.0748573479944062	0.4841273232573355	0.11379758797504222	0.5779308722813882	0.46911324746602306	1.7599158889625766	1.4771273803633884e-10
LIPT2	0.3683938831739791	0.3941440360677075	0.4877594043136779	0.14742697371474983	5.660466619638716e-19	0.7011455347268347	0.6292263198495339	0.973676424755076	0.5312495615092266
NOA1	1.1921832772061167	1.0666701952283932	6.585325248457189e-20	0.13301206946522054	0.48952358378023103	0.6690692939783676	0.16455683543218846	0.821321836913601	1.012830025050821
POLD1	0.974538110915786	0.18899692043476793	0.2871541383979643	1.1332750302524894e-19	0.5892276511674315	0.5587597292521008	0.6835085642737186	0.4042877004721811	0.8494838311467291
MTX1	0.5015552527115564	0.9172975024600303	0.0019645856500083415	0.4447333666298294	0.6109006614623403	8.639311494584005e-19	0.663450700107232	1.1037115718445791	0.6602802540612212
ATPAF2	0.3628875000473574	0.936131505814327	0.40715311553261546	2.8261325277508773e-20	0.36341507852014765	0.23624525879293173	0.5865781786029066	1.4835865113043814	0.30117913332135393
DAP	0.8779318051700183	1.0968133146132435	0.15942062789232322	0.22595101339389734	0.6719288607166333	0.5556529127256047	0.1271596729846817	0.9408604247061576	0.5002645354245916
TERT	1.273788669560095	0.6902505798021078	7.840923102520343e-20	0.5485166701100066	0.6229076072686932	1.127286255753457	0.12814831314884184	0.6021560429756171	0.3754682861912345
PCNP	0.19841883509615957	0.9869342931414986	9.159329105033395e-17	0.5612485772239212	0.1193918095099687	1.2373675573668392	0.4807830353535504	0.9093754448099474	0.2797069890378903
YAP1	0.4056510803324848	1.2745706180131133	0.7455055533814071	0.18288320423099722	0.1189874041918946	0.21181862225306589	3.909569243687248e-20	0.3199917450069204	1.2775396346329304
CDC20	0.6698702179762136	0.20181379275242203	0.9084689184189865	0.3713184344438826	0.41098583666267885	0.2489365540325507	2.702989528226192e-19	0.5354469946002464	0.7316798276427197
THTPA	0.31748845642728196	0.8382836746740031	0.44546347227514815	0.26839013393873573	0.18173788800220897	1.0723202803306948	0.02184719713795261	1.0223674922074066	2.3754796626729466e-20
RPS28	1.0354819411917333	0.5573254180983355	0.47393934928871334	0.3258252130060392	0.8400843742665612	6.44119543660444e-20	0.5346839376760345	0.46308831487594954	1.0943897635774937
DOLK	0.45309020045191745	0.3329128896289105	0.15599191724094913	0.17738192631401062	0.48929652774853505	0.5440611649612423	0.48554366239213204	1.3815970544730696	0.33095508042783117
C1QL2	0.9099777714019817	0.682827171362576	2.7816050557527655e-20	0.6048886018561621	0.6540991105997023	6.384078413704787e-20	0.22631248214006944	0.7343550937846193	0.9590017740683813
B4GALT5	0.7053400533020412	0.06480275701422353	0.7573071652646732	0.4583170664912822	0.7853602019438248	0.5713729295068408	0.8815444179125459	0.9987125358178107	1.7267276232630757e-19
VRK1	0.1301842663021842	0.4272085153199219	0.11972928090427366	0.48043616740798467	0.47261660731091215	0.4121122628349259	0.7338234571953658	1.3070476653945287	0.6097067844455808
GFM1	0.06098666965057927	0.4473776177397136	1.0974849459840185e-17	0.7824066076087145	0.058346413896453064	0.6562614266696393	0.3936764996106146	1.5063856736198609	0.6424148041296422
SIRT7	4.4960395491270284e-20	0.7073229822803857	0.1779697444215246	0.8034014878690356	0.03180683148158352	0.9454900814804976	0.8489897419014981	1.3276094568721404	8.168870297122577e-20
IL18RAP	0.40705563847176807	0.75914494844504	3.7185261647252304e-20	1.1404388844142401	0.1751015547712398	0.2197778603908062	0.3214216436151886	0.7659869376860245	0.5962232392711072
RAD51D	0.544720609508064	0.551132921242993	5.007082620095072e-20	0.05896016362665113	0.28272706429171013	0.7262420198388653	0.942370562055744	1.2758864764884716	0.028661301195784868
PPP2R1A	0.3569091075579575	0.30269106105938404	0.01471470445968349	0.41852094206779145	0.3703909213454261	1.3148299797147436	0.8226057867709354	1.289017447977223	2.016984721545541e-09
PHF23	0.5167857532781617	0.7831349878957851	0.21502107082757224	0.12366305053788929	0.1319799564016285	0.9377007356781024	0.13016670179476977	0.445357945708401	0.6626263984575874
TPSG1	1.2163984205092422	0.6706547538253051	0.036873959134072425	0.40882569788057543	0.3182958695111981	1.0858278633707428	8.477855852078838e-18	1.6105581790132635	0.7028343211591879
BABAM1	0.7177710113248165	0.8386011508278136	1.1576020403867132e-19	0.4334866369184413	0.6134898286518824	0.2021477177003909	0.19302578470377407	0.45052939186724383	0.518589135460397
KLF3	1.101956562146544	0.16725409252985973	0.17212787960274561	0.2501391745825601	0.1856787116341513	1.9303653263733083e-18	1.1083805496326935	0.1974268982808068	0.5390046946885451
NIPA2	0.29751473510105164	0.6913367698287358	6.121953569251059e-20	0.750713042618794	0.4334296046685121	0.37657924201257964	0.05672554574448725	1.0782173015829968	1.398104398719078
AURKB	0.9262214688619358	0.6920824044176386	0.003011853067943336	0.44984549744775243	0.8523057120505192	3.526385429514068e-14	0.31019377338095155	0.5851188643873894	0.3573143303093973
PSEN1	0.15702454573907648	0.8572374357607656	0.7214097681037737	1.454012321739542	0.3045256922319803	5.114686816164851e-20	0.2969901749215332	0.6636187966618586	0.15547021262786825
RMND5A	0.8695845317821822	0.09468828194989823	0.06213981332735767	0.21973113470327085	0.08445288147134841	0.5900917423107301	0.4817165929043807	0.9680053163848621	0.7368900629466046
WWTR1	0.6090790958719675	0.2786974669769686	0.2802141076388802	0.7234618793946958	4.747960339314984e-05	0.43584329752017426	0.3709850110609392	0.5614469037229738	1.1843315236457446
SPRR2F	0.6767440852421792	0.07995333630831412	0.5460719757410631	0.8763312178150752	0.11163927292915198	0.7455334801148958	0.5930522011733028	0.924229129810827	0.5667559487513013
NFRKB	0.4802886038520851	0.5228771184011121	1.2730198805788189	0.40656496960161037	0.9625409806837101	0.5329974655379961	0.2762216176472394	0.2489932974551857	5.609361616146664e-20
CBR3	7.020684929051189e-18	0.636900771237465	0.5531344321137842	0.6579453849361586	0.6092332701011669	0.4235451080425465	0.8429928796272669	1.0697594131315091	0.6282835322405848
EFNB1	1.1200206126583465	0.950348422101806	1.1559448522925365e-19	1.150403461921836	0.6795256845150012	6.987643270408947e-20	0.6826774073730577	0.7292682378946594	0.04504292165471264
RAB35	1.4299051441705926	1.0498069740771003	1.184225936200709e-19	0.6726034643020833	0.23537278565316994	0.716641572582506	0.336054008575757	0.6046778894342191	0.4427819262252862
PIK3C3	2.5731555491728726e-20	0.7403623438983286	0.25282309735993647	0.2116189469282501	0.3826809801986599	0.9346023536415139	0.6462314942611873	0.7192936554163737	0.6211990527926049
ASNA1	0.20481087393003486	0.2984527191377795	0.7330637882498326	0.04379353552878891	0.6743573807801005	0.7193774225586786	0.5996973995505277	0.7293460015327474	0.9406854108589765
WDR45	6.510528091391984e-20	0.3744911864178868	0.0921511415161582	0.6266741270997019	2.846823167745473e-20	0.7536151840249743	1.1024127164624935	1.2894789106631268	0.44224550555976
PPP1R14A	1.0604536810078524	0.053197947719759615	0.01628383851620165	1.0484173591824384	0.09691137670577843	0.5055421773607354	0.11521051200993589	0.7674957562822141	2.164965826786386e-19
PPP1R2	2.902533990128394e-20	0.7760307240748207	0.7756084297548536	0.4128065898900307	0.6871533263373475	0.8619197196531415	0.3238395470339293	0.5064013375702923	0.5394014380306325
SERBP1	0.5827230205406916	0.9899014592525271	0.4883760331593824	9.365455870267691e-20	0.2909310441596189	1.260445294656231	3.3805466494126894e-15	1.6338154525723896	0.5213974817338285
SLC4A7	0.6418778840605966	0.279092699488963	0.8374539784893777	0.470253980714706	0.9596506302685908	8.06974891219639e-19	0.9220420749637507	0.12683410843800996	1.0082360828934334
PAX3	0.7370368015983346	1.0738203084334859	0.38976058992210355	8.021090512438596e-12	0.7575052233925977	0.534334461424306	0.04573190893886807	0.3346659011848866	1.4842629797558549
DIS3	0.31510064600405885	0.48833124396962774	0.9712509803037456	0.0642993693391649	0.785681536571095	0.4569918758340551	0.5077353353291774	0.6581613857525122	0.2790746797346626
PRRC2A	0.7391802666590809	0.22893262835412634	2.180870361582947e-19	0.5648840145261819	0.29886247867702465	0.6032138849955994	0.603261862377816	1.2104935565230623	2.7362806898269934e-13
ATP13A1	5.261553381160823e-19	1.4422379547591944e-19	0.7954434515610094	0.44896387940642	8.078328359442357e-20	1.1065991535612227	0.772662222353549	0.40380411868720406	0.8047176668145406
PIGX	0.39886524675444784	1.0706377371432487	0.3391021428570501	1.1209294988267495	0.25542913084648855	0.33818281887188684	0.38739974193213667	0.17479133171149616	0.7049806570883126
COL6A6	1.589775944526857	0.7984237612745342	3.868704255616738e-20	0.6844734356186651	0.525612952055349	0.4406520123388962	0.7398434733058654	0.44030075299138893	0.7259354759541825
CDS2	1.0981068080239995	0.39848952292719897	0.2545157358984399	0.05811658538184519	0.22690490101871097	0.3337332739570869	5.985197707497753e-20	1.3850516253887395	0.40084173138589
PRRC2B	0.03469303780074965	0.6498041605972378	8.561646432998634e-15	0.3836068728987451	0.8116152406386772	0.4444575686276073	0.8356709512159286	0.7863401366987688	0.677932397484194
PIAS1	0.4313878296639083	0.5446548685357147	0.0001319911811419227	0.0457821845055075	0.9147276647665122	0.6319415367737213	0.5043383504696612	0.7310470024968294	1.3605269323228641
EXOSC5	0.7996983982046498	0.8238091315860416	0.47004888934854805	0.2900558062995332	0.9208790938845532	0.25091363188429755	0.2818840444508423	0.7812623436390445	6.380716026878741e-20
SLC25A29	0.777134631046846	3.203255829433443e-07	0.827107228317322	0.18799101448312405	0.2822323278018768	0.07445733213154382	0.21909605685582711	1.2442652539026904	1.0611639238888169
RNF114	0.6848234737572566	4.787498792788778e-20	0.3675594759319249	0.7319382981579635	0.8942307834332868	0.933453627034785	0.6450319237079475	0.523022415571094	0.15063064380120988
RPE	0.7030724155303387	0.08538978100140715	0.11634976674316463	0.40701253584323016	0.7021331308764905	3.797649198488812e-20	0.5859978998387522	1.241709272092837	0.8914228122763198
UXT	0.887251602896249	0.45462016903690194	0.2977947761356453	0.21412439031096325	0.43102926360517696	0.22601201283300915	0.31201734062678577	0.869043686694576	0.35147697282572354
SYNPO	0.8943887167040707	0.6131626609931901	3.106361961702795e-20	1.154057292659517e-19	0.29442867931728145	0.5386747891498123	0.5741045493365541	0.6754076024678592	1.1501349278715827
NUDC	0.3334065526422804	0.48207363391873687	0.24535034451215493	1.0138644287509568	0.419265966436338	0.4423069002133473	0.2938961041199601	1.1710786845350438	4.9819439196700924e-20
RNASEH2A	0.10707817364800745	0.32983352984071934	0.17913439329005645	0.05786338222501357	0.7354270877388801	0.6236538767027817	0.7500455672585629	0.7172531913240818	0.11376769542443382
MRPL47	1.0080265992800133	0.3130387579310315	0.34148196590793645	0.42068222434478686	0.2807173360679813	0.14908637040792797	1.0596207729379854	1.3910676997107645	1.1552502382918392e-19
DUSP23	1.6316542426900878e-19	0.813147984473511	0.4455717790155663	3.296535018804447e-20	0.6360224459846034	0.4962542201523454	0.5389248688673287	0.9885985861838202	0.8106790805259999
PLEKHA5	1.1471847734099299	0.19836026684528524	8.030198043634342e-20	0.8898400456759918	0.042320533670197995	0.7194143282721744	1.2399383275348388	0.4779976952004429	0.3432657489762911
MESDC1	1.0132382472948742	0.5193167436163688	0.8640873355396738	0.1552238397408861	0.540650917631586	0.1180126463614212	1.1775305125665313e-05	0.5225427216861842	1.396565936235857
D2HGDH	0.3563601451727119	0.13557429334895985	0.6489633769317169	0.455770859084851	0.9649010476177086	0.6821046431233908	0.3345824569368626	0.9648546264662318	1.3131368036168124e-19
OGT	0.5798393932968173	0.9203561713512886	0.46438780072050273	0.6107565860007986	0.5499979227937934	0.10762908493038394	0.33025076197185504	0.5085871329414685	0.32767936247748547
DIDO1	1.8462101581529048e-19	1.055045143866532	0.6013231384666977	0.3882475353752874	0.6210429920955582	0.6167443838297885	0.4654178450574087	0.6289016978280452	0.9722582515025562
SDHB	0.4287190308146997	0.12660523827169826	0.9363292585987755	0.2495335557483165	0.6314137705213514	0.4573619400575251	0.621799603209374	0.702452265917765	0.6721117259655496
CHMP4C	1.3559595145555927	0.8514274725269658	0.04274004562309174	1.1901581351926502e-19	0.7356418746644529	1.4049871510512326	5.2412411927937694e-20	1.0198483127638063	0.35399167120197017
NT5C	0.5303556223989375	0.5614023589900163	0.5907424455850219	0.29812729701021823	0.6518359766202098	1.1470080304027237	5.699765918074667e-20	1.0123967185419065	0.6824799234383596
RASAL1	0.035928416921633316	0.6556544944443182	0.30814230440414275	0.5875416100982698	0.8558400129955525	0.7400189385460788	0.7909376333255156	1.032756179585855	0.47584584961829307
LRP12	0.25870128778559415	0.8598705387042204	0.731836123850536	0.5562291012850468	0.9265181821807738	0.8446093774769603	6.369222020940502e-19	0.8058846424258013	0.14495264693319948
INTS8	0.693257384263928	0.4151472359294594	0.6120611713822208	0.9305411360660393	1.1132254769263619	0.6345395891404367	5.454788663685333e-20	0.8981151310502447	0.3857437370727111
RNF168	0.8442257454424696	0.11469251788200106	1.4071440779268587e-19	0.6831840560611366	0.4396340329880091	0.6387725313737573	0.263979169541763	0.8624171681235966	0.3742018506381333
ATP2B1	0.34486442500088	0.8156902246731303	1.060627768343933	0.5062801045941764	0.5690166891454609	0.3255559869237034	0.031405776583564964	1.1801428636019633	0.30573593684768796
ARIH1	7.422663700868013e-20	0.47638103099934537	0.6236261909962045	8.54697158953606e-20	0.1366866503230663	0.3095614182926823	0.5834023108943394	0.992894035680078	0.8397007289546353
RRM2B	0.8539320984245364	0.7474327938828587	7.958738954437754e-20	0.13100592450860366	0.7275913490729482	1.348643307817961e-14	0.6552163629192682	0.3550987878184837	1.465965762868985
TAF6L	0.8317973780261463	0.9787665235656496	1.9489081307078516e-08	0.3446406507451925	0.40881221472478524	0.7808696267768989	0.7824412435149617	0.787173342678979	1.5420423027161666e-19
RPF2	0.8084254483728308	0.4609985974100573	0.45013336355828387	0.07293908288083299	0.4622164607559964	0.14913621909338198	0.542470674953281	0.8953454289432264	1.2536409928593013
TFAP2A	0.8681791471409859	0.3929467466615855	3.137642938981478e-19	0.6333469657250136	0.30853529862335366	2.2494425250423387e-17	0.15448650543594944	1.6818696367883001	0.9295178614031008
BDP1	1.7331651300810254	0.58379142039995	0.1556492736443262	1.4376389678294494	1.0142615630741774	0.05337456163624137	0.5126443844016101	0.3532572848013635	1.5559497850787314e-19
GNAL	1.0179667129955747	8.763469988271794e-20	0.13715875191842988	0.04189232735431995	0.7816605565919675	6.029361233446875e-20	1.0654462830412117	0.605875550082903	1.2032066116965225
RAD51C	5.201648086421252e-20	0.6807574691653223	0.21166153889189962	0.706816919329146	0.14606734360801626	0.5964010202480149	0.3244782008167559	1.6613293466769838	1.2890801752232019e-19
SIN3A	2.516002406320293e-19	1.2109699742212354	0.9301034500057306	0.5178738837441985	0.7278016328254487	1.9339608495951476e-19	0.2695698201628966	0.20461396833019183	1.2999540906684917
COG2	0.10904920088326846	0.8125880767899537	0.13116372316883657	0.5532661519614903	0.20206250123930888	0.7887746778822187	0.6635670627725445	1.05574972983513	0.6159004528229299
TSPO	0.9035644405192282	0.433320007390687	0.6916245353496063	0.7745013044248322	0.2646766066418342	4.287871573878695e-19	0.5759995708005923	0.4278066995753095	0.9997372624461223
RNF32	0.27675039850290045	0.8272285000456729	0.30879059831421624	4.0368099643454173e-20	6.584333880236005e-15	0.2891641956938011	0.8730361220311773	1.0502526380332051	1.1511936905715707
RPAP1	0.9104958657961784	0.46225849407167463	0.780727972740855	6.057831158720551e-13	0.3972257056844083	0.008015253275082745	2.0866821324035154e-15	1.0965806586823978	1.0779639017623666
TAF1C	0.10547573176727638	0.36659933384462473	0.7625008171069493	0.32932236419992206	0.263731243577324	0.4387460125981784	0.5119887543713012	1.5337021936948523	0.1106923928429176
KLF11	0.1887313558610304	0.16609475440839438	1.5636087313684114e-15	0.5252806067369704	2.4986290755153245e-10	0.7856312195372861	1.2293402791768155	1.2325179579164502	0.10764166709978996
RAF1	0.47783025088396736	0.8893165218322308	0.7857420747435855	0.2746085307684526	0.5739516243835111	0.8029446307370359	0.5623757973506084	0.26274857154681075	0.11274345890123777
EAPP	0.4974523602022674	0.481016640157626	0.6584240135688006	0.040078105574616246	0.47367261719768755	3.1726525661004155e-20	2.1658931123626903e-19	1.3728211938241957	0.9208341830341608
NAA15	0.656667893417992	0.6329016625610061	0.18974006447397257	0.6201130180091146	0.5977197962298363	0.056150277436700965	1.0385795960396607	0.7185082745137996	1.850799967766895e-20
ACTA2	0.7021507719967816	0.83435307120685	0.21785672261151784	8.107367176954607e-20	0.03350578279404474	1.1088224588499849	8.029314013096962e-16	1.192777099648567	0.2519562450723087
METTL1	2.6082229556142534e-20	0.9930405786171659	0.6609632811784485	1.4486877314344926	0.21203238919757347	0.2968857593413521	0.6756562694750194	1.02766247736829	8.456595214759774e-20
BCL2	0.5197802500719405	0.7100532901019628	0.39019396337350976	0.7065828148206781	0.3526526909760858	2.5064461647610034e-19	7.504343125170144e-20	0.923505752570883	1.1889977886368663
DAXX	0.6187726472528372	0.6073949743030446	2.977103344361267e-20	0.654933648424354	0.39348113919998184	1.3391518961698103	0.17574511370791723	0.9384252118125077	0.3598743944015767
FANCF	1.093877057228995	0.20952530950916062	0.04361745640204564	0.4413090499423322	0.7679037350592989	0.9882721033054266	5.086650762468362e-20	1.0122547537510813	4.186603127538394e-13
LMF1	0.9226193403576766	0.7275709252996277	5.3059152859656445e-20	0.9971315888267198	0.9196585121931873	0.7102805615447907	1.263447847386222	0.6591866072690405	2.8558526572197865e-19
TUBGCP2	0.09388611557925436	0.5885838573956426	0.9514533462822965	0.4346086896232165	0.7551794054572111	0.297799053678335	0.11261569274797291	0.9576985027901987	5.677541066608804e-20
EFCAB12	0.9633123742927246	0.7775061746440904	0.3491564795918535	1.5606480535394096e-19	0.5899682889956839	0.9377332852477497	0.06216136755915043	0.12178475932939233	0.7247258752363367
NCAPH2	0.7614534884792257	0.16430185515454868	0.1257090212444996	0.0017425083525277293	0.6029814002314637	1.2256630413273462	0.7356872713175784	0.8377193916224329	0.1965130413838216
PITPNB	0.6334048241687791	0.10447396105093922	0.42583661737868117	0.24867124796290432	0.4666472788030689	0.47888323341161315	0.5190923576120177	1.303960785997751	0.8414410241212856
CKAP2	0.22776005040316616	0.0022742695389004323	0.6752959472865567	0.4369532398725816	0.09339013787619294	5.691213677280839e-20	0.48201179346781603	1.1517107085456308	1.0075436972653289
DFFA	0.4614448646007892	1.176313695344066	1.2114388674040797e-19	1.232790211486943	0.24086438141665695	4.596675826182889e-20	0.13876750032485596	1.5544433738052312	0.7668283080325038
CSNK2B	0.9033902520470583	0.49274548505059435	9.664334999717445e-20	3.781856405387631e-19	0.7833660819019737	1.055381446552375	0.4205042650622671	0.8641896889409535	0.25070347257011005
VGF	0.4937915580232147	0.2624839315080052	4.284671066299616e-09	0.737169945910428	0.4884029265019428	3.2983193777948997e-19	1.0196468469837918	1.3295115613562019	0.4241767331705945
FAM43B	0.9380283528020277	0.6634561192770054	0.36796275003815343	0.6513552186177789	8.819178306705458e-12	0.21608115021373664	0.5839343725175128	0.6915382425163281	1.2085270283547285
RAC3	0.9750882776285285	0.35623430664750905	5.364940884667125e-20	0.6919116751994245	0.11606540593322885	1.09841260924804	0.09225227717409212	0.7803653509541326	1.5830585211814463e-19
TFDP1	0.6945266950082208	0.4918860926802028	0.3784139222885455	2.0555970021982702e-19	0.41145595660867146	1.1588185294197344	1.2331477766320782e-17	1.1097271256239418	0.23622955537649157
NAA16	1.0198593859230725	0.948185911545715	0.4137906570192501	0.13811968709134265	0.977906715964755	0.5184188190575756	0.053727107376408206	0.22848134144192322	0.8788083631561606
MIDN	0.4724925999537898	8.797252152908506e-11	0.6502094507368874	0.19662360416296049	0.1531961265856465	0.9576567676416107	0.4797608640080635	1.397902295982903	0.056323741429465495
TICRR	0.7127238330828044	0.5607419366097103	0.38491530958626724	0.5672127066765593	0.6390324772741895	0.11386448629072939	0.039858480298318906	0.5198989467564146	1.4927641731414758
PQLC3	0.06696280498499467	0.9991277065722247	0.49581842860064795	1.0306222451854972	0.5918098512624995	0.21653031104479503	1.8687511516995833e-10	1.5594826480729762	0.38434333255081454
MAD2L2	0.9496610248075046	0.36121851132533245	1.2098185199800565e-12	0.344754743266037	0.6661364164045048	0.7990853026824293	0.9266395630412818	0.5185998880235293	0.31129908077058804
CXXC1	0.4921846528302787	0.05174073615710845	5.690704864777519e-20	0.3417971446814782	0.737385325869285	0.008620247392884578	1.0921621621363147	0.5360024248278227	1.2142502043797474
BYSL	1.3485647937205518	0.7498456124799745	6.977224979560818e-20	0.7358617713791522	0.675170540699083	0.8993048129442419	0.16870636277622367	0.5693147416274503	0.4079877677730607
NLN	0.7473650201864647	0.6002214338107863	0.15957842727416655	0.28865693941979215	0.6639963745019514	2.926687963037817e-20	0.6761222168739836	0.8240058229766224	0.3881130835257033
ICA1L	0.6620854609638971	0.43095858730603803	8.931136259456728e-19	0.5031427348024168	1.8107513846145575e-19	0.029421946370546553	0.9863961112120438	0.7712488418188018	0.7337948797762611
CCDC47	0.8980395528681251	0.07244772316038357	0.2843677572347404	0.6737456207713736	4.43021053126881e-19	0.41643892669467525	0.6062275628411139	1.003612175914365	8.569115400201282e-20
CYBRD1	1.2476364840480555e-19	0.01217376641244166	0.7540251386066109	0.27813580072166244	0.8358362446630964	0.09058405585382065	0.45306518995552336	1.215963430385861	0.3752738078800963
MEDAG	0.692730012841502	0.061771678997195364	0.2331025292156563	0.9552708008694064	0.6641062751638789	0.118525217555174	0.5084528339074247	1.2399952139091495	0.3015467002620322
PIGT	4.3953030144143217e-20	0.6322353921647821	0.6209449724051046	1.1243376259023428	0.6678865052725659	0.5822691858522115	0.5716605966065049	0.3431407594840076	4.99178579635515e-15
SRM	0.28994507037855893	1.1961519069423714	1.3998856503127461	0.06810118538210795	1.0608112272252446e-19	0.3167770815395464	1.0918404735743994e-19	0.17066971781930024	1.4620017644677679
PAX5	0.2784949089190356	0.6921356530599505	2.6628692373505985e-19	0.3880281319465185	0.6426094424412924	0.2492033305742816	0.2148188195180443	1.3930240360432484	1.1590989634105222
KIF18B	1.1520362943167222	0.2907978783517112	0.43313071585522006	0.41113231065782313	0.6787249913099117	0.14278297295460718	9.46839799850038e-20	0.9649909250674624	1.574270266142839
HSPA4	6.956047597078248e-20	0.0010777839859096197	0.44223183564083124	0.0602558517329793	0.10658619755315804	0.5152645938038465	0.7502882531382086	0.9330735321840695	1.3858038981049912
LELP1	0.4298928856066149	0.9099925639105199	3.6986203612459807e-19	1.07973958287747	0.6427285752998152	0.5618566526387763	0.6645041541778065	1.0622013509708534	1.266839388778481e-19
EIF5	1.2830825350989556	0.9030988049065308	3.887203141007965e-12	0.2821047044528244	0.7575525231532065	0.9722039195149497	0.056350023492969754	1.1013778262359053	1.0365605844461832e-14
GNE	0.5028960699986217	0.4437434280648654	1.1966150796152537	0.13445696512207497	0.3873323832492702	1.3418512880437021	5.059873333431433e-19	0.839367905651276	4.477567481488342e-20
EMC7	0.645578356262895	0.36227563851292593	0.5603390747146645	0.2980831401432116	0.370776070969578	0.0692751234414209	0.34430812699751867	0.6378204294472452	1.5516736129355806
CLTA	0.8501195957037972	0.46103936921558475	0.5657428759100193	0.19275045785914788	0.21819855007281724	1.0372217533483823	1.322306074900641e-19	0.5759926885991682	0.095925917692509
CACNG7	0.8271097156599369	1.1590913401953973	0.24793685798790158	0.3852746465860476	0.024701852617962986	0.30403305045026574	2.9857734030312507e-19	1.2579300324707001	0.642485124734584
RPS20	0.420843985529605	0.5795395681215534	1.0444893877553398	0.917090004348318	0.5061736108965417	0.27891685436315433	0.33891365674682683	0.6082737610996496	0.011994931728621169
RAD9A	0.20600563952492984	0.39194699620054296	3.3139955308356264e-06	1.0594938919483556	0.489825020701507	0.42276658736520845	0.7471239129956423	0.8239875969619952	4.9802019109732645e-05
WDR82	1.172214648520211	0.16123316034219093	0.278510525952665	0.44476787998721745	0.8238296688225888	9.870611280550748e-20	0.6099739394383206	0.37822021238851805	0.8778305664536471
CDK7	5.94215020769493e-20	0.3692944113496166	0.8489753280227186	0.12419108860426317	0.5390191033092275	0.43214097109027944	0.3848654051167903	1.1910947772924092	0.4244405627493219
SCO2	0.3863438024315752	0.8042411665783163	0.06401583798816851	0.4857325027258136	0.3457357419603258	1.333681225987234e-19	0.6744007732014012	0.7361442303975699	0.9411075900862038
GEMIN5	0.470319977998804	0.6783968803107453	0.634161237408127	0.8826811960896842	0.682032100051272	0.3277794232801087	3.9720020269337434e-20	0.6701549303728965	0.05697174114786608
VMA21	0.15150714544537136	0.06485077760230955	0.8828468522456369	0.1907508057202901	0.4899946398810343	0.9594698607228175	0.695082645227669	0.6474836256761198	1.9174219977035633e-19
NUTF2	0.7595087476432757	0.4891981053255538	0.7673005597826961	5.591338669970247e-20	0.5778707744629366	0.04484315930563198	3.4877137070685066e-19	0.5489264470817156	0.8968532535835272
