row_id	C0	C1	C2	C3	C4	C5	C6
TBK1	2.3092543368618483e-20	0.5128829816130849	0.24080531978683398	0.06109010032197961	1.0906136784373563	0.5518806192003247	0.7409553940245283
AGO2	6.569243214158413e-15	0.5869600590814514	0.518230340977959	0.18793824393159503	0.3710101777372074	1.0877409911764926	0.0010864355983613333
ATG10	0.03756042844125523	0.2748202679809785	4.580096215521146e-20	0.8614801666506586	0.8621953313322596	0.3431045821982257	0.13156334678803644
RNF31	2.0964241370707332e-20	0.19753488898241012	0.6641498279214412	0.0313038296956742	0.9250985275066963	0.32576623339071065	0.14334421711309325
UBE2N	3.874685922822202e-20	0.009272390088909658	0.8411019593300832	0.4516093439388359	0.2535976383824521	0.243403844895594	0.22514755516323792
CHMP3	0.027349047353765595	0.29239231477462707	0.9708030433200948	0.6003948077189727	0.1204408568151486	0.43914203323960843	0.22132964518615475
TRAF2	1.378219260149233e-15	1.0020987981921228	3.60542425356056e-16	0.06320451155963303	0.5996215994579946	0.8283540409603062	0.30690499935290316
SCAF4	8.351716309220511e-20	0.15182279507479604	0.25805733351731336	0.5763678278366255	0.6454015741786442	0.8740359745655806	0.27267998155788353
STUB1	0.2810707708752746	0.6673646696016717	0.5026056276584249	0.1445593201972541	4.3544644791352e-20	5.153473852115578e-16	0.9574563762078803
BCL2L1	3.986790326286259e-20	0.877121239941232	0.22225466457588616	0.47547412119398635	0.3947394807216451	0.6344120234469428	0.2560640416230365
PSMG1	0.19348582855952046	0.5483919317009304	0.6159315703515174	0.17072722062797982	0.7803590298382002	0.5361794547408482	0.4579110582749474
EPG5	0.2330853405600866	0.1738520816829898	0.19120173563589996	0.3791079905612125	1.2401186919888814	0.5606736111211411	0.44277611482528667
ITGB5	0.00023940283061087088	0.802245777995639	0.9537318215997188	0.20331123634134432	0.9840672356225734	0.37248127450882856	4.693347541240068e-20
DICER1	0.4743508992197391	0.49227980800241783	0.3465568182312199	0.353118286665761	0.07882686852293105	1.279876503414607e-19	0.4748232107128632
MCL1	0.05054405249685639	0.15174084371702926	0.6045042264162711	0.5573610252839931	0.9219230461029526	0.7990267222143225	0.6544944671070643
XYLT2	0.760414286209333	0.2297418859171966	0.3727557219107835	0.22212863089685264	1.1755896293934744	0.08654499941884625	0.8950743699037745
IPPK	4.1742792298245355e-20	9.009059780439976e-19	0.7803898150691237	0.5844508430060998	0.5382896218094361	0.2978893307575934	0.6798493466384888
PCBP2	0.3159647863947323	0.3118172457026952	0.22520442476443203	0.8611371169792423	0.35829486794303556	0.4110766089118084	0.17515536981988666
PTPN2	1.588122659277552e-20	0.7046745144137356	0.3024091796905994	0.62430764621137	1.675663266965779e-20	0.4011173415706589	0.1441900918419337
VPS13A	0.11101420360844719	0.7209949994260287	3.2282698891467315e-20	0.585297654563662	0.4346162018401351	0.4691559071269639	1.0828274676224703
FITM2	0.05133027663502074	0.0975171369366858	0.5544165028500763	0.5271529064926113	0.9044121666680454	1.314852843706113e-12	0.7408904681599885
IKBKG	0.00020028925008118344	0.7155543477419382	0.1379503030558136	0.038990878498225794	0.37337275171811474	0.6904126514122024	1.0075989253239428
RBCK1	4.032592334625719e-20	0.5341170667985543	0.6513820775398388	0.0692953355540351	0.9944971536557812	3.419456403174099e-20	0.32929108414753455
CFLAR	4.5241452263458386e-20	0.5074384600679427	0.15887450793767546	0.18065246476825914	0.6669114055931255	0.02407685726402557	1.2494265602151766
EMC3	5.622646995681189e-18	0.6020313124530787	0.2824616559422434	0.24003798219066583	0.7019575070938139	0.5007867057335176	0.5244623629357539
SETD1A	0.11820208189023483	0.4744369159478526	0.29083296184109975	0.5287499284056584	0.606492392767017	1.1168583669682242	1.8354321134775905e-19
OTULIN	0.16239693309400535	0.712178125642522	9.929689942432505e-20	0.3577964950552589	0.5825038287119166	0.49985985831097096	0.24285090545742724
CHIC2	0.055096934365318366	0.3009051428061252	0.19504639877811034	0.8876352985970347	0.5699113939915315	0.43233824057206005	0.5016428717205227
TCEB1	0.0005377232579414686	0.6919677431184156	0.7864438635905119	0.4220677123011074	0.5400549761457802	0.5954068007028996	5.575480371406509e-20
RGP1	0.13375861385604487	0.4367230600760351	0.7443836800400878	0.7536601138384588	0.34577201426369847	0.08658279617736135	0.8333125915878818
TAB2	3.791702014395024e-20	1.0106725552544313	0.49555635864745035	0.11555221911980999	0.7360701849332961	0.28733557936221366	0.4320097791272131
TMEM208	0.43010458214832425	0.3690880056549587	0.01338356856755627	0.0570134963451112	0.09979780665353646	0.4297622263752913	1.0502253735780838
IST1	2.262583068657537e-20	0.49636693839257295	0.8683607188008353	0.16158841668815016	0.44097469106362036	0.20613283707595198	0.8026017988574154
BAP1	0.41427086722474515	0.07053012621202373	1.3341378540849629	0.8764384602407046	0.05769134108559801	0.052834035269957204	2.3900425401557875e-19
UGP2	0.3175993001908065	0.20551492610955463	0.5452734126585286	0.3052943456965622	0.22225738532005165	0.6514553749887401	1.125294347874213
EMC6	0.0006309339344102272	0.3575814971749054	0.38381734006676305	0.02543655261239029	0.7150298056985843	1.0005145802407924	0.4469123169804563
NCSTN	0.17096950181873244	0.10794460616833598	1.8153082425212037e-19	0.8199971089849092	0.7071043778425495	0.7062489070607915	1.044014596192181
UBE2M	0.5647048059966214	0.8000039394863432	0.7271563921903259	0.2068081336219043	0.06860815069066319	0.6027082567985187	0.3455208280402097
KDSR	0.3179045708236488	0.589624413083672	0.6509643125953483	0.35659421968947835	0.058788779830721456	1.4111931140403755	1.0816065392940205e-19
BIRC5	0.7810373383786108	0.6459259040481814	0.778825497360226	0.451115873149479	0.25570038324959987	7.074168473096943e-20	0.34493911707084457
VPS4B	2.8400412339210585e-20	0.2251809156343118	0.5857797230963082	0.3794426867738596	0.7309737017728387	0.2957702399189935	0.6045354154966864
POLR1E	0.4677370158002848	0.3846946020930426	0.7158830178271633	0.5172762278706576	0.3525852285798115	0.7906247839884352	8.475999534614342e-17
NPM1	0.6487033345303624	0.3971350417327473	0.23088697793839122	0.25204478768262806	0.5778508088357289	0.24146237596404888	0.6238707765533419
BARD1	0.6537017707524388	0.06787799035307755	1.1327827297746127	0.4674386786057874	0.05225559787508173	0.14396801538443146	0.3362883066604768
GPATCH1	0.8125856747909226	0.483281229594072	1.1013081963921312	0.11597287852681609	0.3156259478953236	5.225376853062664e-20	0.4400062455657021
L3MBTL2	0.3786904768425082	0.2685180425866113	0.5535736520623025	4.192553484958489e-20	0.550645793383198	0.9301153079775019	0.6993925092848653
TFB2M	1.0529576123197208	0.3626029248902653	0.7406198906701948	0.30375377378344576	0.12624686435021068	0.03728458296572751	0.1001125404162191
GP1BB	0.9999910272166642	0.11417640470580886	1.083748930543946e-12	0.6409769059515392	0.4575244404427007	0.2056790754446718	1.2842508903270473
MRE11A	0.8004022173202904	0.061470948417084	1.1807804101531216	0.2570037637732606	5.902207001110218e-20	0.4813698134484559	0.6699357577190888
CENPO	0.3444097787892141	0.4927574181262133	0.5375293672196706	0.6441845656242251	0.5100276292864822	0.2801006445957505	4.0108476074391735e-20
CMAS	0.12525912394994718	0.37125702982277115	0.7423698345978342	0.04532343284541885	4.6378437425776375e-20	0.5744202438701386	0.6308957300190545
MAPKAPK2	0.4955150720686651	0.7703774601344505	0.11947588216852587	0.6516742857595399	0.2979486001216617	0.4890242230104403	0.12131420575418356
SART3	0.311410138026744	0.7142400086549778	1.3696149029394065	0.5328410612986048	0.5444863820821013	3.4806885762660624e-20	0.4496140023825132
KLF5	0.414895705197317	0.8596646814306769	0.15215345940558386	2.538377438290256e-17	0.7042327902947081	0.6494484232524085	0.9998711415105714
MRPL12	0.8556471288201016	0.5326026583475518	0.7956159567635632	0.21822160101053503	0.4682960746331925	0.07313926140415293	5.083383871837096e-20
MAP3K7	3.933933251271726e-20	0.7534909217967833	1.0470357403395691	0.005428391548302245	0.7679834160734704	0.28485508695471445	0.5160782821148998
UXS1	0.20435430239646046	0.6901177245283779	0.28475072900654524	0.38738886990068566	2.5694318677110752e-20	0.770543433440179	0.6842218688817719
NAA35	0.7695718842888113	1.7981685466589516e-20	1.0260009479702141	0.30922529269552673	0.3915783980689792	0.5322452964292163	1.0792137931517082e-19
RAB5C	3.228484609244476e-11	0.4559042267446122	0.8533257813156204	0.13296605107699275	0.5533748931909958	0.12012029040266961	0.7037825134119576
MRPS15	1.0647061310120074	0.4833873929777372	0.8859971254221165	0.32314719009871196	0.7357529416398498	4.076816216164774e-08	0.2295050504461463
TSG101	0.782049526233602	0.2787626896761473	0.5976051728965455	7.119572660814747e-20	0.324726163478686	0.9328381014924478	6.735694648479642e-17
ATG12	2.0551731644502416e-20	0.6440333477323915	2.813387115013202e-20	0.2730474335851656	0.5089069556330246	1.0759801520902736	0.6453836407098829
ATG3	1.73778067180649e-16	0.148325123103782	8.287942049735302e-17	0.5944823169319908	0.7379708851947029	0.42953362779153825	0.8740627368849511
ATG101	4.5568130858162315e-20	0.5786519215097607	3.0511253598144045e-20	0.5423074682724511	0.3644170352044498	0.879301945134166	0.5581784945459872
PSMB8	2.2725103544809606e-08	0.2749115425938047	0.3077184737359381	0.7383260872688366	0.7993796682508483	1.0795185921746098	0.8023155144260503
SOCS1	3.778577142763174e-20	0.7530526763028893	0.14228944409489624	0.5630416837197594	0.6191853697724676	8.900283370313517e-19	0.6807212442962943
VDAC2	1.9968933235502452e-20	0.5424717668568765	0.11841096291130339	0.3486507562620009	0.9458802256317096	0.29561492403911727	0.790661852597774
JMJD6	3.865297077494705e-20	0.8166791144749678	0.11984873726858261	0.3512789208254082	0.9094118167720093	0.8028126216448317	0.622350096381345
EI24	0.10567146218326232	0.10009166789834126	0.3538355336924644	0.8494763982237127	0.7440338374310519	0.37741087974912163	0.3150598461214402
MED24	0.4639002422758511	0.35054498676052404	3.0456536291858034e-20	0.10314368280037349	0.8702211349689348	0.2852951068487768	0.6669556247639542
SAMD4A	0.5497381611359301	0.4585632814508705	0.42811312955603875	0.7614043041558894	4.473385120296484e-05	0.37589158342274726	1.0244023061112937
TMEM127	3.392491864607327e-20	0.47446925028585274	0.4230364306835255	0.5537814226353382	0.22424620764943862	0.5119324926757965	0.42428496514216546
KDM5C	0.2195114803088682	0.7577051562455145	0.5997066735616191	0.29898923691196616	0.15960090952581793	0.9587821556062474	0.863907160775352
GLRX3	0.9065811458537957	0.31661849753721905	0.04455225236563215	0.0879254033181996	0.5073528473416019	0.31354521524246703	0.9174856105207759
TNFAIP3	0.0375464610802561	0.8497053147546616	8.460329883347787e-20	0.3926876096832734	0.4700455737013918	0.5975105683740378	1.0998381918661007
SRCAP	0.862503307388349	0.614380775403678	0.9174109258520061	0.16265866348659566	0.09658234200764822	0.4256321032766438	0.03166868465228708
PCBP1	0.12020074749753913	0.4994836317941575	0.6298227556692477	0.6022827605894273	0.06692139242661033	0.48178891283973224	0.5307534091819075
MED16	0.5030570244489018	0.563781594159873	4.149821006925065e-20	0.39919137490526996	0.7189639984161212	0.7047287089008304	0.5796072507839719
SETDB1	0.1488608021042272	1.861540007447424e-16	0.8081984454008617	0.7106307105827481	0.5342011452826776	0.6931411119580672	0.7157235851004174
RB1CC1	1.556883935040296e-05	0.6483156235655373	0.07113561557944677	0.5246414367142144	0.7597400831736533	0.7669063110126544	0.35141687862282767
PSMB4	0.34352968703367687	0.6633395688752568	0.6472020704327431	0.19438186844394745	0.4833535604284111	0.5227082343108158	0.48262307091023865
DNTTIP1	0.030213784189589848	0.6852006087879445	0.3014693367263195	0.38682512973659594	0.8762387274648792	0.7305277143243779	0.5368884964323145
HUWE1	0.3185103201922307	0.9088208859049821	1.2491644453275346	0.18992375870219896	0.609178970062244	0.6868705985677706	0.00045378333913523793
PRPF3	0.37322894790572114	0.9006439256577793	0.21608924210094868	0.3204982582292863	0.8663755491438933	0.4995439257440622	0.351640987613228
BECN1	0.28889515396936205	0.9796150338516474	0.23370835958886826	0.7131569948238985	0.37937717876683646	0.18038019368282418	0.3844123118937084
TNIP1	0.3515489128392391	0.5729180170329178	0.19240373346039488	0.38784753730993926	0.5258456050953735	0.7074209626781172	0.7825738247251716
RPL28	1.0329215310042312	0.4617198555759658	0.2024861532089466	0.5546320578177323	1.4647472498039443e-20	0.03149680934876709	0.8054356256379537
TAB1	0.30767460942842756	1.004458464374678	2.389096156776172e-20	0.5386715326007196	0.3966263773935335	0.4123217667248235	0.28426508263083117
PEX12	0.6412045461353191	0.6260227104406244	4.509698196685772e-09	0.8646217171936083	0.3370598217090555	0.24566839101901145	0.7863436623355354
ZC3H13	0.39701786745806467	0.8273508616381703	0.506967163439347	0.38926951262889187	0.07384495647644401	0.6601002784900254	0.2556067706553376
ATP6V0A1	0.21998399241186206	0.3742840871659785	1.1585037386747419	0.26431002655082225	0.5381229246038158	0.46745751749781117	0.27565996063750375
YEATS4	0.3313656681467489	0.5994952498665364	1.7272026726929528	0.4051314171272938	0.16314003502222402	0.5024197136318368	0.2403152268116122
GRB2	0.2642568101077823	0.1936826736099938	0.6019550506969835	0.5657051887077253	0.4015926469165519	0.7892609994808815	0.6233603811389302
INTS3	0.40896404160886596	0.5155906775164619	0.1489864729454995	0.3387104750671835	0.638331967407262	0.5449709868041482	0.7411360213138862
MBTPS1	0.7799284773357369	0.5665754062639848	0.34973436134295394	0.36532431308940144	0.5214641341860315	0.5382083977844485	0.49144968164581215
HAUS4	0.8532130473156422	0.31169303745153876	1.1229582255689354	0.5333019896493388	0.49665360168466777	0.14522419549769827	0.637596574978132
CSNK1A1	0.9799407518859724	0.5946439245991236	0.8286059265908108	0.16386048535374284	0.09640270294038489	0.16293954516989498	0.40763828725313234
IGBP1	0.4781246722237714	0.4977944550982047	0.7454258536642917	0.5109323884573612	0.8032759637719595	0.07473126775607802	0.0004440050383862128
MED9	0.6584787318391344	0.489553536750556	0.26299729548437045	0.26360522779319084	0.4154435765464346	0.6998378897994512	0.5744885465649548
UBR4	0.5345802828411333	0.5254149369830845	0.5282291692756931	0.26547519846055984	0.09903001900933084	0.5912027106785016	0.7097457925851545
YBEY	1.1289541093613114	0.62542154490476	8.852081002116554e-20	0.10669802336643225	0.5966626857933239	0.3545024397762398	0.06792287666914675
RFC2	0.6890805486899383	0.6655596070376363	0.45914415174345885	0.2608209670685034	0.4294148547510354	0.531297968470471	0.23747799770916508
DUSP11	0.6644213226495643	0.7325254206788574	1.090969274409328e-06	0.8115829158292264	0.6727398941925784	0.228539682165661	0.3926872259281819
TADA1	1.1068126733221055	0.5437501133075622	5.47905515239498e-18	0.6995404011944535	1.632892397099341e-08	1.619033730324236e-05	0.870813628905231
TRAPPC1	1.2744813642790627	0.5884825490893836	0.36432735194868976	3.589206815713495e-18	0.23946173303607068	0.529225644180629	0.35312578596128374
PTAR1	0.40386735311538746	0.6694333118696707	0.9699606062012228	0.08488498285609528	0.7496076443544974	0.061749335401790104	0.2807275593916015
CANX	0.8427523881424835	0.38653553942962177	1.7442300666964233e-05	0.5160330689392597	0.7593032562444378	0.5437962202074036	0.11612723608332888
PIGK	0.07656842397711189	0.05536105682615241	0.5431011432278182	0.8905094406948223	1.1443469127799206	0.32463533910151376	0.48384927656044746
MAPK1	0.6590493735403965	0.6058028964376686	3.206472963513754e-20	0.3565320816067126	0.2004896348137678	0.35303988279124315	0.6091355196162653
SLC10A7	0.31895435313787557	0.0698632653886989	0.9761409574014478	0.890409979076896	0.5048796610932216	0.5054689998982209	0.33314164523935463
TPR	1.2426559862870635e-07	0.6103566858913957	0.7399886747059923	0.3767142798401458	0.28544170082316234	0.23454484696609934	0.8120529311563183
PTPN1	5.669785873809712e-20	0.7574278171121834	1.3339991666866144	0.8897666968810657	2.123269120681626e-20	0.2718102071388818	0.03558599607293881
HNRNPF	0.4119566175778662	0.6472439706669858	0.6167970180371604	0.30743155070758793	0.016277526859563286	0.6420242534600077	0.3058757901163845
SRGAP2	1.0326274484263622	0.48449673744438165	0.402451710033428	0.21991645036057011	0.8208485000304321	0.4942335313485148	0.01116236092957582
USP8	0.49372196750415026	0.7721783486561352	1.1529930543504885	0.07740727093297715	0.4393047744930192	0.36436590698127813	1.1619142348328026e-19
RANGAP1	1.4119222609603357	0.4647303911672099	0.03411675123041117	0.19487711980632577	0.9040690743221514	0.44011455208835576	1.6159187508266867e-20
GFPT1	0.7828119483455547	0.5794551854214391	0.453290803965364	0.3728229722149059	2.8647913079982446e-19	0.06108953153760242	0.5975987700854116
COPE	1.07821216027697	0.5775201761942214	0.5219191013682857	1.969552808878634e-08	1.0695297253360665	0.28683748130154757	0.692671525602586
ANAPC13	0.7025821882398794	0.757723512813199	0.2318322656722219	0.6459727596419965	0.23002305695952313	0.34038545262471903	0.06909341357567077
STK11	0.7058311964625447	0.4285175281902172	0.6001547727784875	3.082778748204588e-07	0.46016826763873436	0.8717837121554131	0.21723834633437417
SMARCA4	0.27823361912457945	0.7894291278374778	0.36642397320714754	0.7938111726356131	8.155059915823442e-20	0.3853665835811319	0.870577077516152
IPMK	0.16373463772487462	0.3206994423333122	0.5411468618781575	0.8039132205440074	0.8953040764779883	0.46890546181308196	0.5178115501164018
ANAPC15	0.43081297351311143	0.5573451202609323	0.44258082239225666	0.3526422536855255	0.3829386122472732	0.004231767722720904	0.7852001385102451
BIRC2	6.5304838327933485e-18	0.8367059918633034	0.7044970600303557	0.006168782741521377	0.7524454709603433	0.8713430062001382	0.6784780597865379
RBM10	1.1054398004296848	0.8328918307787941	0.40999131338901545	3.445988185977801e-13	1.7887897809386874e-07	0.07435771003682365	1.1502925136549587
ANKRD35	1.4805084346314734	0.6534046536423928	1.519490308449443e-19	5.10730550396329e-15	0.8762783792297946	0.0346269324222069	0.1973695881744109
MTFP1	0.9834716864854052	0.39005948413510727	6.274385883891282e-20	0.44128059377940665	0.2752570783583169	4.0861163568972404e-20	1.3267189573371423
DHX15	0.7540402868859946	0.6762405500078265	0.7318234925394507	0.09689082562081729	0.6733851046183309	0.26093780927146343	1.2492155053583497e-19
SPTSSA	1.2635611260353918	0.5017808488380484	5.196605551443244e-20	7.511484212780292e-17	0.13970779948045867	0.40510919131899936	0.26245915181295715
UBE4B	0.2767813260342181	0.07553971470161223	0.8276946919535509	0.2626915881994753	0.5507847659983217	0.19411332864846742	0.7042687643387266
SMARCD3	1.3070995002819994	0.3805461016805307	2.000986246528155e-12	0.19832051621267077	1.044703725148197	0.6638217113767884	0.1433111583162878
CCDC114	0.907078922296154	0.8063309043741294	0.37733163710123757	0.2106484670038898	0.511449430876567	3.871745760805098e-19	1.0403866023881372
SHOC2	0.8166698580580461	0.46543976649550545	2.0884683303318668e-13	0.678489617243433	0.1973056091218133	0.265920752889907	0.613042651511087
CUL2	0.25497249244110537	0.38535859695450336	0.9338111789139178	0.5225249044161423	0.6662187338142732	0.6046057957888378	0.14445250984788646
PGM3	0.6210280970201665	0.008525944436141967	0.8698079987469507	0.19609691346960448	0.24743434626826843	0.5090092634138282	0.4094105599325431
TAMM41	0.9312749996752848	0.20823124918028352	0.7414608330933458	0.5949121216355199	0.13785352847730595	0.12369022509176747	0.04381934427487403
ACTR5	1.0628270810852023	0.32219387904703367	0.4404327156333782	0.22999455190677043	0.18108860293456985	0.6148179160636551	0.6669441400584445
DNAJC9	0.905035866990748	0.40819024759132727	0.8963560179847649	0.5922676942235517	0.5700458216232102	3.899397438518066e-20	0.44671010947176426
GET4	0.9296982045128172	0.861639409836545	0.3888188925876364	2.9702138691378037e-20	1.003611011378629	0.10489426732676661	0.3268240114105514
ROMO1	1.3303160958456215	0.18504174511823226	0.49202417510107754	7.617147896293227e-07	0.959286362241953	0.43445306184694243	2.7692465997739423e-20
SOHLH1	1.2093019721639162	3.971203761090732e-20	0.41174137742003714	3.6975992528992696e-17	0.19709536438242714	0.29938020167674	0.8395388621681326
EMC8	0.2805732035857643	0.5010551423724277	0.20279780121487093	0.20164076936819933	0.44501281168677764	0.46165387727879564	0.3837754908115975
RNASEH2C	0.47773391213964345	0.37217104018264885	0.8057811949426756	0.4494696260526055	0.15827363953041562	0.4495178652020224	1.0672117768967844e-19
PHB	0.9086088417684912	0.4234714451457674	0.5548253192817569	0.3596126681267486	0.7584330831514741	0.028753645195862217	5.414419952441655e-20
CHTF8	0.5944914799996688	0.15831288802605087	0.8774729877887628	0.17402368780121788	0.10605686653333438	0.8999020644566221	0.5320220804250566
SLC35A2	0.478060206233698	0.18320576974357006	1.1673311724501183	0.11435094314277951	5.699304141305663e-20	0.6577538624870283	0.49892499176886485
PPP4C	1.1747867630611044	0.4764157674104718	0.6087937598344455	0.3627751039860773	0.19525682399502708	0.47880993424692625	1.1759305918554455e-19
RTTN	1.1004200288968715	0.4370794049149214	8.043726080479793e-20	0.41776234429695336	0.6289597613886058	0.9376015888583745	0.07947154745221474
IARS	0.8574930810158817	0.40671849482759337	1.0167767338530525	0.20818782108133832	0.3997520433465316	3.791652659779116e-20	0.4566470612188639
GNB1L	0.2595160845096585	6.179034236686569e-20	1.5089129315434935	0.5935212738931435	0.4999917035686497	0.15458849723583132	0.560249545861413
MRPS34	1.201085647478162	0.15839984261695605	0.6651354530751674	0.23942957076166083	0.3226502400977917	2.818246900958089e-20	0.13806925801160527
CPSF1	0.7351178273915713	0.6946725206339823	1.1188932368059508	0.3473242711248622	0.17266630692587268	7.230738635330725e-20	0.024503657480757238
EXOSC2	0.6958993389751675	0.5936213943668898	0.8433828040437026	0.4130601637590368	0.23165228260559573	0.023298100697794494	0.06375618621982551
EMC4	0.5196290975486593	0.43984244661865174	7.41328758398689e-05	0.2606514221275374	0.18218166157160426	0.4279072672864075	1.0010987041758452
TMEM165	0.843481888293397	0.7658636761237698	1.4207735486910837	1.5828390820923097e-20	5.557039486826456e-20	0.002580635728120504	0.29954709478503405
VPS25	0.723699972301704	0.13087615773260888	0.9001145742026967	0.04694950096702957	0.01104713287796011	0.4197793089592324	0.5795585859203869
RBBP4	0.7233779977412754	0.33183358911749444	1.0407816475955516	0.29235731139627846	0.01340165049539225	0.3770509250462092	0.22043339984311938
MRPL38	1.1781001599635192	0.2171816399690667	0.3198687390949419	0.29580057777341484	0.9547426862950863	0.12139393058004048	1.4051433642422004e-20
ETNK1	0.23103043000444748	7.167419514249646e-14	0.5065074948701026	0.7159661816827423	0.8400972082119722	0.47752906106677784	0.7770258175540118
CCZ1	0.557838796341129	0.7715636461695824	0.0015059304151087722	0.6301167638008635	0.6118475682998739	5.078728114170252e-12	0.6427343116135834
TIMM50	1.2892403457120265	0.05732105676046617	0.9028480383405036	0.30411837095201927	0.09195181769531832	0.07331880907588498	0.7629811056388719
NMNAT1	0.46779751558734095	0.8235255650047026	0.10968325659278429	0.4514725001620279	1.0998319826252632	0.2805599668425802	1.0259746891925952
ADAR	0.4851676467200348	0.6508763178532598	0.15437337621574695	0.40132018787396057	0.48603649587067077	0.3233517312076335	1.3046291094009035
SMC6	0.7868394366656893	0.3207601939945554	0.4391473050421188	0.3675619698653791	0.6475904182545834	3.217480482623207e-20	0.33606083816297655
PPCS	0.23052187499050955	1.1806557423093896e-19	0.6425267837274797	2.3561772522741255e-20	0.49430794503296993	1.1223787767362738	0.5513534902468058
WNT3	0.5711414458731868	0.7068366711960029	0.9363563679592423	0.36533096506382495	0.34117111743612777	5.646021694297331e-20	0.8305428967548141
ACACA	0.9962843207808522	0.11335123534407382	0.5346599884109775	0.1885520650280634	0.3610533508223048	0.5619958773325183	0.19668080296648943
SOD2	1.043768290554775	0.4646239521926394	0.6224420128766571	0.04375870206854136	0.40084412459913815	0.34985099680338555	0.3723285858111487
NARS2	0.7016755884725406	0.4676530576791731	0.8004482495897627	0.4991335414738816	0.2611605462964938	0.19046232788422696	0.000494684204455272
COX7C	0.6283754489094353	0.25562066940478906	0.7925253820966384	0.32593396405704966	1.764783258476498e-18	0.2686653851484995	0.9131051203817198
ATG5	6.899732705435203e-05	0.1794576967749865	6.341880743105315e-20	0.24723824390601443	0.9643780871646859	0.8455839281843066	0.2432265694540352
ATG9A	0.28013218263167644	0.31306476296557745	1.0261292335356317e-06	0.0013067937488187046	1.3422132102140538	0.77543459476199	0.6510093838672322
CD274	0.12033422676077017	0.6728322859163406	0.651407676578984	0.9785925357383046	0.32583586707823914	7.923766633946376e-08	0.6461884999662587
HIRA	0.3645762449365673	1.036524830940346	2.2446639505494698e-15	0.6198039345988524	0.37670774223428316	0.9780830866728804	0.2508357292520832
MRPS9	1.4947075599019146	0.09244612878019459	0.2749035710912296	0.2792074630550088	1.0267990504089695	0.7833544104515089	2.5767303224516383e-20
MAP2K3	0.18311614134079646	0.4816580789714139	4.492581830132221e-20	0.8013385658542709	0.5433148644445138	0.8002196806507568	0.3719517248539104
WIPI2	0.08043643219467639	0.5823017531630605	5.580244052847416e-20	0.32184125405017927	0.7893104436398668	0.7160631504640088	0.8028928156965568
VPS18	0.7203789409330201	0.15364375612115866	0.7224980765677768	0.4425111362770469	0.4332784489629376	0.5550057955795275	8.298642702092305e-19
HM13	0.24324522344849006	0.5365787861598967	0.11341168712021515	0.2649231706776491	0.47877935631572843	0.7643558565731814	0.956427381579546
PEX3	0.2454865391910345	0.40689692524794446	1.0906817698071951	0.6067045284056759	0.7749835940586269	0.10482277797702251	0.5015921254988465
LRP10	1.4903910251276883e-19	0.44207152908172104	0.7049178603400614	0.18103260029167417	0.8215451287968507	0.7105595452049808	0.5477183307651345
USP9X	0.20947862390065525	0.7310025135393265	0.3847176412662244	0.26126126875726463	0.4913971408150129	0.8977200898798946	0.7649918409586821
NDUFA11	1.672886163874219	0.7130160475285151	0.36330152183231623	6.262487732765945e-17	0.4041802673487209	8.095575088986914e-18	0.1951835978692161
NDUFB8	1.4159835391760547	0.6375009146180796	0.054518541653126876	0.11682721335645824	0.42779145652542827	3.882468799840465e-15	0.7726227173756416
FURIN	0.5989950024141446	0.8220822950207225	2.1762853107933793e-05	0.13742068997049564	1.059018695733317	1.0382208949325054	0.21529519134901376
PCED1B	1.431723947249163e-19	0.5299051086332904	0.010698279856358898	0.7273029231746927	0.7101486797892489	0.8931079024221488	0.6468088702218987
PRPF39	0.3759261603739593	0.4454340374902206	0.5611800695625707	0.08758914544528348	1.063492589068356	0.7620190156952863	1.0569729543713202
SHFM1	1.1475015617500808	0.07779204516865745	1.6567697443092344	0.1470521070636781	0.08773870604148425	0.2668035514888545	0.0006655642404796466
IRF1	0.4848506735192111	0.7588857573753663	0.567530213583141	0.5837652532840698	0.4504954786262348	0.5054816857176468	0.9850888982762692
SMG7	0.4095730157440154	0.16285261299058257	1.5321191470482396	0.23236991489515066	1.50988994822218e-09	0.5775367785655612	0.9744180243210528
PTPN11	0.7073997076660664	0.5027537631702125	0.6187678032434026	0.6760530327664058	0.5338039581150594	0.10852639051955751	2.0286976925454168e-19
CCNE1	6.075566577643541e-19	0.6293277405339901	0.9020383866456249	0.23749133471257	0.805417190972664	0.47205043566069294	0.5848897956350914
MED14	0.5918862663036015	1.0026697039759989	0.15160245186059426	0.604044725166946	2.974213725101636e-17	0.20566082056134186	1.0163139922017035
MTA2	0.28526653383050077	0.9078160190356831	0.2316046323714942	0.4725150355349555	0.9583257090327333	1.1872453964394267e-19	0.9069189884849647
MED26	0.23043612351271384	0.56043070322825	0.40022356269925125	0.6477977605854782	0.872052735348185	0.5147710471401367	0.38311684819381164
NDUFB11	1.8375868346655704	0.4590235717239825	0.41090702957711533	0.0003110990244259356	0.4015563772033752	0.05709744386012816	0.40446761020762495
ZNRD1	0.9365632841388776	0.5923018281151887	0.43278674196132433	0.24356913449583786	0.7844892473426518	0.7067599377014813	3.826706772103848e-20
UBE2G1	0.8330434089356356	0.5290174835671043	0.0181657334741181	0.1694251210008703	1.0031368831067877	0.26989469862088405	0.6738990123681691
INO80	0.648947537733995	1.025469913508938	1.0518023468726605	0.24129888097467214	0.30246266049304105	0.606178264465892	0.11615469121975652
MED20	0.9486915059202257	0.6831357674347981	0.18895053608737183	0.1731836940503127	1.197606246911765e-19	0.4842285590486285	0.9686249662939539
CCNC	1.2485466402831238	0.9631232497945871	0.08826816362974478	9.10509412198673e-14	0.26617480143506783	0.14308110241846878	0.6555562486858699
USP7	0.7598508010622317	0.8028189505016057	0.3611772805813205	0.581368028900364	0.1706939009813965	0.3744268556856669	0.6131226720308325
KCMF1	0.4428665060392216	0.16843464005863304	1.0047109671128267	0.3923607459202633	0.8948993563244748	0.8151929291897799	0.4342809659100825
DSCC1	0.09900304919916222	0.7781152336084833	1.1493232188096842	0.39455171045442416	0.5380635038078634	0.2773312363561288	0.5240746129261352
CHAF1A	1.0235790903660154	0.299630992737842	0.14342772691101754	9.888209819805448e-20	0.7990182421758114	0.007171698761749085	0.9559221874266238
LEMD2	0.5196043015618876	0.21255853386316473	1.0394382094044712	0.07618960470427037	0.041003652611751436	0.9468703008579366	0.2644075094746586
RPAP2	1.0108140686859313	0.5242524668999883	0.3310619967886205	0.31879477248341925	0.6675017971555827	0.32188475560683333	0.4758935147237215
HNRNPAB	0.6776255507756147	0.19478097098286076	0.7763398041174255	0.8229017215552444	0.5495820428749016	0.6312804018273229	0.4792629200493698
CDK8	1.2384027829515758	0.520727987904536	0.14892261487624203	0.3869146939570009	1.0025395960101229e-19	0.38741004370768817	0.6899078163178642
FBXO28	0.9015706560782201	0.35724653820802893	0.04650802491678415	0.18329863266231858	0.9390623565527956	0.4917301625425007	0.9712344064039011
PARP9	0.4870285369128731	0.5807346207987965	0.005378416679157586	0.5917135897547371	0.8873369686070615	0.380226621308709	0.7683982540385297
ZC3H3	0.24999480412786362	0.7034074442392235	0.9026734853487285	0.33329703943268185	0.4791272097697362	0.6864916143768318	2.3270880695831673e-16
DPH5	0.8538743870549801	0.5827987484274403	0.9159120408405053	0.4336167272170203	0.07136724272802158	0.47558391911227205	5.330658400446834e-20
ORC5	0.709947557245664	0.7346256414744634	0.9791606098790931	0.17833743353909698	0.5051012454820304	0.6251105631550723	0.18132890689012135
ELAVL1	0.9245239211411974	0.648703765729121	0.6562722727828583	5.845674493655434e-07	0.9746209791544195	0.22677246427362896	0.5805101623459439
CCDC115	0.7650279250626117	0.47878650848625026	0.2717485876603262	0.13286426178818325	0.43192057503149	0.6771770280981284	0.977266669429241
SLTM	1.1488961493867131	0.4941224262572276	0.6756516711141595	0.2020500208793387	0.8602598254028224	0.35757049359433046	0.7554954281001269
CHP1	2.662591101806546e-07	0.7029056830691713	0.4776478264595484	0.9819868238633889	0.6256400262801612	0.4485754797698947	0.2242443595106753
DCP1A	0.3922628161376554	0.8946926047181836	0.32404881350261305	0.39173286686536035	0.4316705755510419	0.4942943012953902	1.2721971222951352
NSFL1C	0.643787522524139	0.3025629444503827	8.031153534344064e-20	0.4989264061514913	0.8423568580642489	0.7138687567647349	0.3216213486875403
ZC3HC1	0.19263654113649328	0.5487637249172923	0.21308434927671002	0.21174810488322543	0.7472740822944528	0.4177363464418562	0.7157246965306476
NGLY1	8.319585325956846e-20	0.5087576931165133	1.0382645085143842	0.8699714756903952	0.05085373240514605	0.4859720860298594	0.9351242142925873
CHTF18	1.338390207176585	0.5359493688877868	0.4733354112788223	4.8434048614899386e-18	0.07752586556497017	0.270166600342416	0.6302282339195456
PDCD10	0.08205069538252492	0.45336996243708516	0.8702612840467896	0.887766810989412	0.415655868553248	0.36579830809404834	0.9321996535858268
ETS1	0.9797505124856732	0.1908773949154154	0.3334148400044265	0.3442885708021116	0.715267344895114	0.05678710042006391	0.609525082152666
VPS29	0.45187728049400006	0.4252551948448666	0.5618179043696234	0.4909670353833241	0.306458783353836	0.7738088121603718	0.8057141216284036
AARS	0.513851819171913	0.3521708024416086	1.0418781977220757	0.5940469134393571	0.6864950312327964	0.6736733797425596	7.920959558384936e-13
RQCD1	0.4340204036513514	0.35851434919363495	1.0054564937741313	0.2937843207974085	7.421559750722191e-12	0.09287453539729962	0.8942152280076091
ARID4A	0.9406853061521336	0.7546738575563977	0.0014323550543346487	0.21630789240124831	1.132112442361905	0.12878023141920822	0.22889801229813764
INTS10	0.6983261728627781	0.5718197612920882	7.320954885379736e-20	0.4109198261566262	0.7824912305344514	0.2975389106955005	1.049970497092845
UFL1	0.13575060932545394	0.888010672486931	0.9953421261359483	0.5393835573440765	0.6283236558558525	0.34904643561049264	0.48966120149748654
XPO7	0.5935148664732112	0.18913117116310443	0.3083886380591353	0.5470032104568712	1.0361473331144249	0.696754977484971	0.6773368630324935
PTK2	0.44026638881435887	0.14907406408966112	0.6305569558344641	0.4897521083393081	0.8522269931178957	0.44782637462522284	0.41743005620989576
YIPF5	0.4830945881627166	0.6030407701477214	1.1308919911605573	0.3617335467805778	0.21493826851623768	0.16928973442338535	1.1299223150185536
NSD1	0.6016418993342622	0.42662594741881116	0.966013243873204	0.5025252511914063	7.422770337251447e-09	0.3883209883523746	1.0562713578230178
HNRNPR	0.9316083594484089	0.9637613297052511	0.006891301787013146	0.5073778548503748	1.159423787969396	1.0312933490672191	0.10285778896539999
RIC1	0.5157481080192475	0.2962861940484829	0.28798136893078385	0.44818790702147665	0.05836448657194066	0.7621963466608287	0.13136675306602982
N6AMT1	0.9596502926190514	0.4567237814334867	0.1460973133187935	0.8325534839468659	0.4989529061967475	3.6800912916677064e-18	0.6207220849477415
ISCA2	1.279975613207206	1.7982867603826603e-20	0.3733386668206515	0.18909969800084198	0.7873538526894651	0.49254641011706296	0.35309539426633635
BCOR	0.9264069998940763	0.7679509543571729	1.895238180746016e-12	0.19847480185271782	0.015180330662895354	0.11307974408747293	0.6302080792097923
ATXN2L	0.6244529942764658	0.41069617609282644	0.8562023198137385	0.9282833621483827	0.47290180782972735	4.041711836795803e-20	0.3346632316956494
ASB3	0.5796292437071825	0.6483825007407905	0.3993610447848659	0.009656273316054053	0.1276341751946311	0.41520801317535694	1.0500851269925757
PIGU	0.023740473493525004	0.16479135511692525	0.6158240691532492	0.27277969764468735	0.8501120258759749	0.6356372893805362	0.769973518589158
PARS2	0.9174917311609032	0.41418008435182846	0.8649227485640124	0.15961556640398333	0.5652602099781321	0.3381477227815645	0.276826479352646
HSPH1	0.3409334527789248	0.6945594076118795	0.417973324636387	0.24817630334735188	0.9878165956301972	0.8872832260890805	0.5833868509077235
SLC35A3	0.5225156435037742	0.6752652608968202	3.134449944327367e-12	0.40994756456000364	0.24542268345028231	0.7253077197515596	0.8805191961921833
TBC1D22A	0.5843516528631739	0.19888534865496865	0.6122174707782589	0.5427775507824588	0.22398280258810668	0.2528211605083371	0.9384574970347882
RNF4	3.458637956275744e-19	0.8615577940484308	0.7299995104560753	0.7274434302124384	0.5376719051664745	0.9151207661795362	0.3529568549649064
TDP1	0.8904859187047685	0.6919934844422612	0.08202529110551679	1.5795552346783816e-17	0.7442452167614968	0.6267374076398871	0.7799512477714173
CDIPT	1.5143426205145978	0.35635376173758226	0.46986159709633596	2.3966132770235003e-15	3.512847943599575e-20	0.2464511802348533	0.2775141675007074
PIGB	0.12987975003033378	0.8432496637974145	0.5774667921570464	0.7699207545184004	0.560215877256213	1.6767690889856184e-09	0.8937431246116871
SHARPIN	0.21474648239175634	0.5869888509158677	0.5097873210632458	0.5620846561216909	0.527481566826869	0.33534781801251284	0.7866471070928721
PQBP1	0.5190150548368536	0.5140969600204585	1.4664187881528317e-13	0.6326400100338928	1.1691336406406154	0.6812836811773828	0.4353616946577563
R3HCC1L	0.3671368797728265	0.8198344728283802	0.5498570748377266	0.8422603816457798	0.7377388424704949	0.38887542502986816	1.0927215560034442
PRPF6	0.7397604292717632	0.4772453113209823	0.4106311238957533	0.3350783876196636	0.6040707181702203	0.5572050851800723	0.4878557602320099
CAND1	0.6709510899435982	0.8242057730930772	0.5234880681769617	0.5958521627957963	0.1605450615473691	0.6797732482802191	0.3321353503844407
KHNYN	1.3397261076138092e-19	0.5875918379464706	0.9858310923735066	0.7392685528964867	0.45443784070135673	0.7650380934985699	0.7055354361670267
MED19	0.9174704410188143	0.894796759448364	0.30893384349197417	0.46142131611162146	4.379591253077285e-20	0.35575353184767694	0.6756513041135643
UNC50	0.6849590242351773	0.7852016177392278	0.6002775204082045	6.285672362641121e-20	0.6157524515179169	0.5894457296295298	0.8071024279648884
ZC3HAV1	0.0007329943808112931	0.3705760122663163	0.2464795713376129	0.7168564869898151	0.5905467368205194	0.6029565700856366	1.0557925876147904
RAI14	0.5857222710195805	0.27973502240926396	0.3593768354347396	0.784418754014361	0.16962090735774413	0.4392628174228587	0.4942469821389886
PCGF1	0.27348675297243025	0.4551078945195028	1.053679934955065	0.6322191100640417	2.5218264909873563e-20	0.4851260585025182	0.2965622769095595
TMEM117	1.3416092033264808	4.155846441601369e-20	2.0383216726308821e-07	0.20402813590161098	1.1983303248721306	0.39687980408355655	0.6355386582441683
PIGW	0.13420790272540167	0.8745305712212864	0.22796042459949137	0.8170045059479542	0.9266299300520613	0.2960079962029803	0.8347105867959476
TCEB2	0.602586863402629	0.43043857965788174	0.5530322092720086	0.5235866117767124	0.555822239853076	0.2624045634415865	0.6685509464107428
CHMP5	0.0008708462600354955	0.7938647074037036	0.44135875335447833	0.7542872040077309	0.46834656330128754	0.574060180435346	0.30343075215855725
TSR2	0.8840967797300711	0.5592547438574826	0.5223293109697278	0.30119494188462065	0.6431917855084772	0.18125522263848817	0.18018630035057112
URB2	0.6353142510597882	0.4782085693557236	1.4363483036751183	0.7422459477021214	8.922146554489625e-20	7.724769198979552e-19	0.4035070972149147
LMNA	0.9312899318845296	0.10773648656194969	0.6859085516964613	6.864607428252434e-20	1.1420275600409089	0.5450402214568669	2.6070258856796332e-11
PAN2	0.40473391174444706	0.5158274789678416	0.9549856432376792	0.5716934484832165	0.1842192327769397	0.3255979966553269	0.5746500589292658
DARS	0.932025613007354	0.39829122608503637	1.3002202935773635	0.2417134402494963	0.8070484556025218	0.27679721260413187	2.1959474319854824e-19
STARD7	0.4987314199536277	1.1102422218819628	7.10761530405631e-16	0.7179305523536038	0.9319063635350608	0.7959181521439729	2.788330212205072e-08
ZC3H18	0.6169800663047845	0.24963939251429385	1.0480118645690248	0.4820904532566502	0.11248572414035023	0.16988714944813263	0.3355133132132553
KLHDC7B	0.8591257622118044	0.00018357022127749874	0.12306998118288323	0.22545314071616288	0.3607233144738233	0.9591849662935995	1.175913919582313
TRNAU1AP	0.18052369630915807	0.5759786850225571	0.8964036550863622	0.5548093537888263	0.5507313850448693	0.4693720416527095	0.6842731988314973
RBSN	0.5383603001427936	0.9243224775385852	0.647967479254421	3.3739973182035083e-20	0.6170170281534997	0.4069939547951811	0.6576367481756475
EIF2B5	1.2139001948636885	1.0873874300574597	0.41146368781829407	0.2600859741030409	0.7308868046810539	3.989941470901853e-20	0.45303290225469334
PRRC2C	0.26287196628637494	0.7749062343313079	0.526359806623133	0.8242161758258346	0.656902394858252	0.4203379583954397	1.0489231279061149
MYL6	0.7874846446049745	0.7305585821315522	0.2922825013133009	0.24582962445190373	0.8978616669314676	0.10315144503301873	0.7927133252540074
PDS5A	0.4248027024490805	0.7210112510082718	0.4704508267726341	7.365113389279562e-20	0.9620706513145657	0.7037894760269291	1.4667781851976787e-19
TUBB2A	0.9379983974269045	0.2169740804349376	0.7957240835027728	0.03801610855496484	0.2112729845960668	0.5931594260820019	0.6568205491097123
SMC5	0.7059488987627784	0.04566678865580503	0.5124751009289538	0.702281968504919	0.775812141889401	0.21214937423276942	0.4453384185449809
CEBPG	0.3667246698459133	0.6848196060031272	0.5007162650602833	0.777498920771915	0.7299924768209962	0.26840216963646396	0.3985794462994169
GAS2L2	0.516612560306303	0.5208763860816389	1.5254171467361095	0.24521637003011826	0.13006291471569864	0.628307195475106	5.087338992915996e-20
LSM11	0.7133067837935758	0.36837151667348034	0.8464807650076543	0.7512869210979686	0.0014700184874233198	0.44708034979665784	0.24408053720039846
ORC3	0.7546202382446632	0.3812202094951841	0.3767873795125907	0.6089462895897276	0.22618919796036385	0.6565674897861219	0.49938203695503486
SRP72	0.8239132537618834	0.4708285838008907	0.175776064460626	0.6839343864488825	0.23001893712071153	0.5022794059872282	0.4911666962771172
TOR2A	0.6342821573289401	0.9057661560865796	0.5244372055892441	0.4659045201339204	0.5448344025095778	0.7776527310343251	0.2738180161551995
MRPL50	0.9131634847450089	0.34317570177720513	1.0151040725874045	0.34821236040601505	0.4632876911410132	0.5007140693867326	1.5769350982773864e-08
MINOS1	0.9672293973536791	0.04809643686129549	5.9626138602657185e-05	0.22367684649002853	0.9250176810416237	0.880670402533824	0.2523277724140067
GLP1R	1.1896692389789456	0.14111494270395994	0.547225643371799	0.2966977424732325	0.4263392506082553	0.7964723178311867	0.8174498948908205
TFRC	0.4490782453067152	0.4619968194834312	0.9150246421955284	0.7860146771409153	0.8449404545575737	0.2120236981155116	0.22118442221265167
INPP5K	0.5838287632065049	0.39464217410244795	1.2222567989031996	0.6335718441421081	0.8338092936237422	0.2320365502464396	1.4175332551063778e-19
FAM50A	1.251186699727577	0.4395412772554932	0.15338467266584163	0.20754996414920437	0.32560579300892334	0.6358312226458317	0.5060703450832731
FBXL18	0.5195360235016282	0.762303466973009	0.3365027781703542	0.7298859169341471	0.9279303517357527	0.2683793600948153	0.6517904569637466
PSENEN	0.17449888752627601	0.499661850956009	0.46875776873004993	0.5622337772753341	0.3053856529992295	0.7728226798294396	0.5070638186831333
SMARCB1	6.60754241942186e-08	0.07282667150667417	1.4361861858895348	0.7269967486157132	0.7533028218569572	1.3109307186289743	7.54903630115192e-16
USP18	0.02270678117412248	0.784172088701088	0.18967225436818858	0.7815367795797016	0.18811772923986067	0.8031405907940379	0.7590445586458185
FECH	0.21232253931124245	0.5078716390629368	0.903156445968107	0.4648016608761407	0.12502987065152832	0.16476478915150525	0.7964612849209827
VTI1B	1.160826342561525	0.2429179819911951	0.2596794015185895	0.4538818241018238	0.5087824966761967	0.32882322391147045	0.8093807884030497
SDHA	1.865062999203445	0.1619648277079217	0.14901420914934893	6.356468904344225e-15	1.0303933136983163	0.07033140015486677	0.46979773825019794
DDI2	0.6034662360621895	0.4244048989515596	0.6800459928701668	0.34089860547209405	0.7731907574695713	0.35657712278562004	0.8509294801803099
TUBGCP4	1.0916921047412254	0.481086463206019	0.9835144063520231	0.34828966632624986	0.06167759203998036	0.0055389108848562995	0.007053701808242221
CLUH	1.0346622942458854	0.6366805204716367	0.12462806784824625	0.07464777869771372	0.20067203509333947	0.36429094630216163	0.9783550778204106
EID2	1.1993769214739372	0.21969113526873188	0.11609493047121136	0.24643375938347034	0.44123337941852603	0.24971265958412595	1.1934493621636262
COX4I1	1.1285095242795258	3.028097883169519e-20	0.680817476397434	0.08268221004817787	0.5219511915964705	0.5945425287311864	0.8839180154904873
PRPF40A	0.25735001295661075	0.6466419369811329	0.4448111464898787	0.7434644545567805	0.42486332891995177	0.4550627197723181	0.6758819891597401
RPN2	0.8515797072023814	0.35340594615321885	0.7737515626744149	0.1631213791080091	0.7649010809014943	0.4340624279306607	1.0016665393074116
MDH2	0.5761074205771622	0.73788372326625	0.9767221578329244	0.25487652736167005	0.533604539101403	0.5466065010986187	1.095347227991803e-19
EWSR1	0.23915241193459258	0.8145249614542943	0.7542086712152788	0.5502874410894512	0.5198514788906469	0.32647102051755594	0.9270158512526644
KEAP1	0.727986327551684	0.39264882935981477	0.5416528346729752	0.6608599330176635	4.439073697023765e-19	0.8705926043875002	0.4879452023693121
GPATCH8	0.29882134542223415	0.4728441085800621	0.8397245092506237	2.434175667002528e-20	0.7652707560871631	0.8437885549884747	0.7233858342901159
WDR7	0.7756948093804329	0.09936958584072984	0.42184001107444274	2.0406779996266362e-07	0.6206302961618783	1.208157352779292	1.6912322913967617e-19
RPIA	0.58347729855558	5.554791202135707e-20	1.1896576581984646	0.16061305415741367	0.04101278196634723	1.0085242478391674	0.5536849416094931
OCRL	0.6890342134277965	0.6468524016915431	0.7126239669560422	0.3038076146615046	0.9866706700642643	0.0028993028261674793	0.792200353588437
SEH1L	1.509368443600513	0.21286832803527295	1.237587485043752	0.15403237063810088	1.4301655403180817e-19	0.1896666973328841	0.7604645593308084
AZI2	0.30656859090424177	0.07525322315599078	0.5685866831067087	0.02229853606259327	1.0901346108933676	0.3467016044517294	0.1385571598534821
PIGS	0.08692384525297715	0.23202473157317127	0.6054400617914509	0.7807155197566381	1.0659354274359782	0.4470683692890978	0.39927563718419373
PGLYRP1	0.6756868955410507	0.3842064938812659	0.6473992168702468	0.5450230704835086	0.7244742287462649	0.02278578887028824	0.14811815215947663
PISD	0.862848735462288	0.5658083205654835	0.856811703908665	0.28018176058303723	0.5100097379449802	0.31502056931431177	0.1505845074999059
HDAC1	0.2876416787041184	0.3800525107258337	7.080237590709987e-20	1.0879530718932098	0.8012293457281461	0.12045581773235976	0.9970367172442612
NADK	0.16776814898088477	0.30751821057615475	0.127766203175414	0.5167056344050551	0.8316346771212932	0.5568428330570504	0.5642953849896052
METTL3	0.1336935350929819	0.3110047023104914	1.2027633410448622	0.7780582337444503	2.99377623258752e-13	0.9191013660927965	0.25956411538873236
LSM10	0.1658289147606436	0.4477642349061905	1.3295487200695844	0.33297427267945023	0.07099154936438071	0.8953283890968494	7.279390943203768e-20
MTA1	0.17739213740722964	0.43401412738527645	1.1237191174420154	0.1292164827399971	0.3407713349190291	0.41529022778902397	0.4794498337212356
METAP1	1.1588333972651592	0.39862418614370015	0.2403266481545093	0.13433250277311037	0.7594051010382304	2.5799277063000385e-20	0.5952100299930935
DPH7	1.8494823058748384	0.5814237107343824	1.461475391723887e-19	9.269311502439725e-14	1.155615544905252	0.04454679618835525	0.19749071974048732
GNL2	1.2306974965975757	0.6150151986268905	0.07146153813612884	0.16601454229315238	1.197421764807765	0.32488131209192117	0.14692680554882426
COPA	0.7565354835256026	0.7788445405657708	0.8103621964242953	0.26546488557853615	1.0147689509239348	2.233435534009059e-19	0.2956536703947816
PUM1	0.4244333333055914	0.955499624205794	0.20587461657936326	0.18859500549886296	0.7326391323177551	1.1437944967875054e-16	0.8892788671222083
PDCD6IP	4.0126530352890963e-20	0.3265807185290058	0.607305571450339	0.7088681324002474	0.9163101686901459	0.5621735321181915	0.07379654746872116
CALHM1	0.9922577019896064	0.09775964121838251	0.7236597358588828	0.5570370975159641	0.8271381598370569	0.5932952230861355	0.11014865220664694
RBMS1	0.3520945261178711	0.58001688896014	0.157394496070877	0.7872433980865116	1.0218314124060124	0.8181373792514399	0.1282734361433512
COA7	1.0975726367944403	2.4271701638283302e-20	0.197811992724993	0.09823345328964282	0.8723963304330372	0.7866167421948032	0.25345598778509276
MRPL15	1.482279696579848	0.1845655631979831	6.096753063770555e-20	2.7525447899547364e-14	0.9579053523958493	0.5139777684800771	0.22471938088672078
BRAT1	0.2872312704838243	0.38839931227422614	0.35289455352207044	0.1274932286718684	0.5832011338470605	1.0283124967291004	0.8341989215402683
SACM1L	0.029005600144386808	0.3441584474357735	1.3908123784659483	0.6012592036104194	0.5893948175116639	0.5533657292223091	0.16031923728831735
SLC25A22	0.5994558454443119	0.806175157692704	7.908317133200225e-20	0.0872577584857148	0.4889050023724708	0.1358136494878668	0.6249023309084782
ATMIN	3.79535816820115e-05	0.8278185737321443	1.365469848152762	0.24752388793386346	0.42701329861316484	0.8258221848509305	0.5867035338224676
TBX1	0.5044580014414114	0.8499654697718477	0.5031663585980324	0.737938324426858	0.4310069866328111	0.31305828925985973	0.048305200245001824
ILK	0.24732123232374292	0.7896008287060429	1.0998655305577738	0.10273652468562479	0.8978229801068585	0.23827245109354203	0.537756473622642
LIPT1	0.6128442827559514	0.4719272000033245	1.115052416277123	0.66814004792353	0.9008330010430229	0.32469949496796247	6.020788912867233e-20
ATP1B3	0.8353380242485574	1.1353824113286566e-19	0.7753032397924778	0.3469004772923565	0.28240890280347863	0.3851044866611619	0.5906710311532675
DPH6	0.8155259650846991	4.4171675652055225e-12	1.1076736657491335	5.451587485824537e-20	0.4415065151548711	0.577109450134511	0.19266729039276
AHCY	0.517818023753724	0.4559944900354768	0.9138531662438837	0.7064989409238444	0.4749365734487573	2.237504418469496e-12	0.6234599343022419
VMP1	0.7883566926608024	0.19822296524397648	0.5370506203065447	0.5198355514195507	0.2717972646371051	0.7095510343466976	0.7469865480937556
TMEM259	0.7360741597204242	0.4899874175498448	0.8386097039702954	1.0942276072889296	0.5480879496800095	2.415791801658133e-19	0.41308681014526555
PPP2R4	1.2767827273256267	0.22585454030829916	0.6287251168585648	4.245019512062965e-20	0.7868246775156186	0.44371577055648387	0.01065631744362701
TSC1	0.910462598687909	0.4971289924026024	0.8136190391266563	1.4594841183086555e-20	0.04928051016186645	0.6288075229123006	0.3705104937585414
COG4	0.9803533948245517	0.3105851414724757	0.37856819550804643	3.22915157059242e-18	0.3777474321707681	0.25407343506604	0.4399507432550171
URM1	1.5168453762053788	3.8333869889930415e-17	0.33498238129065716	0.47055722831271896	0.1870797728349647	0.3566900720512434	0.3253445305700267
LIPT2	0.9330684222176208	0.33684615641984544	0.09887698722558667	0.24929333062672693	0.19342385308709337	0.6798838974908321	0.7855564245435551
NOA1	0.9837248349059676	0.7168246553111997	0.664265495910509	0.553691524477314	0.5667252540056311	2.6279481338499144e-20	0.6625758626290856
POLD1	0.38272718966424707	0.7518886059667476	0.9866903440439996	0.3683382043206697	0.45923373232921977	0.1730909326033666	0.3451801796570214
MTX1	1.0610932766058745	0.24822228621537823	0.4741910437376022	0.6351840508789438	0.6835839577305213	0.29595810153316904	0.22983293194529222
ATPAF2	1.24875500068433	0.37053677245858313	0.7918050588409307	0.7028318139155495	0.14295252745106632	0.10980225759692507	1.0195085245278605e-09
DAP	1.0559244295974164	0.5522732632188886	0.5924278585925359	0.571538466898463	0.35169875398439765	1.3691015797805485e-07	0.6631524172307691
TERT	0.8154105450658832	0.6586337540813878	0.8296323560021029	0.3466375192803361	0.3541081558470344	7.446430875195494e-20	0.9703876708767474
PCNP	0.765694582516276	0.10606793724709553	0.5564322063725547	0.6839094099713022	0.3100221240089713	0.30419443742095403	0.8141998207976427
YAP1	0.5957660322781116	0.803862737617163	1.1192250326158184e-18	0.7821378608676266	0.8821224617697366	5.23717183006725e-20	0.5202081963586344
CDC20	0.6215230904798982	0.839888835758166	0.32643490957516863	0.029437175932755882	0.6132427122876131	0.38549805194349407	0.4390423973607495
THTPA	0.9836330977484301	0.3555148381362612	0.34243276722692384	0.36404175268321687	4.409707735005649e-20	0.6375305274458145	0.4170666385724975
RPS28	0.4345940945551532	0.7109529120533999	1.0195553568381752	0.4994515892060051	1.0400851570460607	0.40468441135605504	9.201908055541278e-15
DOLK	1.089109836234748	0.30527122088118425	0.831120759967833	0.17889361434165316	0.29631953080651224	0.30857846734694244	0.19625681479026902
C1QL2	1.0529082926980524	0.3654975997153243	0.3066642299527295	0.3090389476809826	1.0818110882187242	3.752740307932522e-20	0.5013084379327853
B4GALT5	0.8227195036461196	0.7435836836583515	0.9486569607531935	0.17740756984862038	0.28332759708726574	0.8656093599617195	0.10353297147618201
VRK1	0.7869215006028637	0.05118490109498787	0.946195456222888	0.22343136745920822	0.5858885475523977	0.5757656709533457	0.36512239263012103
GFM1	1.3875891458206373	0.02335729684197396	0.00024915645876922893	0.014790292726610199	0.5746431504438276	0.522935733580937	0.9496884449618346
SIRT7	1.1845885610754767	0.03659366976613105	3.0040007109209956e-05	0.41699497532516294	0.30830812716532885	1.1279596660539881	0.5768261503441786
IL18RAP	1.044467803559962	0.16950684066150512	1.1457071236333064e-19	0.41699844908300443	0.8200134252095961	0.08597031340313933	0.7683762987034077
RAD51D	1.02582241059139	0.24962875001393361	0.8704905239462051	0.49007205631533335	4.996903685561908e-20	0.2903873356921323	0.22726487008031382
PPP2R1A	0.8406347041199863	0.11190045503258793	0.9246650237221447	0.21241623688882585	9.094970477388492e-19	0.6843601739663007	0.8417695038509448
PHF23	0.5293858410600301	0.37851714219799937	0.3455006099268838	0.5329299480489292	0.16266152878307094	1.1262836422602566e-16	1.0501364022296704
TPSG1	1.7284565541288417	0.7122259643560633	0.4476904042457403	1.1751694573600626e-18	0.2972480670383201	1.309585409286378e-19	1.3203082995265143
BABAM1	0.674276078177253	0.3648804895097769	0.2951665276861039	0.5115026359071224	0.670427963499844	7.02742709459862e-20	0.44676212793610376
KLF3	0.19867041070938699	0.7679184517872626	0.5310181705928397	0.5547524038105444	0.466157764202771	0.2442990013505343	0.09068299973607533
NIPA2	1.156792740766446	0.008661533740711852	0.1924064946917832	0.19175400665530132	0.9417564753004988	1.408500349126143e-16	1.4343947743276657
AURKB	0.732941041031466	0.5429874793200156	0.5857530981234167	0.4167458985574293	0.6290988963668845	0.15088920217659738	0.010921787590873913
PSEN1	0.7215878447642232	0.38622959850925154	8.245803693616442e-20	0.5172140490035808	1.1859288884830905	0.7283200263530307	0.05828688135679681
RMND5A	0.8856801540007961	0.4893168742079173	0.3757483094246925	4.889755854430684e-20	0.3260762966267642	0.3439792641324691	0.7370929161996617
WWTR1	0.6345095751167269	0.4723669178252946	0.09367678690105685	0.0801190784283492	0.648671431874828	0.3742340389999229	1.2382866617252648
SPRR2F	0.9722004607737971	0.622528161691223	0.15384916986631308	7.455938535971253e-20	0.6836496426085555	0.7547340045740039	0.8451087790015754
NFRKB	0.12072950006608849	0.8122491946868418	0.9922003656132067	0.49498556366629515	0.22679541965985206	0.9815840777297518	5.031416470964173e-19
CBR3	0.7710088290832257	0.13633159675970882	0.5771535374876393	0.46227622193352613	0.7747401566372147	0.993868521351875	0.47025179453371757
EFNB1	1.3352104687862054	0.6305592992369763	3.4086887452146446e-14	0.5294125821975165	1.1360131443421422	0.32092963735418056	1.6329695585977512e-19
RAB35	0.8118432492423968	0.8485574835536215	0.5474137542548385	0.6567574615458165	0.44556511311824226	8.00917054945631e-20	0.7592213594125374
PIK3C3	0.27835569666222004	2.0855111115963964e-20	0.6506151163589671	0.7188012091615937	0.3425190459103877	0.7503114512521427	0.736930779544525
ASNA1	0.09182813686479863	0.3147413411780243	1.4949205120725133	0.43670947268456234	0.5445396905220307	0.6644411574508583	0.30746327051522715
WDR45	1.1651689930350317	0.03289805189636552	0.00012595219408338026	0.2498187697268384	0.3771487522093691	0.8684230899225337	0.8815737528225611
PPP1R14A	0.9584129814881794	0.5725176359162236	7.291122609185575e-20	1.538609558576613e-20	0.5206081984188377	0.23532013781600242	0.5005092118859656
PPP1R2	5.91611455592204e-12	0.11404847852999402	0.9683556780283983	0.6887161907051488	0.4722689513511959	1.0103916780002826	0.5673052969609168
SERBP1	1.331383452556315	0.6423498305722531	1.0298806273989862	0.43109197344861583	0.10655725819397313	1.5834325878904917e-05	0.7180985428893596
SLC4A7	0.00021785094937805207	0.8183354529866232	1.0625337625187987	0.5701385523639335	1.0088085121426411	0.6803444565396427	2.4712174770399943e-19
PAX3	0.3515086581000544	0.6172650899295086	1.0127775830512569	0.7689064150314298	0.8810309820893371	5.247077410944781e-20	0.49580902004265986
DIS3	0.4082372784702865	0.5735975693179157	1.0721398089796321	0.49029205301517853	0.24593517469843743	0.6476710698945226	7.167380287898867e-20
PRRC2A	1.0530622910487755	0.36194323765043984	0.6765370744702639	8.36116410461238e-20	0.2995472395720558	0.515425734185989	0.21068649486253396
ATP13A1	1.134565780921311e-19	0.2715431670472738	0.575750664294724	0.26378423066901197	0.5221155080714212	1.0043463151432237	0.9185628292095981
PIGX	0.4507871089159586	0.23642731343556214	1.2648012277366903e-19	0.8054313450972329	0.8877394415589676	0.35791082224889115	0.9778233059592317
COL6A6	0.8268897204803689	0.7485630734664985	0.7081225834848796	0.6016233300470781	0.5178693943569692	0.1460932529615491	0.8677028412817498
CDS2	1.3613455028949548	0.8351526705850866	0.3783705663165061	2.7490419588788434e-19	0.22440770647107544	0.03717634554229498	0.24880893906926432
PRRC2B	0.29724501827238925	2.434796344961775e-20	1.1492288954682635	0.6665727679576946	0.6391195931474749	0.4093839608238446	0.3038722460169497
PIAS1	0.5407876944865379	0.1955861150966077	1.194674549759661	0.3824069239009176	0.8301395126625248	0.23446030229250397	0.5583342761523467
EXOSC5	0.8710467719934362	0.6666059823199068	0.7768252551549053	0.4802968650028699	0.1823158022718796	0.3751950080680408	3.4207280734720326e-20
SLC25A29	0.9235423225305552	0.749387235593997	0.42302402152470936	1.8702950673491036e-20	0.6632441706088056	0.5490203632682921	0.4323585401772125
RNF114	0.23522085100433046	0.5203013754179485	1.1955338386388015	0.010133593675269037	0.4542681068813499	0.9430661058497665	0.41824291838341504
RPE	1.1330530942319115	0.41985865072875467	0.5462138184474071	2.2360900697936488e-18	1.1415287875810711	0.3126657004001733	0.09328871870961246
UXT	0.9363043038052433	0.6039678353323868	0.5319633584639999	0.26223364217874173	0.3909099022386789	0.1648270320964371	0.11504890729172687
SYNPO	0.82246055682003	0.3850244807272898	0.564533751655466	0.563545373208636	0.5659663021183837	6.221614560179084e-20	0.6872876772051728
NUDC	1.1368246578693082	0.3195612381699565	0.3958947944138575	0.16572589551672556	0.6052601462818221	0.6009481005103317	0.05456327349264364
RNASEH2A	0.045712000493022535	0.06601226722023874	1.4142545386308838	0.4167983156680609	0.11543537704641323	0.6016234146307974	2.37959294104875e-19
MRPL47	1.4058632437989012	0.7060065403163236	0.37014788258228354	0.19955308803895275	0.2351385022692715	0.7442818319890803	1.2232753382186206e-19
DUSP23	0.5828943701104883	0.11074673455065706	1.1592564205356366	0.7093417087999729	0.42693257769550674	0.3362069753619641	0.21521586301811946
PLEKHA5	0.9578573858841651	0.5204734124994826	5.512178990078843e-19	0.3839611767734368	0.5053187111092684	0.5818678191709235	0.8947759373210646
MESDC1	0.6622857231547256	0.7680455011736839	0.6141929121947676	0.35735132166599104	0.8151747137039489	0.24462541568853458	0.5887740618647519
D2HGDH	0.5066999464744112	0.45022138599937683	1.1226770614530885	0.0729903277810346	0.26622455497709047	0.887669346290359	0.1425407385898148
OGT	0.6108154658642898	0.5027961831815693	0.4532686786753589	0.6531131351470798	0.5818569511554926	0.38414374192352346	0.11821732812345347
DIDO1	0.4660909649143819	0.18834111122511046	0.6201631207867168	0.8901638314736193	0.7182865595535984	0.5362968399036917	0.7201881130853746
SDHB	0.34734873341938294	0.6173163424572274	1.0336282881719092	0.2240983133405236	0.5363063000596937	0.8032467566010563	0.2278974179477752
CHMP4C	0.8398284217746469	0.9623996119273285	1.2419909534471838	0.37785983411176705	1.183712598856782e-19	3.844559426174576e-20	0.8052302565596304
NT5C	0.8387144838862334	0.6083013646241043	0.9862783099682227	0.2189714913755236	0.2992981118909226	0.17530577094329683	1.0355208166086174
RASAL1	0.6648996210051206	0.07205188828484957	0.9388983988865626	0.5779042003645806	0.6271075386857492	0.7293107621215184	0.5355900941630816
LRP12	0.6324260040523069	0.40847908760538	0.8703552903221948	0.502795289783859	0.39944534041015994	0.5847192258852686	0.47192592413070006
INTS8	0.9932718188012899	0.8559563904172149	0.7941660534825803	1.7940116883605134e-15	0.8309529605313319	0.27837892862970137	0.5741737162192586
RNF168	0.8171758482325251	0.36308698949701024	0.4671179495913365	3.780650079277638e-20	0.4052065871604123	0.26216067058205295	0.8863043319925531
ATP2B1	0.9740454524386138	0.669280480139273	0.7312662012975445	0.4312068451184199	0.5078778481190857	0.5353872194423215	0.05662014951352612
ARIH1	0.4287985721707544	0.18052311295310167	1.0164644536252165	0.501143916588386	0.5671657111334898	0.36827676333764364	1.6962125260285337e-19
RRM2B	0.30629967372818423	0.37250808493195026	1.0178498452944345	0.7736534325017301	0.9498277121735222	1.8726769429677172e-19	0.3436534319534844
TAF6L	0.909647625480747	0.3183214207886367	0.6532803602310836	0.7863035741576089	0.08146083133823338	0.36749139245469686	0.41318749939276217
RPF2	0.9718197609660785	0.6937065646074619	0.3884622542427824	0.38102667228581155	0.8253585268806016	0.25101024449485526	0.4534686483479777
TFAP2A	1.7261760442765368	0.5130636775506018	0.03135389502053264	7.774233282483752e-20	0.8538877654245477	0.04492483789171498	0.6021339188410672
BDP1	1.2027686222070468	1.0221293268439358	0.13113690130271533	0.1796256368666709	1.179255619611856	0.6551339556879439	0.007602251417854128
GNAL	0.5798822004362173	0.6587087255394586	0.8821033592409029	0.3160070610437782	1.0261170949279836	0.2968154818304728	9.84648733885374e-20
RAD51C	1.3571473022921752	0.02821979852359069	0.31364209501444396	0.20655711392410894	0.35895596051469403	0.6535047762671224	0.27820412244151627
SIN3A	0.14442088019173263	0.4247879238464962	0.6315435328832	1.027546066608879	1.0786292936409836	0.4169329696189378	0.34868101435021925
COG2	0.9369418826113304	8.2006231486584285e-19	0.18628591437191125	0.5151770007825113	0.4422724121172689	0.585895781874588	1.0881256798214554
TSPO	0.7586819071126609	0.7606066463079747	8.720764405342842e-05	0.42908328816828806	0.8414341085725265	0.4927011544372291	0.7265001258915156
RNF32	1.0569705242830782	0.2183457317726252	1.5925937933339482e-19	0.7623558320020875	0.342146362475521	0.38469393635480054	0.8996389435917588
RPAP1	1.034432778000202	0.8690082537189225	0.7824890526074578	0.22089645577164752	0.6702606512330841	0.06272774219342844	0.00017061714092251687
TAF1C	1.165361071357672	0.33800194768405	0.5439171892961786	0.07742598335431831	0.24401009875625754	0.7895573033445847	0.18685151972756917
KLF11	1.1116331671566553	0.06486459212852469	0.23482354348240397	0.2691586147640517	0.1656559038555963	0.6168740684991662	0.6890586171781664
RAF1	0.17554613964575352	0.47675771449926124	0.7948342154779848	0.8733425889009674	0.14286455906207213	0.6903567019831071	0.4381858682324934
EAPP	1.234259331382584	0.5886042541783425	0.4014943195292773	0.1268364789598315	0.8643314720839179	0.16365169037083285	0.06692740884635975
NAA15	0.8876270790211744	0.4161634984190547	0.43727926559774083	0.4593698961136843	0.12368780488700712	0.9555816276172947	2.4941401947057994e-20
ACTA2	1.2345997523390757	0.6380380271620401	0.337222613104491	0.33340353150328333	6.091459796419976e-20	1.1997513610460733e-19	0.6494635148193643
METTL1	0.9201781776190979	0.12543106032449958	6.446788401290061e-15	0.7187340448525736	0.9448854178313838	1.2922224336681414	0.09346906493409453
BCL2	1.105918241597209	0.5424864346070533	0.18046638272316817	0.21946985084131415	0.8939841547823977	3.0556479375178143e-06	0.7610722888952168
DAXX	0.6887946258339354	0.2392278404911063	1.0974438342492014	0.32139869837650253	0.2889794771327376	5.440006361773825e-20	1.134668882231015
FANCF	0.8840705300333439	0.7163613594163334	0.9759159090317984	2.866331502832382e-20	0.09827442927169336	0.037324680688367584	0.6246544329057832
LMF1	0.818078503002178	0.4362070374249129	0.8958237434800891	0.6245372875271602	0.6559791842231675	0.7450560700323928	0.38489567933346996
TUBGCP2	0.7045265539961066	0.4470693687041176	0.6976982813220646	0.3123590801855677	0.25795029752894116	0.7511982118734059	3.665503370659612e-20
EFCAB12	0.1998498247437473	0.7569654491880852	0.9632148132861892	0.6077931041365916	0.2710443437170839	1.1389065692905397e-19	0.6273428811590912
NCAPH2	0.5877782345088222	0.34902718767135327	1.105119711669801	0.2272430220928515	6.178412263920612e-20	0.5122380545964004	0.6760254750687613
PITPNB	1.1541281698416532	0.6287186510587823	0.5408035212769241	2.3418437321365996e-19	0.729517090689771	0.43788824022451805	0.39940977445773884
CKAP2	0.8795827239828983	0.3898012069923237	0.010299997491625633	2.1180748883307928e-20	0.8426448883427952	0.7326076157981265	0.47017073830854533
DFFA	1.7392833620601604	0.20697082010581735	3.539840881970357e-20	0.40086773037894713	1.0983631906838243	0.017849146486176345	0.6866846450000624
CSNK2B	0.6016378288383953	0.4683451074301959	1.3862734412804096	0.39329893296460294	0.0011687653198598814	0.09231035093126776	0.5114257925324053
VGF	1.1736980986198675	0.23747892203196888	0.4894936837204154	0.1858911414266047	0.6992593865821651	0.6441754955659514	0.12169561012887489
FAM43B	0.9556874548084198	0.6558011265303654	4.6652953645348094e-20	0.4930784960363278	0.6370413370194173	0.3205313066940303	1.076690001800636
RAC3	1.0317778283742451	0.5326685374445083	0.21156944730288166	5.888992721669431e-19	0.0002721187869510345	0.10971560612474826	1.1514896059308526
TFDP1	0.9746128426143941	0.6355323335666687	0.8523436243970784	0.14348339610095728	1.069986732311097e-19	0.10871955513590163	0.603098997043253
NAA16	0.4066469164174324	0.8118916322896984	1.0027254420441607	0.6706056780412686	0.6258515729769404	1.9013079052752208e-19	0.389240703998864
MIDN	0.7673174561931256	0.4737234032205141	0.7610074823147306	2.0326194114668874e-20	1.3485227077960848e-11	0.8688774902454844	0.4924905406334781
TICRR	0.7240447785742176	0.6173367401794957	0.30576985890349145	0.2730919485759573	1.1216749044351122	0.03623428153951619	0.9003966911779506
PQLC3	1.3780838072538686	0.2529873440243205	0.36425733049560954	0.35809025993295707	1.0256804444255705	0.4610899374719647	0.198671051650833
MAD2L2	0.3424357732063746	0.4309286433017728	1.2135165821305103	0.4062388078600154	0.33012038390372833	0.5232070588156329	0.37302784198343025
CXXC1	0.35522829455055294	0.1751616461210106	1.0781205362343023	0.09191148152892573	0.9217464933807081	0.5612775619324084	0.26563173598795337
BYSL	0.7635573778841598	0.7546924860237348	0.8025229919371413	0.3929380315941347	0.5080828962903494	8.405556273344764e-20	0.9079701897506335
NLN	0.9082137908831313	0.4791451715199696	0.38879142497918245	0.5057634670252122	0.73433483190385	0.23033672723168594	3.264353335453634e-20
ICA1L	1.0200764384321226	0.2909883282260318	3.91854447995817e-20	0.5369547974566945	0.7204472284604218	0.206592366985961	0.3457911344857841
CCDC47	1.1739894865236846	0.6946206126396	5.474617026169813e-20	2.3592939623939053e-19	0.21584190604702194	0.5016159561377257	0.39549203131356436
CYBRD1	0.6361073422423363	0.21184003308212504	0.9407804470907024	8.018052795424759e-20	0.5204464270346756	0.7994920001209446	3.025482216081675e-20
MEDAG	0.9220832355222585	0.4641567259736569	0.3955965653435987	1.8015429886570347e-20	0.9081617577557861	0.8165501402988681	0.1958062492005151
PIGT	0.06474622884622878	0.11707099049872521	0.7153757541017856	0.6710343145162877	0.8207481052121866	0.9915515769328086	0.14235235985828235
SRM	0.41653071400756797	1.0400496581408745	2.8454945182746653e-19	0.9339885216340492	0.7344883977458703	0.11791328734772438	0.7317096516751819
PAX5	1.270139005674664	0.11608542747691099	0.5206043456034448	0.29169524900344296	0.8451759246491448	0.029346006458221115	0.7164210741761138
KIF18B	1.0233076896683102	0.7969268892978194	0.6337872918180124	1.3335247031641585e-19	0.9455259421054355	0.11692236767721649	0.9041980898150322
HSPA4	0.6810843984631519	0.1387302470522273	0.22867219548884984	0.11583085355370354	0.733271820394228	0.7067488107557459	0.812435773423754
LELP1	1.0158865860484592	0.24389220231629885	0.5744099319681886	0.5806831436405225	0.7100770139336748	0.6956431961531288	0.11833413764282298
EIF5	1.1867828878239037	0.8199199803279512	0.9260928994216947	0.3596181043454093	0.03580143500734305	0.02583379042553347	0.480282469387659
GNE	0.6051215777958177	0.6958577762171948	0.7773081253290639	0.2685990872065044	1.9623798957732503e-20	0.8441509164052137	0.5639319897135517
EMC7	0.5510008585492593	0.6786136335021077	0.585222464994544	0.28205516661647473	0.9805169205137707	0.21757782279069043	0.5642329934398348
CLTA	0.7399213457318673	0.779028233244573	0.3228134304552969	0.2029518435643115	1.4213430773443186e-19	0.24833291285647138	0.7414325528892862
CACNG7	1.5319517388106862	0.5738095622620624	3.725885674964869e-20	0.4265645076020933	0.42313976433541595	4.8716807886434974e-20	0.6361678855443981
RPS20	0.5920606311037555	0.6793984833968411	0.3568241035609043	0.4097772473310918	0.6086570427909261	0.9459912875709355	0.06460329958266457
RAD9A	0.6197560408035788	0.04894598765015991	0.6118883326095134	0.3750018715579672	0.7449761311247153	0.5143601669148294	0.17671172540266702
WDR82	0.590621564049767	0.7378667148526115	0.6797890431612398	0.13079228526211625	1.040283310261646	0.4333755643730771	0.06385029906327166
CDK7	0.7042330870524077	0.263871560611408	1.0076438665057308	0.22946153455560825	0.3856697825430521	0.6920258453550308	0.015061325054542255
SCO2	0.7930945114679387	0.20065384444639833	0.11115667763128494	0.6377330151540997	0.8701787851901663	0.2890037445743967	0.5015050916860007
GEMIN5	0.7159136490567468	0.6497916195425636	0.45164491571609683	0.3266289081989079	0.6760313970052804	0.4089301726648654	0.1146275248083738
VMA21	0.19374609679047408	0.4118751858054281	1.1143631490960473	0.18463386318885797	0.04938005742094675	0.9719402158537045	0.21980435230389853
NUTF2	0.5691617240421494	0.8454679724391253	0.7432602800567789	0.36336817924086545	0.5467591624946584	8.005330484300413e-16	0.08443344157413593
