row_id	C0	C1	C2	C3	C4	C5
TBK1	0.8411610681090768	0.08730318675613231	2.8857955017546353e-09	1.2735187852399612	0.409221831029701	0.057522961738227185
AGO2	0.18951643423358808	0.3560798627192207	0.3113796900747259	0.4891307274920584	1.1641173678382073	1.6877196484724809e-09
ATG10	0.15855357419230828	0.026544668164935687	1.5704592522346664e-09	0.5749829010457344	0.29942576785867475	1.0622015290417868
RNF31	0.38948834412362976	0.21943302784554636	1.0041049054421395e-19	0.8569902984004533	0.5260570825104525	0.017351513596239262
UBE2N	0.28047308459958326	0.35929244456695	0.07576549434358347	0.07830716418197488	0.6297619987175789	0.4904660197766189
CHMP3	0.3670329702390963	0.4352448027258179	0.5095972972737935	0.12507047835565355	0.7966211848155988	0.18332879207811054
TRAF2	0.11374218383225235	0.01704039225529582	0.34962456958905125	0.7961945639479333	1.2170219083715768	3.9953430508922375e-20
SCAF4	0.33173817275990797	0.11812601288444675	4.3393197369483726e-15	0.28867700365865423	1.0027318985060514	0.8277668587524594
STUB1	0.7464436794455371	0.25171855938205695	0.8195848028991861	0.19783577793308926	0.031568822547022826	6.886314063598843e-20
BCL2L1	0.07352474123139414	2.3555678270267043e-08	0.9236774076011118	0.5298402286831604	0.8548995413751447	9.741857741929304e-06
PSMG1	0.4620760316520222	0.4360344963399485	0.274698062605492	0.9274347855349937	0.6989751941938891	0.05458495237469973
EPG5	0.5436341622916259	0.36025522449115854	2.0325544056265416e-20	0.815379581716918	0.3952661479115308	0.5943552959832821
ITGB5	0.10482462391644877	0.4053088597595107	0.3628223647510175	1.136983241616012	0.8657498143929953	3.5748234649550904e-20
DICER1	0.279988580010031	0.32123953915311326	0.8814267168119327	0.10051666879096842	0.010666060437196317	0.15720970772621143
MCL1	0.8051727896029157	0.4536223844618409	4.302159779331257e-20	0.6183059854908958	0.36462988658827344	0.9479209211722718
XYLT2	0.879931434042802	0.682108467728215	0.04321824103056337	0.8696723583310235	1.5298136813849516e-19	0.648341182713077
IPPK	0.6814201192322294	0.20708518248808	7.114113142527559e-20	0.24958325507168275	0.7018349940080005	0.8206712901488928
PCBP2	0.20340208072004026	0.25743059469056656	0.49029255949555994	0.059109318951337274	0.5597567227236829	0.7434460214693416
PTPN2	0.040339399819950265	3.047681514341817e-16	0.8758237666367329	0.011918053386804395	1.009676400964956	4.0570036868599505e-20
VPS13A	0.8767274737692234	0.0110374401012829	0.6540298915210985	0.5361652076129776	4.2362942378593964e-18	0.6017213508090968
FITM2	0.78789443572832	0.309247293212116	1.7558533628825278e-05	0.6977986343394303	0.150417639915518	0.47879026548014586
IKBKG	0.601981339899991	0.05874920563429228	0.2652426833568103	0.7619806964634551	0.9267296436684189	4.7678110869250804e-11
RBCK1	0.250799695325811	0.21073315767671136	0.19780885007040822	1.145514024725624	0.33484882095053414	3.820727145463327e-20
CFLAR	0.9424354156646891	0.04028108994058864	0.21736908803195862	0.9316243163978103	0.04549878749272516	0.05688870031086745
EMC3	0.41789853160139817	0.12293136951640428	0.28592445342610673	0.8719978521369137	0.5468749749450096	0.15454638233875662
SETD1A	0.02984691964453344	0.26311476415127416	0.2301262367762246	0.4259828334140576	1.3876092650534047	0.572743239055473
OTULIN	7.984818374287005e-09	0.05476451906871684	0.48699191265061414	0.48978385627558063	0.7301238016303964	0.4217163871029224
CHIC2	0.36663577021448657	0.10398188038096355	0.2367693468650612	0.3043798784906627	0.6285736471228102	0.934199872102026
TCEB1	0.0830059655794485	0.31450061946603985	0.693055139927645	0.6070855716856689	0.932172052977713	1.1214834664237195e-19
RGP1	0.6163531751509285	0.31647987543713296	0.7252366205333713	0.44494281409930314	0.0707770610127999	0.5371735444737522
TAB2	0.3626829801195914	0.12416449839599687	0.40147137777211356	1.098062503202419	0.6041203072583113	2.0491709334598572e-20
TMEM208	0.7832591482389316	0.2883003801036479	0.2806344833612918	0.23531723123087833	0.2735745549107201	0.23268348113277326
IST1	0.7853667804368722	0.23977560843823062	0.28092280957262916	0.8622628250389296	0.386890806967622	6.981715730319428e-20
BAP1	0.10113063499636499	0.9734525698678064	0.6504035188375	1.9237260247913886e-20	0.30540142857078506	0.4113906420220074
UGP2	0.9701073688205428	0.5017717244947028	0.17004972735042476	0.42518765134303255	0.5701475846818448	0.35019678194675957
EMC6	0.4753123857407411	0.307892320726488	4.5774389877724303e-20	0.7951689320535291	0.9984930781823169	0.059762834197936786
NCSTN	0.7693586176751068	0.09085984395984398	0.00625778877381628	0.2640029127189541	0.6807074469067296	1.3385765124162272
UBE2M	0.29512813765296375	0.6933446024566983	0.9613484022556306	0.2086822819300503	0.675092409710558	6.634283277484177e-20
KDSR	5.183475296165332e-20	0.5408091051867144	0.7116572755167252	2.350843843804352e-19	1.8174181083285113	0.15147457994196187
BIRC5	0.17184240805870932	0.7094771999516625	1.2316686898772031	0.25961278435948515	0.0868387500884039	0.1453472381686244
VPS4B	0.6439563350647979	0.21144640436274373	4.728376105794486e-08	0.7042103159445561	0.5363502712946545	0.3945425854679079
POLR1E	0.22191508960369713	0.6807573261193272	0.49664120134728673	0.13992270092165782	0.8303603480022658	0.5163204052545878
NPM1	0.38751525105437806	0.397317938054069	0.5834807732174757	0.3634861463775332	0.2049446782612882	0.5225914649350619
BARD1	0.5452258380379792	0.9137859467886187	0.4804450801171729	3.0699030843878966e-20	0.17204615589973848	0.3927477891502951
GPATCH1	0.5037740491852951	1.1631325991371961	0.5457204760251432	0.5156770933466136	2.447733409928732e-20	8.98153399698748e-20
L3MBTL2	0.6509238260089204	0.6274077543673527	7.968737794482374e-20	0.6498209305190502	0.9420512783442642	0.20775717104675187
TFB2M	1.0762842524463996e-18	0.9284895921899496	0.8203649863688188	5.981024243396474e-20	0.2552066105919385	0.33356627712906817
GP1BB	0.973127943568923	0.5666263584182488	0.24270507755469906	0.1394597492212512	6.008018255985911e-20	1.2344454827977305
MRE11A	1.138712060895599	1.2574959240613743	0.28564390109548443	5.025588122791707e-19	2.0271840365099288e-09	0.31494887560612916
CENPO	0.06547840846885854	0.5141399354205511	0.5433446974358034	0.41108264389669585	0.572951286995298	0.3017097264270348
CMAS	0.7639185553254277	0.5133861549841987	0.39879096279909176	0.16911349208374193	0.2772741171777611	5.801056243843081e-20
MAPKAPK2	3.8240330206202344e-20	0.29038498193921836	0.9083871943006778	0.13221840598471932	0.6964112290297225	0.46656111803532885
SART3	0.4382516560507925	0.6876795837373576	1.2061882704638855	0.708399740693317	0.08399089331667946	1.134135760196788e-19
KLF5	0.7202342410411087	0.424535439244885	0.21875150409040703	1.0808713773655723	0.8325305999774788	0.0004937559773061621
MRPL12	4.397778555629289e-20	0.8688264437248663	0.7382740827201287	0.3519447498560831	0.3732264537460134	0.17178987328591117
MAP3K7	0.6244837283099661	0.470650935326307	0.06303342296714329	1.1765286864480737	0.6190175304157559	1.7102349291736847e-20
UXS1	0.5403174947052555	0.1304029964684002	0.9364529843727336	4.960739836562636e-20	0.7004200077804789	0.2570558057255936
NAA35	0.39126892434814836	1.1767243138348877	8.47628510941905e-20	1.5897527114509812e-19	0.5266340657744067	0.7069852794566075
RAB5C	0.6011205217623441	0.3342048306225604	0.29022193392168594	0.7914360251579958	0.3832122814149618	0.0018177470216261845
MRPS15	0.20334792902222307	0.8932017704999278	0.9305970651484473	0.4604401385513964	0.076470516058162	0.49762061009335085
TSG101	0.19811977832735253	0.9548062564762887	0.1260846631982515	0.2794142513761612	1.0406840249567015	0.15403119862113315
ATG12	0.42290262517678734	2.598711334508761e-20	0.24045578106548254	0.5890052700469581	1.2278722563303046	0.3613225222171801
ATG3	0.6754146197512666	0.002831255867239522	1.252280329065369e-18	0.4343709769599291	0.24646158961932085	0.9903943292772744
ATG101	0.32108114437799795	1.1728591174346216e-20	0.3530949258905843	0.3457362384880837	0.9063435391833622	0.6484250112859962
PSMB8	0.8227083243066783	0.1709429109102245	0.08356557879298308	0.4981084635303293	0.9221499158913123	1.0431130833020883
SOCS1	0.27977923564359647	2.542915143084769e-20	0.5392519938396905	0.7374643519863594	0.35614825971572084	0.3238495598804309
VDAC2	0.5821999736732445	5.1011411013593404e-20	0.19368946454444072	0.938551193289305	0.5765282884663351	0.27943975938792404
JMJD6	0.49605947798435673	0.014946660333962445	0.47031584673370874	0.912294445571529	0.9458824473972841	0.2428134876979771
EI24	0.5236891848627263	0.24682796786403155	1.7901296984028384e-08	0.3594308039118033	0.43061941707174817	0.9346642126443974
MED24	0.47329290385224926	0.3185117802599668	0.054219257996269435	0.7241425805608388	0.24518438554910604	0.48745689321124885
SAMD4A	0.6501526756165108	0.49171140482733666	0.8717530005518918	0.09691696524380199	0.3674943868127234	0.5506388972622225
TMEM127	0.29413164961768945	0.08794730470155226	0.5847753212544058	0.3619037473712234	0.8366316199015162	0.13145450104023532
KDM5C	0.8756241294413092	0.4064364280467691	0.8326457762698931	0.42727778214701173	0.7320495147971074	4.910975492167788e-14
GLRX3	0.7057847800909726	0.6427750607549714	0.16910351534106355	0.4297375535645591	0.1696094475279351	0.5276355016840645
TNFAIP3	0.6500965605457731	1.8996627180069223e-20	0.5338866358009854	0.7590803264844285	0.6923566178908445	0.2579233693231624
SRCAP	0.1266397881492084	1.08348795273593	0.7180501024700496	0.1541095885174388	0.6704391682266733	1.3446205891061126e-19
PCBP1	0.45160163249580915	0.31795281066724435	0.767423415188519	0.12450154280656063	0.5645796907209802	0.2740160841130001
MED16	0.38839406301304247	0.32754117778642466	0.4233769924793329	0.4962073958871543	0.5528687386521771	0.7508052871513369
SETDB1	0.7162648857833729	0.4832458818968845	1.0581640254357312e-19	0.189454879801896	0.9358807605177766	1.0107665044459369
RB1CC1	0.2283229722770645	3.156629431992885e-19	0.3460637742585817	0.6880616001684898	0.9062799978664564	0.5352705003916933
PSMB4	0.4972463805296362	0.5432172593355482	0.5846825529007926	0.6701396054684601	0.5196314542024365	3.328394001995694e-19
DNTTIP1	0.4219464519005033	0.13742131639489802	0.420379332636079	0.8229735995216017	0.9225823346745419	0.3247208850319541
HUWE1	0.2568955604962029	0.7758409125741927	0.6063847992133896	0.8055328605656658	1.0636713456494349	4.0687348016514255e-20
PRPF3	0.1641122430238997	0.3568652155140634	0.6837257681322206	0.9687404374464689	0.7684992261139341	2.5444474097043354e-19
BECN1	1.8042852389926706e-18	0.1829875478653946	1.0968108522385815	0.3981129110915477	0.5654140815642618	0.3276033676775183
TNIP1	0.6619854359015745	0.3252095442765513	0.5487522508208562	0.5115505632204986	0.5236982113650918	0.38534729001680545
RPL28	0.5904260257015201	0.6517762248696602	1.073827009708507	1.5743928560724844e-20	0.022564205666508342	0.15912606530187073
TAB1	5.684879702411038e-20	0.07007721858751874	0.9732402265364595	0.2905066504422531	0.42361824148667676	0.6074560839346533
PEX12	0.38197022776643635	0.32618251421771766	0.7823547482594653	0.17767058272863265	0.3566297693374838	0.893919162938642
ZC3H13	0.06956690192384968	0.4737890151636865	1.0713812662024824	0.17691808241316204	0.8611338023814732	8.5255574085672725e-19
ATP6V0A1	0.43771889992124524	0.5921902746494041	0.468553075110635	0.5385978753519395	0.7430541717436071	0.13779223006574426
YEATS4	0.5350771322854301	1.013985064113994	0.9141456460105315	0.27306512848725323	0.7252355540420268	7.438254210148646e-20
GRB2	0.8235299461577623	0.501938364965703	0.16314374144895386	0.25350438070886555	0.5766700655753617	0.7264575987826282
INTS3	0.5536446935520204	0.3375244283701959	0.3930178874626268	0.4853337638713858	0.5539633544863588	0.5226322369942429
MBTPS1	0.3912977109008718	0.6602128228200154	0.6676086326213514	0.35531159972884585	0.557013673125308	0.449891557623312
HAUS4	0.6353839982037514	0.9301466894202126	0.6924997009736751	0.2901081382409373	0.3584437276804315	0.6324438022634825
CSNK1A1	0.21386216046531112	0.8604084799010083	0.8964789317480795	0.06479377033208401	0.5025913345723472	0.27959598411639347
IGBP1	0.02789470838811036	0.6804063497841497	0.5499877401060633	0.632718141324645	0.3914154618340715	0.3282736913354979
MED9	0.49485334109399154	0.5782098466837532	0.3881514008446773	0.39690965740777606	0.7174134091589681	0.3849785316330368
UBR4	0.5552011981444337	0.5497006471913171	0.617975747110898	0.1437698487223005	0.7237874011255583	0.2807373215861086
YBEY	2.778050673197002e-20	0.7389357742142296	0.36491270625790057	0.43458562515721866	0.398242080963604	0.5486283325547345
RFC2	0.0769536571142086	0.6485086588629125	0.8288418108131405	0.4541758746263049	0.7400658680081943	0.04943713443973703
DUSP11	8.251777789437142e-16	0.2856503072903091	1.006445792838615	0.2412889746483427	0.36990464744416957	0.9412751861325237
TADA1	0.38642004102329053	0.5080633893944559	0.9398616976232747	2.2205473139400555e-20	0.01717121158092165	0.7991190851389219
TRAPPC1	0.15389375077347336	0.863617439692962	0.634603634185794	0.056438117685891506	0.7748433435219497	0.5372403822017001
PTAR1	0.20461423630252304	0.7055699473505131	0.4542795054765318	0.8892411974800261	0.49442408621368505	1.2443261005327295e-09
CANX	0.03982120636039454	0.5710111565498083	0.2632690848455894	0.2820990792750333	0.7497185212565822	0.9121031736250895
PIGK	0.5115585168798493	0.2846935316201102	3.9532380439418445e-20	0.5104196462474389	0.5783729064576232	1.197917174333316
MAPK1	0.20430655949386253	0.2634488457681113	0.8105981023429429	0.06632014352779068	0.2979386328326001	0.6601510521402422
SLC10A7	0.4796552501862011	0.698361692072045	0.2596724596094562	0.0012220691601945556	0.743867495365468	1.073672153560517
TPR	0.6283114968659411	0.20657307374797543	0.7223952701425972	0.5237489054871104	0.48349561733382823	1.9548616125051584e-19
PTPN1	0.19944777278095177	0.44711091029526107	1.2992370990120952	0.003948374139754314	0.883140429213889	5.155594777296378e-20
HNRNPF	0.1794528452256016	0.5191999543016755	0.8862613116648802	0.11016058243138113	0.89467887752822	1.0260838166947204e-19
SRGAP2	0.10229659410161977	0.9128341913052952	0.1312238079628847	0.6096168294236676	0.5634494737965644	0.751618398093504
USP8	0.12565592850688426	0.8881432457127891	0.6748394203749959	0.5552596171073341	0.5998742563991148	3.854758284749142e-20
RANGAP1	1.4754155571198235e-20	1.1543086893473429	0.07659432537499929	0.5569046928842576	0.629424429763214	0.6559261304900627
GFPT1	0.4959543412160615	0.6034070599614929	0.9023117406989382	0.0004281840175492634	8.28876228065088e-20	0.31882157701053765
COPE	0.61752298842261	0.8872803449757538	0.21835141429575278	0.9774160141324091	0.27258049766643294	0.6310103973180717
ANAPC13	2.5025650887242462e-20	0.49404595349536923	0.8828073139067389	0.02205541268778203	0.5992562957893504	0.5456547639500314
STK11	0.43068357747344466	0.920558211042425	0.0558794225900634	0.5949303126499303	0.8762832317805187	0.12338161002603977
SMARCA4	0.6915404755799367	0.25142063304312917	1.1101090363859474	0.06056152294769006	0.3956754128028407	0.34602992559145446
IPMK	0.5581281879332008	0.38104500739118913	0.059107105971457984	0.6722516832407699	0.6269603434877582	0.9537436854411
ANAPC15	0.4549703087518873	0.327560780113559	0.6950915604490356	0.39984130368117904	0.15398071033029265	0.3915051062886793
BIRC2	0.7262510940135986	0.37488721973523925	0.019082113973035147	1.1759610849612574	1.1722702792951414	3.967574961447729e-20
RBM10	0.5630461308410427	0.6912449092581167	0.960730031600932	0.26990318905121163	0.3113102409980735	0.22386429117707352
ANKRD35	4.8840960286162904e-14	0.8606047252821771	0.25373543699997886	0.6854436810999672	0.014564393748174606	0.9195182863610334
MTFP1	0.6886719438012513	0.548164360998655	0.566597731920092	0.39433069569444107	2.620079894252847e-20	0.6305597845892097
DHX15	2.2388389463399927e-19	0.780691452126552	0.7443097653106422	0.6325054016355474	0.5460953479371037	0.0002306334263268955
SPTSSA	0.060450242766154585	0.8162399370413319	0.543734241221253	0.14197182957557444	0.4073284227471629	0.276826379524271
UBE4B	0.7029349885725462	0.5904354112857434	2.6646035429408626e-19	0.46043741683483996	0.37832693145252727	0.4398631744997227
SMARCD3	0.1499791879199721	0.9709562309316664	4.655683355877891e-09	0.5783138252867168	0.5233193132867128	1.070173432441605
CCDC114	0.7416196069146826	0.732150391829328	0.6789890532852431	0.735860227248383	3.3805402719445706e-20	0.2498759860359627
SHOC2	0.24087036084687208	0.43465302103879006	0.6161019423444094	3.96238954865614e-20	0.40630248735828633	0.9168702439590221
CUL2	0.3414903599538742	0.5781991726054445	0.40094669358710816	0.4708942424122072	0.8441388188940611	0.4819315510617373
PGM3	0.5081956874883088	0.7529875388963787	0.11839479518769139	5.3706973649648e-17	0.752360639471478	0.5734897234577696
TAMM41	0.1961544299474499	1.0138017767012963	0.5235241544821638	4.2823062350176585e-20	0.36955927057584875	0.35974864853304167
ACTR5	0.6996598977971104	1.020521841876227	0.30638250567017344	0.24723750968572739	0.4798500203243843	0.36430641032917804
DNAJC9	0.3537457052099569	0.8945495277714326	0.8891999986318327	0.32295082118560403	1.0881634783199396e-13	0.6740966135663139
GET4	0.18181429327274967	0.8087232272500963	0.39464109839624995	1.0462783330070677	0.5945195036731339	0.06842499440611724
ROMO1	0.10008324971006764	1.1717738938954607	1.1666362513235937e-10	0.4418178044470935	0.6338319236025445	0.7494579064671761
SOHLH1	0.6716112272969097	0.9859783190433473	0.024735744889153987	0.09565175670595957	0.31436860316550985	0.6144112003367566
EMC8	0.24091911693791188	0.2373417788253219	0.3495921450561596	0.4238293173508074	0.6332688653579104	0.2766839703057631
RNASEH2C	0.11058252107739094	0.6771124259326919	0.6573829347022077	0.03593033316415774	0.6917311861965313	0.2399160363093185
PHB	7.129731947645085e-20	0.8832250608991602	0.4561419105003947	0.4471849985079653	0.34629998508990595	0.46263460453392263
CHTF8	0.6354406996582193	0.7705771505128403	0.310941910641067	1.7105910039832745e-16	0.9566536292941288	0.44154094918862646
SLC35A2	0.6662514341262971	0.8048942688597309	0.4697648021064781	0.055693744874018375	0.7767809652553442	0.07055826031679628
PPP4C	5.577505179193688e-20	0.9725744622035323	0.6885061491707762	3.9828739601185976e-20	0.7097682837966092	0.5911560691426172
RTTN	1.0596683515768914e-15	0.7367155326940943	0.25200363712756546	0.27858194378211515	1.0179651453812493	1.0012834140738303
IARS	0.4123725667598993	0.9503579150903757	0.7958979660960579	0.40037348476961054	0.062434469530764224	0.15191016052392992
GNB1L	0.8977605966101269	1.0331960501563997	0.04830646019614129	0.28058245792684205	0.1846105630109992	0.7021323601785792
MRPS34	0.16757964558293956	1.1464475419547655	0.45302397253821636	0.049883157497671665	4.002241067407068e-07	0.5170872650458348
CPSF1	1.641080634320063e-19	0.9092033076000461	1.2070016015172829	0.19089925683248476	0.21981210939244575	1.1348122779941962e-19
EXOSC2	0.13797348296885828	0.7735567372397668	0.9495783601875691	0.2165188838278219	0.1757758480776837	0.10084034963888493
EMC4	0.6265978896574385	0.3330300251999093	0.444743512069458	0.40981033247617643	0.34661819265823623	0.2297842463896813
TMEM165	0.34912360395610464	1.230446281495287	0.8963571230246461	0.09852154412143732	0.2826302278404255	1.8022106707762054e-20
VPS25	0.6700793704015618	0.8976037060512209	0.33777262392052276	0.07008123144263488	0.3910151952673656	0.1627557051759385
RBBP4	0.3378057928860759	0.9024316381732543	0.7367362623398359	0.00033301746748258407	0.548939754178447	0.13070945888423052
MRPL38	2.2139294507406464e-06	1.0743475066644976	0.008544140255277487	0.3933134754551437	0.4682294869329168	0.818798055180613
ETNK1	0.8962051174865935	0.4039058474165203	4.2691319363967613e-20	0.34896317839711066	0.3659225282116719	1.072193022467165
CCZ1	0.41361024897973486	0.3353211358917775	0.7073334438892213	0.6464376333748986	0.2366274070893559	0.2566184562177214
TIMM50	0.5575976896560694	1.154364646941457	0.3300782342481516	4.131417516675136e-20	0.29426495814237535	0.8182466485407144
NMNAT1	0.807072051952401	0.24365727726846925	0.2932798977669079	1.1557091790224066	7.449281307732044e-13	0.9552950304559098
ADAR	0.7926844928708809	0.33585470020151476	0.5612419413436005	0.540291340330264	0.4893692440704634	0.4953427347217775
SMC6	0.2670558199752323	0.6860188348988774	0.4680870744549869	0.3875108264122085	4.6284102872091635e-20	0.5791347609506008
PPCS	0.7038944881303238	0.616389860895798	2.045775368903568e-20	0.389145474477318	0.9765328338397603	0.1165461649913723
WNT3	0.48292558650895795	0.6612097512145013	0.9296513345192653	0.47639537177483865	0.2967995966725166	0.2777241932801335
ACACA	0.2747682008125423	0.9790291496621581	0.13386842664832904	0.09072003576082696	0.5415985396633624	0.6795312882598341
SOD2	0.36419519110731297	1.026840211559577	0.5338461957413767	0.43355257770445227	0.40136258923347984	0.0848688780500447
NARS2	3.3922560556773123e-18	0.8333373101637729	0.7765429255796801	0.12961251526114909	0.534026233120463	0.25589301463084607
COX7C	0.726039325665903	0.6657430718169485	0.5877349919984544	3.899377991086571e-18	0.3407891297228332	0.46212240467951693
ATG5	0.17168095730240243	0.03764354671187585	3.41057865531114e-20	0.5405381781854434	0.5676264386615177	0.8113851574133126
ATG9A	0.6506227774634534	0.41051066293888044	2.8009302531454425e-20	1.0414803906069554	0.5030139414263993	0.19359284788722667
CD274	0.22479560127052733	0.27554379793929373	0.9105507240386238	0.3717431835790463	0.6063519888786965	0.4707571495600811
HIRA	7.103432891421043e-20	0.2601824324552902	0.9819703979987543	0.2082297012057137	1.2026814985423706	0.4765881176430455
MRPS9	0.0318874778700726	1.239091537137644	7.378887574773083e-20	0.16773998793831765	0.9083827997090952	1.2921179908759641
MAP2K3	0.19078000919656365	0.11115607970996219	0.42752119931815363	0.33645179750577786	0.768668870833874	0.9167637405259118
WIPI2	0.4844818795095185	4.357762042131091e-19	0.3479286872108431	0.6524916388195318	0.5880418906281634	0.6943478079391144
VPS18	0.20955278002621827	0.9058116948890474	0.2301837561841071	0.08962315722715157	0.581518419079621	0.7178400857909712
HM13	0.6021649340062958	0.2011994265782531	0.3330942319698957	0.5075341796842608	0.88068543427281	0.4285315148237814
PEX3	0.40602392123518677	0.5868492884736308	0.5691080752786253	0.6319050833622806	0.49627545876568874	0.4923225853838122
LRP10	0.7497956830029286	0.40324802541629956	0.00012076908689373293	0.9915761581873949	0.5903724296690496	0.21985546871869374
USP9X	0.5899007368748299	0.32095185392811487	0.5633024652726019	0.6597011696640844	1.0851951982554016	0.05582415546176829
NDUFA11	1.5278765638044125e-18	1.238906931287344	0.9159184749068643	0.32204744077988084	0.010411643930153012	0.26399896098558057
NDUFB8	0.3300394047393318	1.0054901395468998	0.7964017056518684	0.6354182361026854	4.5391542358447365e-20	3.657207142582013e-06
FURIN	0.11485051019840024	0.5444688697708933	0.23685251344788466	0.8586633232784107	1.3580542588891606	0.35254237433996677
PCED1B	0.45995921317588867	3.613392615933418e-20	0.26098743499204063	0.5943989829314936	0.8154656189253235	0.9110418805778948
PRPF39	1.0652883936196467	0.6256547820035752	3.5752664570205134e-15	1.186998078043574	0.545046870519782	0.3079870070320315
SHFM1	0.5637721890303657	1.5413348279030303	0.5263322636962305	4.7589203464200495e-20	0.20277736787905973	0.18232782007034717
IRF1	0.7380964059765905	0.5712688372691529	0.81736750945304	0.6566672884559261	0.702321082647723	0.1906568130673227
SMG7	0.9600805603772258	0.9172221818740657	0.4195023177584194	0.13464434403102932	0.8746256643792063	0.2697108523946268
PTPN11	9.371654905381398e-20	0.7141370855128787	0.7667483330802738	0.2554643025110064	0.3008459425396384	0.5934708208079135
CCNE1	0.666094165149064	0.3781315658478962	0.4032432443537518	1.0329613250078666	0.5992806613876751	1.5722616283245774e-19
MED14	0.4988226835481546	0.2278781256948816	1.5076240682842639	0.07220132103098054	0.1772455954738587	0.3174407892000556
MTA2	0.6343460477134417	0.17288287426752802	0.8153754402237111	1.0800356234418873	2.7116790118810184e-19	0.21357326368378637
MED26	0.44876693236716	0.3674081290179544	0.22312386600830653	0.8587848493173821	0.3944470051577664	0.7480666571831756
NDUFB11	0.10056260612303775	1.067955520153321	0.8013276837855551	0.00019422303200296542	0.2024082188351089	0.9255503269316787
ZNRD1	6.347446143156943e-06	0.9936389397885109	0.3468304272512802	0.6142255047944902	0.8994270572892538	0.4217638451838361
UBE2G1	0.6651553327095518	0.7099964655160943	0.03821318896782854	1.1005031864688497	2.048811499177172e-13	0.35570712385033176
INO80	0.07075955774167138	0.866716212024216	0.9888166620909508	0.42852612142281005	1.1164953159595794	0.05093890595808866
MED20	0.5935466442741492	0.6878369061619226	0.9634321259181516	0.22804757214577662	0.40329515332526644	2.3684273785860044e-12
CCNC	0.22309485295525536	0.6725452364788005	0.9608258055236784	0.2242316581273401	0.4014525211642286	0.34918614002590953
USP7	0.2536370497257092	0.5381187172683051	1.2178229994914425	0.09983023047073272	0.44686236440389665	0.46555553319031373
KCMF1	0.6134894992789134	0.8208144015150696	6.420328719108144e-20	0.5638818390446326	1.0648317998726624	0.7402131070447941
DSCC1	0.5176742642498476	0.4085131627099912	0.9906583812448546	0.7083055172935402	0.4809281174722304	9.260859313678195e-20
CHAF1A	0.6337222540058473	0.7448655296646535	6.0270857151854275e-19	0.7129964206663567	0.2240396402111098	0.4855142656367956
LEMD2	0.5333287748607786	0.9072139802779973	0.3342961854000048	0.08493865310371485	0.981457583901315	0.05565440498940068
RPAP2	0.300794830826437	0.8234654852772685	0.2800556261972869	0.5850249780816408	0.48009733450807335	0.7167006223817642
HNRNPAB	0.6469372793031268	0.8585014831997503	0.2726864912854022	0.15561982019983	0.4346037637288134	1.2547756785747401
CDK8	0.4068207335083524	0.8206604890614515	0.8204023025684828	7.441546105778157e-20	0.3965363024412005	0.45311756342598913
FBXO28	0.8601120802761412	0.7124278122932958	0.0162914881504642	0.724709604863998	0.23314958977773934	0.7661963400683339
PARP9	0.633120578240331	0.3613706154960145	0.40199168112590555	0.6957498997503154	0.38683322313253315	0.5974036611148392
ZC3H3	0.09118972755460542	0.5824788371559314	0.645333841363055	0.5512395790294552	1.1159596702846386	0.005011061491848519
DPH5	0.015391239632353679	1.1043170950009356	0.8959623124064032	0.04505097983881571	0.7981400830359623	0.08053559510425498
ORC5	0.3094613771042579	0.9490749301818542	0.693373448384602	0.6043097934124068	0.8029499474113565	0.050163057503785934
ELAVL1	0.6655908069596015	1.0014908614922695	0.16776744273105462	1.136800057684454	1.4098403010153232e-13	0.36481850795333637
CCDC115	0.8332713409315176	0.6752756069506746	0.3226200419102353	0.534090682634523	0.5162608061281998	0.35321584351862284
SLTM	0.6198165952637074	1.1171726880650132	0.23872186633962245	0.7664942025030284	0.6166138195780779	0.5947286182662619
CHP1	0.12623108917540424	0.10102208564114623	0.8108752879989118	0.47927368991642744	0.8999671518896424	0.537497503926204
DCP1A	0.9454943310929171	0.36159237084813906	0.8411469855477596	0.6645237522683362	0.529014835223503	0.1432668831674857
NSFL1C	0.1885166988245845	0.42344069629328385	0.12971550401226287	0.3079122791639808	0.7128554523017078	1.1862432011681343
ZC3HC1	0.555970499301544	0.20197749073391563	0.2854683151942368	0.7253121694119412	0.5109190446454879	0.29962948428937614
NGLY1	0.8179809196954596	0.24652985543427047	0.9563293220177864	0.1436026050419206	0.8210226636816592	0.39712314325262715
CHTF18	0.5010195439972948	1.068560896374798	0.6948788126363687	0.17512187647794308	0.1951528180652002	0.20870208119718592
PDCD10	0.6487474901866151	0.29088803286538206	0.8371028796189187	0.2707030030441553	0.6021796769272484	0.7587858038934305
ETS1	0.44948051209578366	0.564048748993569	0.35018041639360453	0.1517429727787613	0.09907898949349844	1.1560477057678242
VPS29	0.7489304980226971	0.5517049976153366	0.5433380108464582	0.2760683830508401	0.7632314543890223	0.4606482913226455
AARS	0.3206476991232018	0.820262159036811	0.43475215096749453	0.3701089379112388	0.9198700801051047	0.5952914928043833
RQCD1	0.718239792416126	0.6591309518684455	0.7402995232440516	0.2885009682473732	0.18658268076540388	9.1144062350782e-08
ARID4A	0.12049890182625593	0.6695829444535134	0.2251457347848066	1.0257968510914728	0.16318477126411624	0.6016675437732871
INTS10	0.6122308157542645	0.3082858217925224	0.4828601131849651	0.5552553434266908	0.08256934721097783	1.0878900181967572
UFL1	0.4318301972608083	0.39405655287585584	1.1753337068245608	0.8096050410196567	0.43115570851450385	0.004644532733455509
XPO7	0.6316146877984844	0.6783227831263218	4.160028828359414e-20	0.6532389437949322	0.6731690384658209	0.91533978233622
PTK2	0.502293100446906	0.5506043819049089	8.914039845792147e-05	0.3979896887941501	0.8333070528372762	0.8492954645056763
YIPF5	0.8290196567835476	0.6478682304134119	0.9140639762629393	0.40226349727976723	0.36813944713662655	0.30000965618932796
NSD1	1.2235041652928174	0.9504256212970862	0.5404403688124213	0.323339895849023	1.107636818780617e-10	0.2725691779486814
HNRNPR	6.196160876955052e-20	0.7224568454109457	0.5302104149375323	0.7261369881372184	1.3311390437509896	0.8270559699971027
RIC1	0.07439136632888738	0.5416511018279051	0.46991541815950344	5.371589974794491e-20	0.9296925449883993	0.28378856007514575
N6AMT1	0.470618871593214	0.7113483400103733	0.5813636325938596	0.2878277702400534	0.13030088588295277	0.752035906021481
ISCA2	0.34720928300889087	1.0053627260234594	3.148927644540184e-20	9.48223929543629e-20	0.5239827272767636	1.2968123475675393
BCOR	0.1824565730290962	0.43375123734850063	0.8628080620547786	7.273805850302095e-14	0.25883920437652963	0.4749450407276141
ATXN2L	0.38747797835113207	0.8739365519695725	0.6785872803974622	0.26544393284324297	0.07329838268167556	0.7314358651596089
ASB3	0.7926925693386004	0.49796255628005287	0.6554278003461295	0.39025902378366173	0.3969183591509251	1.4025222452791628e-19
PIGU	0.692398541862066	0.2733304071448955	1.3276592586932213e-19	0.6396799374314822	0.79995820400213	0.57500335959009
PARS2	0.4258368552481753	1.0770948715397628	0.44500759100231263	0.47989883763822816	0.27613846177089774	0.32395910100885794
HSPH1	0.48903453168896205	0.4712020893565138	0.1578312853820871	1.0080206154439193	1.209659658247683	0.37819817786078663
SLC35A3	0.42209776975368596	0.28372525100926127	0.7330211120568646	0.27348496659934174	0.7915952321409608	0.4713327606665481
TBC1D22A	0.605930359238146	0.6146031165714158	0.4526171127213993	0.13775762107621628	0.448159832301134	0.682641933810062
RNF4	0.45054266472320637	0.3376301904861559	0.7125114817458984	0.6972613347890942	0.8323443582473512	0.47657193709790396
TDP1	0.5829648278278259	0.8097654304783904	0.3851536078225753	0.9749911151783651	0.4380813034246613	6.966966507039653e-19
CDIPT	0.3187542788304838	1.125978175090868	0.5924267057320194	2.5389136509293143e-20	0.17108716767334675	0.303864532888407
PIGB	0.6365778610229506	0.14625980976411104	1.0137997472055928	0.7339755075388826	0.24047059596389556	0.2506439035873826
SHARPIN	0.6393558158142979	0.2832500157598673	0.5628129301315736	0.5408784885874259	0.35682279553461854	0.5618574465928208
PQBP1	0.3020160127595653	0.33837783041147124	0.26305349506659464	0.6684842404528926	0.7480327431454189	1.0815152296578683
R3HCC1L	0.7574366703938321	0.38882407180695444	0.886947028198247	0.7207958980470817	0.6856174254969032	0.589450270831018
PRPF6	0.439752387752015	0.6776179800284654	0.3747588597759438	0.48019763961527956	0.48416480348772295	0.6624201050143432
CAND1	0.251405628249323	0.6161693352291532	1.1458420082792375	0.10011033394397445	0.7797232982892526	0.3293710876258036
KHNYN	0.6008243885345422	0.3740894338947387	0.6447632860887669	0.504468804815366	1.1059779880624205	0.5152240717437401
MED19	0.3458822488701547	0.5655827222568323	1.3790565204117031	7.815236941223248e-15	0.4240332554204414	0.2535058865429275
UNC50	0.706044385497232	0.7939973227084072	0.446589340483623	0.8934780079470532	0.6770928884725815	9.194996068828108e-20
ZC3HAV1	0.7448078418314854	2.880906741736127e-14	0.35953020514580203	0.37645086829025914	0.6433095610284183	0.9660976594319
RAI14	0.32227994184130343	0.4401709434783207	0.6762422328822415	3.8137798247230877e-20	0.4660836715821596	0.7818044899874983
PCGF1	0.47582771426735454	0.6215222104947713	0.9032111246807002	5.5243875315224575e-11	0.7105165047609309	0.07727112333889673
TMEM117	0.5752384842365151	1.01835277631704	2.038683607947502e-20	0.27307928832385414	0.06562420105032399	1.2882222212860142
PIGW	0.5502137750250653	0.019969139739578003	0.7931272154306157	0.8185609567516995	0.16942958708192418	0.9239953007940298
TCEB2	0.4474911005770149	0.5963091953925798	0.4740983642665829	0.38441632878254633	0.4747952382263527	0.7271858101089562
CHMP5	0.1377793636267305	0.10440566172423142	0.8419837545584095	0.4263039164552479	0.9652630908491395	0.3854885705087089
TSR2	0.0970563823237207	0.7976877168244955	0.5434293570029377	0.4568847244498804	0.3767761909239709	0.5177725467119074
URB2	0.46170386399712177	1.0322362901398696	1.1408491481757208	0.04569959349864996	0.3609570703831653	0.09260048768966928
LMNA	0.21618940049098045	1.1286570469815338	2.1957958840471088e-20	0.6250033231337061	0.5884455969390646	0.46826409281376363
PAN2	0.5291977987156661	0.6086609027919786	0.8583522333682599	0.17429480492174917	0.47580691440912204	0.3653915088308894
DARS	0.3525117517635439	1.218360062022387	0.5454163190711729	0.6151690042658728	0.3775853369432815	0.29502236654125946
STARD7	2.1142559699601678e-20	0.24733004201585526	0.7168148781967769	0.6233586711197017	1.007744398656478	0.8749501280370569
ZC3H18	0.42609444089629395	0.9066493813189376	0.6157236946033164	0.044847536942398576	0.30885730541247386	0.31510479783341333
KLHDC7B	0.8636638753023925	0.6366885365154152	9.034423175655169e-20	0.06956791316548107	0.7894224891897325	1.0365867830044917
TRNAU1AP	0.6542798593831103	0.46170526181705307	0.7393899723055378	0.6643804456185405	0.6619833585921099	0.13936638917923283
RBSN	0.5781670114566224	0.7030286638311658	0.37043980938171506	0.9600178118139358	0.6666573226527025	5.238250386370816e-20
EIF2B5	2.5078740656712455e-18	0.7946226349778387	1.501242539292125	0.6671896131657283	0.06506299650835999	0.21557541602481764
PRRC2C	0.7535989532472765	0.34645175092779334	0.6941497604883428	0.7727825910173095	0.458341906826956	0.7369522107434747
MYL6	0.3946713080385265	0.5443643483371243	0.5074304424701904	0.7181751988464644	0.47542804375071873	0.6250279888872632
PDS5A	0.13813146096948364	0.6005446551367086	2.8526899393512113e-16	1.0368142236209372	1.0741306467971588	0.12593414595600944
TUBB2A	0.6582993144314211	1.1781954443884608	0.14444575348913996	0.3673692839188866	0.6223408580998305	0.15973537359856796
SMC5	0.5936372447480287	0.7840433069151665	1.2130059144382934e-05	0.2743302436938202	0.2283209650648947	1.0958019984476077
CEBPG	0.243342574813327	0.3425368293966251	0.8589566671648251	0.5386418595895294	0.49240660967355604	0.6106962859197156
GAS2L2	0.1944600065240204	1.1552866725644977	0.6759602754858617	0.1722884136281752	1.0602803248599808	4.9261145460621474e-20
LSM11	0.2502386055925245	0.8228279077482048	0.8849116029301178	2.0039132847295623e-20	0.7011431775748881	0.30823067057060377
ORC3	0.4393781213604192	0.6321145621577585	0.6399307275015891	1.3357945898278615e-19	0.6445786455052731	0.7143204450392031
SRP72	0.2794219046665834	0.5385029531504265	0.7225137766389607	1.3294694662231965e-19	0.45263555140791767	0.9006518433801469
TOR2A	0.15455279080515896	0.6692274248079942	0.7346845130838174	0.6239465791474527	1.1557261972105457	0.29397275288401137
MRPL50	0.31463786945347877	1.0212624832672748	0.5548213418991886	0.1633767414231352	0.47275047412279236	0.6204384413503632
MINOS1	0.17967273129051925	0.6737533422530446	3.942941387794405e-20	0.1830118145875631	0.7477076301056939	1.202247435609108
GLP1R	0.7279609886287809	1.0394215207735975	0.20786601771311236	0.0883223178182504	0.7687904257884942	1.0025157816894419
TFRC	0.28411178585267416	0.7409105121817691	0.46649681789753633	0.6332766289245957	0.5503714065859315	0.670849740588673
INPP5K	0.27855908014111275	0.9537662509352078	0.4979118674582332	0.5842823381442172	0.7062551401519014	0.404968836561544
FAM50A	0.3621337142946222	0.9326993016940309	0.4356936998239158	0.18637062048586098	0.6319245037825989	0.5746735073681811
FBXL18	0.5767633353666943	0.5223002594725711	0.46420447066975995	0.9266577929607789	0.35755480679991586	0.643195721237247
PSENEN	0.4005745824707032	0.3201115329194919	0.530422840394854	0.3218621193682275	0.8931937467842783	0.4345634167618717
SMARCB1	0.5499032530586672	0.7474651054583665	1.4004508699273026e-19	0.22683901634200418	1.4594046214256993	1.066479995935362
USP18	0.39463901142408286	7.779525287464802e-20	0.9114504039662636	0.19301978293394303	0.9529177145947272	0.568229812799557
FECH	0.7407764967491254	0.5085858848805074	0.746880639936339	0.30476295950760174	0.1485792626988003	0.16992745145478466
VTI1B	0.8437198726113526	0.9896669583724574	0.17736233973952065	0.3725195261072407	2.8766925518923586e-18	0.8247641720800374
SDHA	0.36554668214375013	1.2330068849951654	0.04874040555270844	0.3737662366468883	9.913019802798955e-19	1.2388489040727007
DDI2	0.6511816032841894	0.6720424391338017	0.24244462341764925	0.6840478257830875	0.6773946883840443	0.6227461777826564
TUBGCP4	1.3235614597186949e-15	1.212923842006855	0.9605332462838717	0.014573286297220727	0.23913594287353993	0.09644748221751426
CLUH	0.7359832749830268	0.7719227920668891	0.6157559347837477	0.4099336949190765	0.14241241154757106	0.16065449609617777
EID2	0.8148144828337172	0.8070300319233522	0.350431405969963	0.31647801098950074	0.04259185599010743	0.7782798327951718
COX4I1	0.844453295481901	1.0547273862666842	4.267447097446036e-20	0.10341913207773208	0.7024043018274664	0.8880578912909083
PRPF40A	0.3833926356822146	0.2484356180715835	0.8249838856586723	0.24727002344593274	0.6746380127981608	0.7212054780205118
RPN2	0.8454046938147469	0.8550301212289686	0.1953158753796888	0.6735169359502349	0.7041961752725462	0.5908065859906145
MDH2	0.048745425305088144	0.8689568872382344	0.7681479629249284	0.5705040060626156	0.9057423036285477	7.177705751092768e-19
EWSR1	0.5789580691367493	0.4055289904097412	0.8146573894151776	0.7221187383261157	0.7129356452626386	0.26814810442990994
KEAP1	0.3220051699634473	0.6695306550734162	0.8351668216270984	2.1874052547314802e-20	1.0045610538474445	0.46198043705488895
GPATCH8	0.8076940257294749	0.737099874697341	3.972780480595219e-10	1.0103116268345613	0.8916641707316493	0.06825486936174834
WDR7	0.1450368861130627	0.8543871796780677	3.590011705740408e-20	0.2406093199294994	1.24573851601134	0.4932239265693946
RPIA	0.8249127359684706	1.0428570884836141	0.06892676004866181	4.657317440625022e-19	1.0672355213291296	0.3749602465546002
OCRL	0.48603186643425006	0.7080321663179056	0.4185710304416046	0.9781811933305679	0.350723380224225	0.5525065264659897
SEH1L	0.8093018184638359	1.4839318789936948	0.6169520845416805	4.938437868681793e-20	0.20243776657424767	0.48324918479306217
AZI2	0.29989531371005235	0.529202565496878	3.116756693529387e-20	0.7547525726228367	0.46234881231557273	0.1634253393687926
PIGS	0.5491009928421555	0.32791240558422763	9.04134980452005e-13	0.6675808345380103	0.7211448116260721	0.9341004220913897
PGLYRP1	0.29773614546248317	0.76357268468425	0.33947884453102845	0.5199196319999186	0.21086461260279277	0.5432229408949688
PISD	0.12945237624748046	0.9031187098097165	0.7354189105632312	0.38561039512504103	0.6385380784845972	0.286359155341938
HDAC1	0.8019861857770003	0.06633837667175925	0.34033614188867795	0.4883526223732916	4.982214758044422e-19	1.309274509175652
NADK	0.4237057731474971	0.11008990545721763	0.1114723740520772	0.5230682972085186	0.6706564424827045	0.8539232967665249
METTL3	0.4693176858180531	0.673547683662669	0.7181605114938779	3.043984627548205e-20	1.075730531463017	0.3234577345945198
LSM10	0.13032134403619286	0.8192611699990341	0.6968922488957174	0.08584360787206964	1.2577050805793755	3.673377587839209e-11
MTA1	0.5804515654796191	0.6567070908653596	0.3314913219418761	0.571389880238969	0.5967192249327641	1.018133726908769e-19
METAP1	0.30225512964932233	0.8438158961812242	0.551940889888585	0.566749705712501	2.8028774190157025e-06	0.42617718258990195
DPH7	0.11135474301007886	1.2274736542436115	0.07178836667454178	0.9182242744868694	5.2283341944427145e-20	0.9269863922245701
GNL2	0.10034709328909926	0.9066022386648425	0.1684749437540575	0.8805811981808976	0.33289692551981903	0.8027352556800607
COPA	0.2268040750282453	0.8297057376559399	0.84233696186184	1.0270712341434949	0.20324648780097904	0.04058894112949424
PUM1	0.4227716901564476	0.29273194709484757	0.7690512194269059	0.9685747999115485	0.25578873111459505	6.035171606839046e-09
PDCD6IP	0.25733768414419095	0.18608135542517057	6.400707832021438e-05	0.5851329084261023	1.0520925904019998	0.8626314825239688
CALHM1	0.2191634684559957	1.022748195319287	2.8375930941260848e-14	0.20414517400990514	0.8203221482339269	1.3293513307802525
RBMS1	0.047673903968448075	0.26260149848091363	0.3244129657679686	0.6111178221666524	0.8369602480788751	1.2521616832421016
COA7	0.306104551613681	0.9298782874193269	1.690519341293844e-20	0.08050200177276304	0.6109713479467428	1.0580587150380791
MRPL15	0.1614910312675181	0.9946104718834767	4.1146193764065334e-20	0.46671606284465006	0.38830880821183633	0.9693793174884255
BRAT1	0.7137221237469628	0.38711642623241477	0.08849096839316449	0.5789477569637796	1.148718884977405	0.37084084909213966
SACM1L	0.3710581419167695	0.6456884205727149	0.47565323749966243	0.4347902684169755	0.9652836869848572	0.39512444071070474
SLC25A22	0.3104324653799511	0.28897972472692773	0.5466400291816762	0.594881195351199	0.17522494462084282	0.3140647645291254
ATMIN	0.7257306474794194	0.6696103236185967	0.6568959698023127	0.7697402771301926	0.8845823910543144	5.683274464075415e-20
TBX1	1.2349719293770889e-06	0.5655857695544759	0.960978912165385	0.41648721342961725	0.7108651466536643	0.20129090144247122
ILK	0.7116703506665746	0.7406450066626376	0.2547886655900839	1.3515583918377696	0.18873263122000425	9.323803780060153e-20
LIPT1	0.13941157230078915	0.9045231453038549	0.6232745224260335	0.5343681599558022	0.6781642249503491	0.664945810468716
ATP1B3	0.7730948785040194	1.0411597676982505	0.033080191862249475	0.11359076958364327	0.35862626779576734	0.5894451716629278
DPH6	0.44181023769120115	1.1621437354557311	6.039147928413355e-20	0.22733638072481968	0.7691743036655355	0.3499202920367976
AHCY	0.6890647305075159	0.8100751197708862	0.5093337511468368	0.5157537171993546	0.2522713239693996	0.35537829442646757
VMP1	0.8700911368246802	0.8484172602857661	0.32899456315594	0.09467757861827894	0.38163581541079095	0.7716018431445454
TMEM259	0.5046899515931668	0.8675650731621339	0.7959450725506072	0.3472973986589081	0.36331283972495015	0.6073002679073318
PPP2R4	0.1305627250225484	1.1471697052256464	1.2769659164680145e-18	0.4037885301462888	0.8402337358381996	0.63296810873007
TSC1	0.3929436616407799	1.1867006764500752	0.3214388274730988	0.2331328417401563	0.8824250137977777	2.468272898630678e-20
COG4	0.38497752792902595	0.8565932354098049	0.2189810225565946	0.3747413850717576	0.21130271455771527	0.33972346272348736
URM1	0.3650358253469454	1.1172626895514943	0.0620695286632162	1.849573947069614e-20	0.3441901261219334	1.057856609289868
LIPT2	0.5117448424457292	0.6609863874537044	0.44628998717908575	0.21082413337910502	0.6016623812739289	0.45535341562274856
NOA1	0.35149028354479583	0.8991366851927034	1.0807096161523153	0.5177408713344902	0.0020739470697834065	0.48405480547610497
POLD1	0.32745089991359694	0.6428792718273891	0.880784513776892	0.6146701922021872	0.4132363949749139	1.2353429376120232e-19
MTX1	0.406654174190925	1.0209717671482788	0.18897082110262856	0.3097504785115659	0.2124854791280595	1.007931396504671
ATPAF2	0.10731048969255717	1.1960830453013391	0.8362192461985151	3.2520906643131873e-20	0.34691540127406867	0.4303584631326662
DAP	0.4982965224205431	0.9046256533398225	0.8036903899216039	0.27314700150452226	5.976217957261418e-20	0.6541056026353054
TERT	0.6191302225594054	0.8032045142902725	0.9058607696157435	0.4442552233726946	0.18115013754802306	0.3483111476994891
PCNP	0.5666740287606777	0.6564535500180076	0.29730306650896376	6.052690431867881e-20	0.5452807265726003	1.1232617794045625
YAP1	7.815103251340148e-16	0.169454019641263	1.0667818308411836	0.43758546378713187	0.10452379684657273	1.0286188990924563
CDC20	0.26207136684174687	0.5438657244069736	0.5978227715705192	0.7638398605476973	0.579094779659284	2.4772391226485053e-07
THTPA	0.22219865300299324	0.6701315590661545	0.6572226586174597	1.596023096876115e-20	0.7868490731522544	0.4677312949339831
RPS28	0.2861488493439247	0.7913348637575087	0.5239796417184197	0.9870308280727601	0.6157581188787175	0.2865129591499074
DOLK	0.27185112424865154	1.11996017124872	0.4922772327684274	0.13980661256026056	0.44854525219795444	0.37226069848718046
C1QL2	0.43947214885197955	0.9650897637937038	0.022200538899424676	0.8541601301644636	3.034338347475206e-20	0.759530226994955
B4GALT5	0.1688395033350963	1.0667330557398322	0.759082949693048	0.3381485295726124	1.1433678346785485	0.06276649386529864
VRK1	0.577043761482992	1.106093574509648	1.9899972019121318e-17	0.3097278019036201	0.5866337591590013	0.6314756245743347
GFM1	0.6805029210903724	0.9111324465220054	5.585312812167335e-20	0.1415044584850308	0.33488046402619304	1.0381475162393203
SIRT7	0.45500988617913235	0.8052221213116006	8.703080775795292e-16	1.5061671979298856e-19	1.0423426638831745	1.1427709962995947
IL18RAP	0.44669650915448506	0.6732250690883367	0.014304755169118666	0.38815839897231513	0.15491000009409286	1.1871706399586783
RAD51D	0.4002369592634478	1.1810942419572494	0.5969480202933539	2.4153533768517308e-20	0.3525705028915592	0.24321391079200785
PPP2R1A	0.8595715845591229	1.0396757542382815	0.3214662158063447	1.7460713769576704e-16	0.6153269154572025	0.44891713012055806
PHF23	0.6872324038504826	0.37936656318694384	0.6844449865690283	0.1273407226263293	0.0019060896024467135	0.5792939855129489
TPSG1	0.8450688976493751	1.2140981464064582	0.8742185050068928	0.44435533182080744	2.5769656850674353e-17	0.3913946196047349
BABAM1	0.2971504190405043	0.5815207426962632	0.4005613085237759	0.42525174856236425	0.03514554758207505	0.7027283812299103
KLF3	0.07024345633102766	0.40299799063420555	0.6293113935962675	0.6124153177886275	0.45982460273176473	0.19674701382566415
NIPA2	0.9707150829193568	0.8107873723194438	6.62776565309932e-08	0.5238576979751017	0.0686065659426426	1.0069815580912453
AURKB	6.102866642731099e-08	0.7953532684497189	0.5096885144906789	0.4796924282251904	0.34473029975453756	0.4728798549815326
PSEN1	0.05431893988611001	0.4487380975235196	1.4836550594205486e-19	0.6742226540402786	0.6503037744892437	1.3301181807609594
RMND5A	0.6448742658815718	0.8772749691426082	0.35708032760620434	0.5711685749717662	0.22932600186932267	2.377414930145557e-19
WWTR1	0.9354016515285438	0.4649755172349943	0.07326435484769322	0.9246327366319694	0.18290465560634045	0.40822269731672856
SPRR2F	0.6475924099382966	0.8287084209417328	0.19963753605486007	0.8216679944828396	0.833283803188987	0.2291311729008189
NFRKB	0.03628819317947558	0.503353718872999	0.9598594249615346	0.24916787879394794	1.466440862859169	0.056657081352922634
CBR3	0.5663659683233059	0.9053336348852347	7.30691923322169e-15	0.3820565990097621	0.9870100663355897	0.978441007115076
EFNB1	2.739331174925748e-20	0.9684445833721164	0.14606502272542107	0.767586763681343	0.4850588835545472	1.0605024504545566
RAB35	0.3215088982236291	0.7077753534593368	0.9937715057554614	0.4643260666904067	0.17979322525512773	0.6636053576901063
PIK3C3	0.8406321770924455	0.46617742268727735	0.06392337478464709	2.0200248829772266e-19	0.6986610877620087	1.1044635655516941
ASNA1	0.6543279319778182	0.7120806034849673	0.45407874726570774	0.4518586794347653	0.8596314854847322	0.3050178818137456
WDR45	0.7458149481527027	0.8535449490504207	1.8227107263406825e-12	0.04979101829442223	0.5759003087581293	1.017456365840972
PPP1R14A	0.299417257225831	0.801779641408536	1.664587358330056e-17	0.7642481327802438	0.4745404739818622	0.1259760557179319
PPP1R2	0.7340264102202486	0.4895238267810686	0.17473235369169188	0.17465571092678278	0.9197503672372778	0.9655632878104128
SERBP1	0.42378587873313817	1.1304087781671697	1.3388287332074358	0.032840824159233215	0.1619499062423909	0.46542751072582905
SLC4A7	0.21048582690474255	0.49079428630681887	0.5350635225428937	1.023969248259608	1.0397649417186838	0.288401994862226
PAX3	0.3644255160468214	0.48557339426608886	1.0954357686519436	0.7025549823957677	0.19701440557292563	0.47583955363682734
DIS3	0.09872128306053916	0.7255990692881826	0.8827327860454146	0.1974473525565567	1.0635244622596842	0.0978200677153144
PRRC2A	0.2887399047562499	1.115153199815065	0.30537618831503344	0.3250531064417176	0.644111277755687	0.14258415546568265
ATP13A1	0.7717700684944768	0.2564434577150989	1.4837104439129313e-19	0.6226741724426618	1.2088356008670231	0.4287743735001705
PIGX	0.6310977983413399	0.21556861328224278	0.027922828518125324	0.5582863915642333	0.3581133758755759	1.4117021976254784
COL6A6	0.8548161125850967	0.9143234851321244	0.5827148481241059	0.7468793567145093	3.438697688600488e-17	0.5537081668142162
CDS2	0.00015492604952710705	1.0376788936227719	0.9719225605342449	0.3247529537148714	0.2071398171327008	0.008893431899901234
PRRC2B	0.5956013680295887	0.8814391465526061	4.7921146402073636e-20	0.12333920999102149	0.579436317666301	0.9609893414048092
PIAS1	0.7430263536891605	0.8626927850609697	0.21429512756686483	0.6235346295493237	0.5547468624549065	0.48397008710830386
EXOSC5	3.2191878081375507e-20	0.9723193312168645	0.8767211036333621	0.062245679944315326	0.7285620677510938	0.29701320127869
SLC25A29	0.4201455013479409	1.0906076985240298	0.2348896424119674	0.9290663794861639	0.5454942187036378	3.9840886298221126e-20
RNF114	0.640103303011838	0.7687147565780503	0.1365306753643587	0.7356185374650377	1.214926936889879	8.046794650894852e-20
RPE	0.2623199264411858	1.2050678738182319	0.022582447494179158	0.9284695340806121	0.3605267819903977	0.3735580856048883
UXT	5.7365170587050115e-12	0.8613512900666638	0.7529201271329056	0.3054871823719088	0.3989079845658518	0.228690714617465
SYNPO	0.5041689755033476	0.8282218833016963	0.6129759501957074	0.4622908912253296	0.10616193042544149	0.463354146518944
NUDC	0.057426025327705736	0.8983182369092351	0.23214099549591005	0.19346880138605127	0.8518831762868442	0.789502838771233
RNASEH2A	0.37882484999146143	0.8095291748537466	0.23705189846555846	8.137899938379428e-20	0.7973512888803038	0.2695436630123761
MRPL47	4.313406289082915e-20	1.203879542111764	0.7123846868941562	0.16689711019740847	0.9137435602122433	0.2779683788361285
DUSP23	0.513763688781267	0.8221294958412501	0.41073770724611824	3.034249273437612e-09	0.6681652443795736	0.7953949184764498
PLEKHA5	0.5953460772619034	0.6891041284570364	0.30204819369741914	0.5699997325853352	0.5811626410146686	0.6072544452503612
MESDC1	0.5128757283242305	0.6980426950478645	0.772640761697515	0.8821015297433159	0.30095862175911453	0.1516141944287961
D2HGDH	0.2904341362377966	0.94754953513308	0.3761830594989024	0.33742530914915797	1.205881650121791	0.055171633853176846
OGT	0.11436121888970559	0.5995939934658175	0.5394113605589818	0.30891019865252295	0.46728100475499906	0.7974739235577384
DIDO1	0.81404048687023	0.497245235017751	0.29400085488079336	0.2055553879208997	0.5511712314330405	1.2681205982450083
SDHB	0.38305783766065254	0.7469153882671287	0.5378834409263724	0.6189509941221214	1.0225137831484634	0.05468040735536227
CHMP4C	0.550542821609758	0.9453212449184659	1.61747504913669	0.2361681836905217	0.029996085339585685	2.8141764020410287e-19
NT5C	0.8206713573289941	0.8776989080387473	0.8412031009878932	0.47313464743235145	0.25997845786640505	0.2374022347738443
RASAL1	0.6753964058955519	0.9357781356400479	0.027265444723717773	0.2522895250917051	0.8791757821355365	1.0346413374896646
LRP12	0.41748980288327014	0.7475278332378342	0.6047509163670305	0.21159527978507367	0.7817134046304309	0.6658924375709396
INTS8	0.3844057565264439	0.876304780017057	0.5377378062927408	0.8983844348024891	0.8429241240162785	0.2653744127821788
RNF168	0.8584499130105943	0.8812724839744043	0.13535629749729994	0.6121720399383017	0.07041092718927607	0.16610687953287015
ATP2B1	0.0004331364484475559	0.8981363878724374	0.9088285776770099	0.22900183725021045	0.7594837635602767	0.5922256345414129
ARIH1	0.2230692491453661	0.7133312988170755	0.3391396372275511	0.19434493731558156	0.6867332031709664	0.6084343847177279
RRM2B	0.5457808143668115	0.7309878378414604	0.32218932258075494	0.7662986155492977	0.21593667618871826	0.5835064680177637
TAF6L	0.5012181210892603	0.857542430923604	0.6616812233377961	2.7842282426911406e-20	0.41843292004483923	0.6455356144728607
RPF2	0.3243992935300155	0.8549727583527625	0.6511551758659183	0.7289965065019774	0.3807229835847157	0.3709105004844405
TFAP2A	0.401719527677037	1.253106970570529	0.2351905453666071	0.7063979042390518	7.108313790498697e-20	0.5866195977434407
BDP1	2.8033661175081025e-20	0.9341021004452524	0.256481276864488	1.0679342788978292	1.0178881126708699	0.5858042226883146
GNAL	0.2290664352644541	0.8908176999807063	0.4144313633172071	0.9998454923577169	0.5300996254220065	0.12786825464613347
RAD51C	0.25323161634710484	1.0122423350033025	0.07206670141178714	5.3778906430706334e-20	0.6807302532853448	0.9751154630972543
SIN3A	0.49715442957753503	0.29353939590938244	0.31400096347841416	0.6750661240105083	0.469877697210359	1.2135590894129917
COG2	0.8640383865843585	0.7201280690195037	0.06624955223582861	0.17293511585570231	0.3608309441875679	1.1381469611505006
TSPO	0.5728299553768503	0.48259884960019567	0.4038584906075232	0.7811690534209708	0.3508171757563892	0.7610986234842855
RNF32	0.6851692164914363	0.6630287506607805	0.4835217892513279	8.156356900174734e-19	0.26424529350781883	1.0499958646079919
RPAP1	4.722419299709828e-17	0.943312521769444	1.0919216807829002	0.664532911138139	0.26137050861750366	1.5199387313849915e-19
TAF1C	0.1901246064682055	1.1049540150009303	0.42556251344324975	0.1298264720865232	0.8908379920189422	0.3238981873710183
KLF11	0.5919235829618551	0.9117472841533768	0.15057495666260987	1.1936220857888888e-15	0.46997550065190213	0.7326417195833322
RAF1	0.48465543807600303	0.4152631821793868	0.8497127225441337	4.989234633304009e-07	0.7629321314533241	0.6032026747036622
EAPP	0.0008894692948129496	1.077691559411976	0.5634129946412455	0.6833595426319365	0.2989244956027239	0.2626148369579877
NAA15	2.4830146511629596e-20	0.8865232005782433	0.4678330380724537	6.273985836769779e-20	1.2330204121988406	0.4876640978989966
ACTA2	0.19836636842180877	0.7765001383015012	1.2395904063058703	7.606955445499409e-20	0.09242655380328053	0.2894981723047853
METTL1	0.10554126472441935	0.6208033561382029	3.280238129655678e-11	0.07325851792040297	1.2443324045926913	1.7562521819111634
BCL2	0.48121523481748824	0.6989787251874068	0.36527759865048687	0.7131318947031781	1.040537619886377e-17	0.8168018719739788
DAXX	0.7237384659411465	0.8977469657431576	0.4589315209148663	0.30448460667642635	0.389325829820791	0.5379636082728758
FANCF	0.444212177841923	0.9719452232031843	0.6594611726700081	0.3562895881227363	0.5018306668269121	5.3068690151602736e-20
LMF1	0.39378195281065415	1.0837834254409477	0.3009732448356205	0.4950258097483823	1.054305436654481	0.790309127313147
TUBGCP2	6.310699542333884e-20	0.7940670698629314	0.5714743557098642	0.03769514055411313	1.0796328004835818	0.4361494803663338
EFCAB12	0.3842420883043625	0.3830145843211248	1.2472083032141699	0.46238558008209196	0.2675708613823105	1.4467362420970058e-05
NCAPH2	0.990346381498988	0.9308191355247213	0.6398392280365139	0.13852536335948976	0.2663174043893728	5.105631135368206e-15
PITPNB	0.2783202882713931	1.078085241409591	0.454824465001479	0.7261449062575747	0.7064811121120194	0.15943984683034557
CKAP2	0.4261020146346333	0.8803574984919172	6.128762183428817e-20	0.8423243183668064	0.5860750180648363	0.15378171694047663
DFFA	0.3454906672529205	0.9722965053894228	0.01590105890559778	0.5597871600708173	1.2844811201717557e-19	1.7007645551343828
CSNK2B	0.49214557016174715	1.0147111256383603	0.94121271331025	0.1686963425875829	0.306036553224787	0.014655217344768262
VGF	0.3356692460116188	1.1925147350556158	5.260116032014838e-07	0.45388755790859864	0.5034058630284997	0.6929920574976912
FAM43B	0.8099579974066352	0.5692112182595264	0.4274737037826018	0.698069297937222	3.9399795043515424e-08	0.9104159544191546
RAC3	0.5723304964253969	0.6981584766311446	0.5317572903949536	0.3384575292296343	0.25792954846395805	0.21505837404822176
TFDP1	0.4281662898273125	0.8857122989706862	1.0532947313197523	0.14234515324396563	0.28463219443795096	2.4908891107408965e-14
NAA16	0.24923429835528985	0.5452817415521068	1.1836133807829798	0.6287495087041478	0.3046081187679332	0.2511804510583047
MIDN	0.509533251761802	1.0579434063729882	0.38867270988367986	0.2094355710864502	0.9032583145660923	2.8969743939731637e-20
TICRR	0.6329735623658983	0.5620301802957008	0.39560128794620847	1.029595956088661	0.0900017253502629	0.5437581408265243
PQLC3	0.19335526996885835	1.0365792510823137	6.039407513607906e-11	0.4079512240528174	0.736065361408542	1.3046947296449454
MAD2L2	0.5230933217726572	0.8464598247527375	0.5129788591915724	0.3893082860725464	0.734061656809619	0.19579860241159938
CXXC1	0.6343209518490021	0.9035201452165574	4.040622667572876e-20	0.8148755749851831	0.4953223601977169	0.17145172432481867
BYSL	0.49119291163403017	0.7968009182052229	0.8464886607317994	0.6410198053242742	0.2768073892241356	0.3854365427444393
NLN	2.2693052728358484e-06	0.9163338231357409	0.3867762857631202	0.461378076625559	0.4740268278289846	0.5618660514313416
ICA1L	0.3189101783701264	0.740213740383625	0.022288676052597222	0.5143446343361857	0.23028396020088865	0.8848795111047173
CCDC47	0.15929511675715627	0.7425729116861897	0.4812812330320548	0.3592729069701865	0.5977404599017476	0.29120967148079807
CYBRD1	0.17324670569693723	1.0409307337748577	4.907792924181027e-13	0.3974287231209043	1.175685682590455	0.18667426235013554
MEDAG	0.28482354464597864	1.1381044446422468	5.094326846719087e-20	0.8710682582956215	0.821627769019914	0.17299272477450645
PIGT	0.34476441104864597	0.3357864037168805	3.767167649824718e-19	0.2564090361961012	1.230415341525702	1.1275339105497517
SRM	0.2140810360335166	0.020793129567488147	1.15140736246224	0.49349015240778327	0.4085210322585822	0.904900674948335
PAX5	0.6497717856667868	1.0722694753336148	0.15804501107082403	0.37274354172953605	0.10651071729414464	0.9243117391449709
KIF18B	0.8025937657802028	1.0370493358975117	0.5239805872725792	1.1595082082562527	6.481169740121831e-20	0.08443563450469926
HSPA4	0.6930061157527369	0.6194238589105726	6.543549458021678e-20	0.49080704392502456	0.6624755905087625	0.5839182159786473
LELP1	0.17349762066761032	0.9688015595840006	0.229040274918416	0.19611246823538298	0.901822647624161	1.1204723002080113
EIF5	0.30687730938516855	1.047483624612962	1.2445929110472056	0.015264168409373237	0.24693613678706336	0.35226327375011646
GNE	0.6221890558332029	0.6685934345975616	1.0377589833899974	0.003413546734290245	0.8619343967545436	0.07525587929447704
EMC7	0.493469403961059	0.6368572257578708	0.45484775252930865	1.0428254727089392	0.29095876633758055	0.27452363769098964
CLTA	0.43838182030011785	0.5338992926131615	1.0147857253040808	0.18271509098665872	0.324597832764657	0.006841265603185736
CACNG7	0.1524588812483954	0.7878091205945159	0.8602885382458235	0.1343581710117445	3.410908015843789e-18	1.0385106542119944
RPS20	0.04635042171914389	0.5681007063000055	0.5251514490084165	0.4356923029193723	1.1267375319399981	0.5618509472774509
RAD9A	0.2865455933801784	0.7627456816683096	6.697587793218848e-20	0.23918138446437712	0.6283960749815249	0.89445098338925
WDR82	0.20000078604126223	0.7766482086974941	0.39085483459993675	1.0790758004439291	0.6436342465355787	0.04324472252821154
CDK7	0.2294793407415107	0.9209761683757443	0.421979651201733	0.1675647879458067	0.909515741793967	0.37742960380180124
SCO2	0.4936303512368177	0.6397972360436973	0.00577057116902308	0.5043931109101577	0.24808591590651605	1.0454749291513208
GEMIN5	5.88784025452635e-19	0.587354862930511	0.6040733218570541	0.4268626535790311	0.7046461328678723	0.5811722045757215
VMA21	0.4141958426148685	0.6404777457733857	0.5260720114811824	0.1271753069507426	1.2288646152082539	8.904318771313259e-20
NUTF2	6.014246136577725e-17	0.6002087548117513	1.033713878894635	0.5944604457426738	0.32456848674348143	7.9867421502334e-20
