Name	C0	C1	C2	C3	C4	C5	C6	C7	C8	C9
ERP44	0.7834991661159397	0.3915891930130966	0.37106684374490934	0.4610358456857797	0.6517813048137819	0.2187779022135271	0.9471355576759899	0.7191836498386128	0.44425917139444726	0.5325080396183692
FAS	0.00029808229439636213	8.392263651560964e-20	1.3209898626215423e-08	0.18710506377103328	0.588370502633093	7.27551500383956e-14	1.2650239622319572e-09	1.9819426015962338	0.730100542683721	3.80265232522054e-08
ICAM1	2.0324176613858402e-16	6.157201533338608e-18	1.2489571978173631e-16	0.298907183988889	3.5113145354635	0.014422053707296722	1.609162059538434e-06	0.0018141299936244334	2.0604709032670153e-06	0.44232062595784816
UBE2G2	0.8370698964234141	0.6788989811102109	0.26300074367901666	0.2721099451426691	0.285990107682806	0.5771307278141306	0.6280678942313982	0.684559853389618	0.19069967551766637	0.6978783954997725
KDELR2	0.9735930321042927	1.0420436998244362	0.9983080287688924	0.78360522323704	0.8765217679347451	0.7850144779101563	1.0684210791826563	0.9001007134081573	0.8249704486913517	0.9062701864439776
KAT7	0.7781727917197064	0.825729867979033	0.5884677815066409	0.1830407904038113	0.3007661736212152	0.6845943633218498	0.5518225895958929	0.3082354907460916	0.2131235398688756	0.5270766131108325
SEL1L	0.9477593009101214	0.15753625025592308	0.4852542830494731	0.8415351803794359	0.5087905553909262	0.3262284032615769	0.8614858548923789	0.8817938260953836	0.4105026954813067	0.7928361632984526
ELOF1	0.7732051015822234	1.1756735301084997	0.9769042730394827	0.5335056739542356	0.7070932044608221	0.7527697214339689	0.8394584535070595	0.6970115655565655	0.7213987405221769	0.8719599244636788
AP2M1	0.9710677086362723	1.2247596818949213	1.010652083082953	0.7523675228282737	0.8558844839934132	0.8432838018229741	1.0191468553789298	0.9281158666071666	0.8041792411733332	0.9246352766094853
NDUFV1	1.056697345795961	1.2356779787099808	0.9099950434543573	0.6105663799973103	0.8524203615334948	0.7694705697757266	0.9673045884192988	0.7192259267896055	0.8070951259083217	0.7543279264405132
PRKCSH	1.0601429670699136	1.2531259374782897	0.9421282707949574	0.7267973669990903	0.8643874984665948	0.8465317933777098	1.1273469588625717	0.8727828330932517	0.7837821944317299	0.9548039199043064
SMG7	1.1072599715053861	0.9699029997992014	0.5475931184564465	0.30778574697950567	0.49111898692352884	0.6411873744247636	0.7811822933734689	0.4068557197723028	0.43756775129765596	0.5593553430600225
PSME1	1.016071857724995	1.0314067648187784	0.9465331053169628	0.7578059053273681	0.917232663498583	0.738332655488267	1.2193661434293006	0.9020019708963796	0.8324781044316545	0.7406142531759199
OTUD5	0.7436276092569496	0.7739993317881282	0.5351096146585131	0.5658932035386531	0.41170560629674474	0.6048744290191376	0.9727791850551617	0.7226193621761371	0.3347706777712932	0.7428594472041837
LENG8	1.2722502243182956	0.7495100566902836	0.4764156340981099	0.55263288714486	0.29244916970134793	0.6369600352409136	1.2166258085316652	0.9383627801601759	0.29277176726010545	0.9334332877410426
RBM15	0.5710912608830011	0.691266896735457	0.3298245920908737	0.11215582326266647	0.466098103164573	0.33577832103057176	0.03335972973468599	0.12909994729670726	0.34798210283118075	3.5434656424332787e-07
DPF2	0.7974168517183463	1.1056987031934782	0.5291638828014567	0.48837371491617965	0.4625351856862955	0.6865177742178441	0.9103699574147843	0.6158611906863883	0.4831039598424389	0.5289385693816105
RCE1	0.7843482779231116	0.8651913895618487	0.6356317160107261	0.6103375963253528	0.7946792413778753	0.5427799855888893	0.849219596391091	0.2606928282725014	0.5790441435435414	0.001531129073418662
FIBP	0.9246649638335014	1.147045555036736	0.9048825363382045	0.6668554538088163	0.7099726669569129	0.6624280050513307	0.8116558902247317	0.7847024892451352	0.7795257821810002	0.7807142157930563
NDUFS1	0.8800915980965994	1.0192044890283045	0.7271675415158622	0.43586165051853587	0.5497607217077752	0.6808940248846483	0.4739514265242999	0.6233241067749771	0.8511103543612205	0.8068387392094055
CYB5R4	0.3808316222330272	0.5606059250986858	0.30454878568908195	0.4452722074198905	0.3508816745789972	0.5075090871251099	0.28519556776067384	0.40394837315471865	0.44588433075316564	0.15446639030575646
ANKS3	0.4260981449166121	0.27734237650145044	0.3689785475783441	0.25838533138755504	0.10258050614041309	0.2383625688558539	0.15000737119912919	0.3535897453750674	0.07345117621075099	0.2589638088320795
ATXN7L3	0.9394972822438715	0.8244716710369699	0.630601748982746	0.4743941565215715	0.3830456400517779	0.6675815895149302	0.8672950043671929	0.682401026185054	0.5301782029781222	0.6909953101828766
CARD10	0.041899208728488686	0.25254910166424427	0.5269961677226507	0.9478594638121695	0.3793232815617212	0.00043620452630378347	1.1114952707941124	1.3344984600283515e-05	0.6794160044856394	4.6206472271467286e-21
PSME2	0.9043013963618978	1.0833980949274975	1.0204428863762467	0.6923912744212464	1.0033085782043747	0.7293306295273112	1.0796621512287659	0.8746269908398797	0.9319829832294623	0.7115579336901368
PKNOX1	0.47744830837520313	0.4189097519874461	0.14162563400294284	0.07174306459375895	0.022390285154452468	0.26799642604329627	0.12228890523730351	0.43444259987602496	0.14051488309525756	0.3227142120809925
PTEN	0.7116604243557519	0.3490276514980976	0.3924230573996588	0.31537397763780917	0.16664782936521566	0.08466005047509531	3.421119993387659e-07	0.6183112532707609	0.7145489269374793	0.23634379929975682
IFNAR1	0.5878233216054153	0.2511277444738396	0.4718677905771576	0.34764662738017715	0.5145959574523951	0.43043691949489	0.3393664793038706	0.8230816171643076	0.37450959338455325	0.5040551129382304
SURF1	0.9753498028407978	0.5418926027350962	0.8247373316963259	0.30791162508048264	0.5963075920555584	0.4195969348133084	0.7600096692528705	0.3818926926786359	0.4787484660983218	0.45962258130301326
LSM12	0.551172083123556	1.106755055419704	0.7634580191751014	0.3578685604980115	0.6764080227042568	0.6427681676565028	0.3780788959113288	0.6131163834290208	0.9572470441617084	0.4086073790657892
TTL	0.1555895173751553	1.1556760751793813	0.29394736224578555	0.35972514543107836	0.1695251345312375	0.7887962729874458	0.04424846678248622	0.6529016661487724	0.5189141221128555	0.9342468765867538
SCAF8	0.7970636541390036	0.7884099726133582	0.1400315887149452	0.2975797346230776	0.11879325855675367	0.5586772283616434	0.5942524503091964	0.5942243289741561	0.17510526897176135	0.46263342471355223
DDX39B	0.4722378297078947	0.4997787163557564	0.19182040055965688	0.037366940892556225	0.1272915126165758	0.30451546290488246	0.39816311801758897	0.30020018531763065	8.695880551248816e-05	0.2670353470928976
SRSF2	1.0234268124251604	1.3246089051388452	0.9700222385551336	0.6549299642043557	0.8143356619752767	0.8942477425615062	0.964531839224399	0.8092144318089783	0.8640574452071919	0.8510175484750003
NDUFA6	0.838278716032105	1.1934334410781315	1.0555013816773924	0.5201366879933106	0.7041436108366678	0.7692453470690677	0.666998461748511	0.727918031228754	0.8710222730319234	0.8372073915949894
EPHX4	0.11527777291982369	0.18548842317411982	0.02440399674646072	0.11028329968706103	0.23364191346837185	0.14929218741539782	0.060440731508848745	0.0005817388505703247	0.48586676044891164	1.242612442537839e-07
DUS1L	1.0727794116510228	1.070739338751091	0.8085409061602761	0.4081725358213136	0.738053131412799	0.7687599187247762	0.9006251517193946	0.4797054123644357	0.8027949395205791	0.6613222000045411
ABHD16A	0.9422292621163543	0.33542431694855657	0.39253588640496184	0.1918578977947138	0.325150312069304	0.4034669979697857	1.2920100702649522	0.5141496958110753	0.2576055637702735	0.6724241007703304
NXF1	0.8286461106334954	0.8409272073537842	0.3802883215657377	0.3869081873431188	0.2242795563363848	0.6167441057629103	0.6956967838351337	0.6119608284774897	0.347796609695704	0.6318601053775909
FBXW7	0.6902552231905782	0.3320400058444597	0.13166068093839067	0.07033463044279414	0.05297924279369621	0.3412882220041796	0.18602210137567804	0.4145097410648639	0.10141368485217302	0.21519792673920562
USP4	0.32497539326854874	0.49938832953957024	0.23104633325027046	0.2587051277503297	0.20800270847580657	0.21317827768617773	0.4091013559169225	0.5492885076672518	0.49366953546706216	0.787558157375908
FAM117A	0.48986087128169975	0.3493283389183849	0.3248072833561023	3.0864493329135185e-07	0.2946109568828171	0.29396285890276225	0.03351237474817389	0.10689716518252394	3.1443431647029887e-10	0.08793554824821698
TAF13	0.48840746674369007	0.75911503180843	0.9483631640064996	0.5629142666753779	0.954833098462451	0.5331078853476304	0.16591828974851966	1.0928575148917992	0.6734885501488018	0.6775014931013488
CYC1	1.0348236358669387	1.3191036902520117	1.039678935691055	0.5998173504915741	0.9101735526554497	0.8417609413359443	0.9845200556995158	0.7807876600419418	0.9012069514890018	0.8314221461526545
CDCA3	9.209978698724987e-11	1.46776933074873	1.195374495026617	0.2867575025515377	0.9694439407669264	0.5725543552589667	0.21947700610884185	0.18579015630608758	1.0708439822034257	0.09682030786966943
FXR2	0.6633550386452385	1.0495155060100616	0.5328763663111795	0.42769788094812644	0.40723573296885934	0.7843691988770982	0.7206468126537637	0.794584792897083	0.20525961218884414	0.8729378282707586
THOC5	0.22548889856455614	0.8727526002434172	0.668579314656355	0.2248753246036697	0.4849124797243386	0.4885350600246019	1.1789166251316344e-07	0.2455918323511064	0.4052667746050923	0.5302375438284711
S1PR3	3.924919634424385e-21	7.987594116909035e-21	0.6901147803604107	0.3221754269366485	1.0243145160529597e-20	6.299338861655244e-21	3.919455876246242e-14	0.35870544141869487	4.652238464236796e-21	0.20491533471238388
SIGLEC15	3.2481315071458437e-21	0.042273388841932845	0.028052735385393674	0.04797898009632031	0.0013284299647605994	4.465900970996303e-21	0.42010006233344693	3.617002783488918e-10	0.11066466147856621	0.30669199521930873
COCH	0.07639660905539532	1.0560301659887535e-20	1.2841090792814787e-12	0.206481381144313	9.278060357931435e-05	2.6115925954971924	0.23465169727736604	2.7649490972359196e-05	0.04623845647222253	1.0491949971401876e-08
QRSL1	0.4444753312151293	0.6077097574114398	0.29890841776039306	0.1528543704243225	0.314070438967501	0.32997718733375536	0.05962162750492045	0.29882567094498697	0.3415928493080387	0.07110474078738856
EPHA4	4.696757173917501e-14	2.8905296554191603e-09	0.5134797617930049	0.09848572190177789	2.796893567680691e-14	0.38799774581627494	0.524531188115688	6.38719587788748e-08	0.0008766745011341159	0.37905098856613584
MRPS26	1.008599544204769	1.320137045030584	0.9485091603926852	0.3794972170646387	0.7581892879566655	0.7391998971635703	0.8605691357570481	0.4342243855253374	0.6376421563039544	0.6645444469893088
IL12RB2	0.15551897352713115	0.18460327844301033	5.968581293211744e-21	3.120691350657783e-21	0.1954608195035799	0.1271771609549988	0.00011298599869375477	3.7273683640824804e-21	0.011490401385573664	0.1429513071049354
ATP5D	0.8168887916064136	1.2806075450094367	0.9705223096085971	0.3827196987946608	0.7271838722514719	0.5679233620270632	0.7658436863028231	0.5868803186754834	0.986743536185976	0.7478731636275964
CUL5	0.5901535704556012	0.679484972904496	0.2074558643333176	0.3096002807797582	0.278104803114174	0.48632315856393804	0.1432811886346379	0.7630694179818659	0.5127813551406553	0.1584353114042517
SUMO1	0.9612279474728556	1.1723381807826672	0.8835503826312253	0.7271488915306134	0.761458618360863	0.8140837585514731	0.7287712734083641	0.8527188268560293	0.8601621619728393	0.8121450510183922
AHCTF1	0.6772570909828077	1.1671265688918016	0.5944400580469872	0.2810013754171507	0.6785180510415827	0.6197429512474426	0.09185629335074477	0.37166929429936285	0.566464885844951	0.17309522432470514
GPCPD1	0.9895980356340948	0.029166606398600536	1.4777827385125065e-11	0.18169072868141437	0.18894303177205468	0.0010575545010745948	0.5660691974497464	0.535055532847139	0.0051964094446707585	0.3506693904256061
GAPDH	1.1022862755977274	1.3148850042984093	1.038294976442188	0.7438117365978348	0.9329537934130298	0.8891045872289295	1.0456520807216414	0.9416649819406833	0.9167566743693306	0.9369162136150133
SLC38A8	0.11702158754654425	0.06145134880120578	1.6452786270680767e-08	3.2811761767067893e-21	0.010225446355330138	0.054883449257162605	3.681387417793533e-09	0.005255443183659051	0.0010572283219130686	0.025423268414321794
DYRK1A	0.9074967613986663	0.4722911026358835	0.22073799865950766	0.16455119807744983	0.1897485805521925	0.5096173075401543	0.4591612239235527	0.5440452038454733	0.10517176586486965	0.4547467482900687
HNRNPA3	1.0265283715644646	1.350449547919858	0.9842154389807302	0.6729212552159812	0.8392499130737378	0.9084856826518103	0.9519607813769322	0.8427866430113166	0.9009225007708995	0.884002863144919
SLC29A3	0.7911004636164374	0.016330014101889237	0.6173951932134054	0.1395953824816038	0.19619419003613411	0.062001131355015705	0.3787161925043139	1.4442483815889676e-07	0.0005636693220121258	1.4998145165479856e-14
SMG6	0.24348650125501292	0.3843852482773274	0.2601578208559018	0.21883129875581797	1.9770738805705777e-06	0.2742617196246068	0.40859084907161664	0.4649331363461081	0.04433148380821406	0.3989728542963391
SMG8	0.5109954350130009	0.6240611410021795	0.6224592494483036	0.23327702955790844	0.5383665406395929	0.5945017725893	0.23143175179797992	0.46197559456423226	0.20978174254159718	0.47597576761201577
SEH1L	0.608686964184531	1.406592218642475	0.5554673851997386	0.4364134899477659	0.5993401553542312	0.7863945231411185	0.1898225273228595	0.4399581127719882	0.9170858351998157	0.2697943539267998
EIF3H	1.0367380752618534	1.1485892788012035	0.8502396025958794	0.6324931348696012	0.7903710141064338	0.6771743521201986	0.8267862737261232	0.7043679516887486	0.8660920309318004	0.6694482937409112
EIF3B	0.9496059768804571	1.297715094865177	0.998472167197729	0.6627856925121296	0.8778476447539868	0.8683004482024946	1.0259999718746484	0.7797306880760493	0.8763729759953361	0.8890927190590634
QKI	4.275365750890651e-14	0.36417603415818134	0.38199132669581143	0.7481689826231065	0.3735988261049789	0.23992400993967294	0.0005784055195065175	0.6980016514225086	1.4331301822509447e-10	0.5800522109669507
KAT6A	0.7677618894881401	0.8141580316291334	0.00898961953383943	0.0012509666847865975	5.920917785238675e-09	0.6004306921021838	0.64689777399723	0.37019840492863665	0.05856478895874763	0.42954465470660436
MEX3D	0.4270645380562295	0.8895660815388027	0.6421103232207391	0.5307176705556305	0.0022313324555992362	0.39683553653850445	0.5979806402292148	0.21473191704584077	0.36109875045723056	0.263020714140559
TCP11	1.7743851520499357e-10	0.03319133505522448	0.01874152433479627	0.041009157664119236	0.0698220767977774	0.021537528504609244	4.946949430574516e-06	0.050004511833800315	0.06643959002339511	0.07936980584247126
SPRY2	0.024253497098164087	0.24226695701097795	8.81249943768785e-08	1.0604276418630536e-05	0.26742043682053285	4.090818597337159e-11	0.35860010127595016	2.2200652674572843e-20	1.6509821820618047	1.9569770128882749
RUNX2	2.2793410425766584e-18	0.10799718947492232	0.05030696741978905	0.8653342526976905	3.028227262081065e-07	5.1534037205427205e-21	0.5916386802651491	0.005166282139901944	0.14180309774803126	0.21354512672988848
SPRED1	0.07752614558652118	0.364088198809052	0.21820309328176296	0.1692086188849326	0.33588143801778697	1.7990596954877296e-12	0.009127345045797252	0.17467034665296546	0.9455014003459185	0.9754613318487055
IGFLR1	0.16729237127971794	0.31130261534083475	0.44445163876817245	4.142141622400533e-07	0.23339466213822418	0.21974878908276688	0.05350390906320315	1.134518453520165e-06	0.14419672749266987	0.09182989952309098
KCNIP4	0.16148162560582796	0.21847535052944062	0.0693636651814564	0.02849505581225107	0.03850826932038313	0.09850806780282706	0.05205190804952642	0.09183702319132503	0.08163989750772511	0.08434042500585308
PGP	0.14693561856596535	0.9927720876958731	1.2838265578696553	1.1869050370150931e-09	0.7423973959647368	0.3941766300345907	4.550298813472691e-07	7.283412266374079e-12	0.8763234668740315	0.02883870275771507
OFD1	0.9248396368706071	0.37707503552409055	0.12955158548642368	0.16960358993239222	0.2775254386448597	0.26890399599652637	0.5339261605574395	0.3948508940112449	0.07184614667351844	0.05708364546838029
CDC14A	0.18630754436923672	0.35731091071682797	0.08694412237120709	0.03885855748886871	0.08571268205371597	0.14434164000307292	0.07466406622215783	0.153963802101263	0.16780906028460477	0.06957291244825946
PPP6R1	0.7574210837393967	0.9957500867676794	1.0006152636882253	0.4166585742413617	0.7014873337233135	0.7696220074352051	0.995271128022814	0.5269567747999041	0.7332466371718788	0.8436084235113009
CPNE5	0.07307409429456364	0.1413619579556471	1.2632248561414034e-07	4.482712394639604e-07	0.05686250436463949	0.12657182951655924	0.14959374145604237	0.051912622803682425	0.009042767073118919	0.10524321170382486
ILDR1	0.6414679544125487	1.8988279360647545e-21	3.3933437382941e-21	5.927890467247451e-21	0.046681733044080596	2.377610034552786e-21	0.22084480573092588	2.2837703851441937e-21	0.08973403286480126	1.1225624050900767e-21
CCNF	0.1901813389366968	1.4168604192110292	0.728087295512391	3.1558689138454465e-09	0.28574345633175713	0.7708366158417445	0.41220134749108334	0.0008380290528621697	0.42434060978493626	0.16255459843533515
MAD2L1	0.6055033558726389	1.6200989031605675	0.9489451571041151	0.5330244597887894	0.8114326907242622	0.9918647171090715	0.49674122621015804	0.4731717061114859	1.037045152957993	0.5582431439992306
SNRNP70	1.0092999512168574	1.1285230718225592	0.9265756785590242	0.5882940166345464	0.6563424232930956	0.8555196356524309	1.0575515467596595	0.8034830703736914	0.6425713743786152	0.9328512158860645
AGPAT1	0.31179305739218655	0.4954461375334546	0.317337180727965	0.09616409193260214	0.2791386167540262	0.587293277893358	0.9303831384765852	0.39898314441717964	0.016207551241350628	1.2119937760260526
TRIM39	0.2104838335269352	0.25208343040717296	0.1461042032565691	0.05393155486382323	0.11187062542199526	0.16718121540911066	0.22741174779095044	0.181594696018019	0.042002490529862685	0.11962378516033836
SCN5A	1.0618208986404491e-11	0.3046120009774319	6.4399953081929014e-21	0.0822037905452941	3.194312032247079e-21	0.12289359791753925	0.00017621185029681572	0.03250274362336678	0.16403954715128266	0.0625417016032567
PHGDH	1.3382743938482544	1.5185159542236466	0.03966075142454832	0.6985774774089027	0.024801721257377566	0.6015456845881209	0.12852761994653192	0.8962818354475447	2.0288216555763596e-06	0.7200300957504495
CNOT3	0.6361450030262636	0.8763130509751017	0.7364659358288099	0.12508279443346085	0.3798833849104208	0.6243523320153319	0.7791739569339626	0.30010635067474584	0.18335293582474185	0.36683489468432673
METTL4	0.45765994531892845	0.5088363097809755	0.1565013488878156	0.32303106668110415	0.1951078885851143	0.3793815887564407	0.10287985157570334	0.25610477503764034	0.18424640999456388	0.16426508475471002
VMAC	0.5242523458876656	0.09085071915367313	0.2689262137933172	0.0022476276683535395	0.06944135146382555	0.061714576682526875	0.24021518294821065	0.14703959923645518	1.7029579210249332e-13	0.31193361602801284
PANK4	0.4224615286375303	0.5131097203597952	0.20469540380522902	0.09406318574958528	0.20357449542132983	0.4585882805732069	0.405157121608654	0.30408323933092946	0.07110058565258691	0.2752703853709848
SERBP1	0.8803324984795818	1.3703103575318767	0.8847653536284151	0.6545334969683304	0.7914558602100638	0.8724597316558471	0.792702043286549	0.7996596690990813	0.8714187696878997	0.7701377622107702
NKX2-8	0.08321298418420692	0.05728468663581125	0.20551135251872774	0.017748190918054425	0.19720001733147507	0.07030534643653293	0.032173694412217485	1.531650828941947e-11	8.974850455995528e-17	1.883939766473897e-21
EHMT1	0.8245284884178221	0.8199230542859287	0.5564860608730642	0.1504196048736762	0.09936200280168368	0.48429922240182655	0.8161645183582164	0.3456551952988743	0.08682412524115733	0.23234235896244965
ST6GAL1	0.9688514346494216	0.0027479072903908593	1.1289256143200902e-10	5.611620204441785e-21	0.21799353862987156	0.20381963620893187	5.565100324706794e-21	4.950000427630303e-21	8.022443187076791e-17	0.8233924159371112
GRIK2	0.14641689776426708	0.0189457510959874	5.3732641522148885e-08	9.503671602166984e-06	8.651447058293403e-21	0.16832234296656173	0.013481246787155308	0.09508221649286903	4.6978825355039716e-21	0.6306745361084962
ANAPC2	0.7613054574901998	0.5568862445267484	0.6373963015667808	0.26976763488213745	0.182480389299687	0.33527072908898276	0.8530351925222021	0.3747131096211432	0.08080086253342177	0.372641189164118
FNDC3B	0.1659294947020463	4.2459366927318854e-10	0.7877368278720567	1.0286824712080243	1.1332435906956484	0.21566905698145475	0.6130581125765793	0.9289781539971455	0.4520916797778357	0.5702954382756631
ZFYVE21	0.7860432181433792	0.4610970724788648	0.8750854036437876	0.5350886273659843	0.6792874661635784	0.269052245927235	0.6163620101066201	0.8976778323653313	0.7502162224865643	0.319530364324731
FBXL15	0.9487025984632554	0.42251018533007617	0.3821427296237617	0.04563364041196923	0.18054097305082012	0.2786623511083685	0.4538301937265044	0.3704804476246668	0.40709610154771375	0.3747558777169981
GPRIN3	0.34990896345594386	0.03332051698782389	0.009358603429745888	6.6830894283484264e-21	3.3990782031457715e-21	0.3087607817763283	4.423191170264707e-21	6.808138031026951e-21	0.03469025661017955	0.12124887443693085
AMD1	0.7570930860076355	1.225083742659907	0.7726581541849615	0.49574987912366786	0.8459519055943729	0.726941660672695	0.43616745801411255	0.7392908920142214	0.9858423688443202	0.6791073041466463
FASTKD2	0.6416443036989733	0.9051903511479953	0.6197780986128171	0.3638972445826928	0.7736075878464597	0.48351228368165616	0.09381639751509963	0.4393225470293041	0.9348563113922863	0.45564054012225674
CRISP1	0.022157792761127792	0.01607901381836465	0.037295633063909525	0.00227912016031486	0.00364404080767274	0.0003061269110880115	0.009435845693106777	0.009060508314870042	0.014282013368046149	0.010145436958462921
NXT2	0.19038241121437752	0.6377028427610668	0.6040354061507205	0.1339954633553261	0.5284334359925924	0.23948311349180507	0.01832436211457288	0.21888468597548305	0.3084153290030562	0.0002470707754537289
RPUSD1	0.37776025995481083	1.113025828591175	1.0158191168732917	0.061057292122045324	0.6368710199216758	0.3556660579995293	0.30996863751937076	0.0845571722118676	0.8592880120246745	0.2072285831868709
MSRB1	0.5515533976427405	0.37207549152770225	1.4049735467872424	0.4219080782341244	0.5924495116211395	0.3006622443050937	0.005496904148543559	0.19003825694672158	0.8195447867677003	0.27120731747235344
SUV39H1	1.0612940552229565e-09	1.050688057642736	0.6314763324758751	0.02735934139855301	0.39815364681574317	0.5216908161702589	0.3837148869259325	0.003037378824775566	0.39706220074233683	0.12343268322343869
SYNGR3	0.3298965232562658	0.3020705516967719	0.18326629123393398	0.08015050887024232	0.05532093756646981	0.21673753162105627	0.03428659743124779	0.22265472353569923	6.466284359099387e-16	0.0020051923711185264
RGS11	0.4512828068660677	6.601393222874852e-21	0.06301053129731776	5.07742440822337e-21	4.0390524170971276e-21	0.1036932009051554	1.6192249617635336e-13	0.29467411506580826	0.013503678923695391	0.08213358864945257
PITPNM2	0.14526798045236897	0.13292134093723285	0.2527313407883834	0.11320583538175316	0.23008816142859204	0.2893138491696533	0.4995887034191659	0.20832952461359952	0.01874483864973737	0.2816666140753022
TADA3	0.55990972094609	0.9622647569475047	0.858549111834069	0.6618680394884073	0.3199901829518491	0.4910281876786149	0.6802068462383697	0.5710401187868165	0.7956966694950872	0.9274659711502519
PIM2	0.09327568119861417	0.6313139983161369	0.39141043284910443	0.024937874770175728	0.343842837365129	0.4446625984636134	0.08474561031860614	0.07951768418161008	0.364393158673463	0.059102328787163344
STIL	0.14635618259785793	1.1244194430977514	0.4240306026711405	0.19892620581291004	0.5195047371524887	0.6632433211113998	0.16138087921012928	0.19695362579800893	0.5989648454852171	2.4982280182014746e-08
ACSBG2	0.09400011536461782	0.14833761277914648	0.07937532761435279	0.003768209519948691	0.023490945860645467	0.03701171310723322	0.056579040919602336	0.059671634076231675	0.03686576393582115	0.003555472455803015
SWI5	0.3736759925536632	0.6700296782878379	1.0019749929787696	0.5374599522505632	0.6874554996749623	0.41073136004724387	0.5718421870081885	0.6072599788353467	0.5303915569531895	0.5455674712064158
RAB8B	5.6276329185287295e-09	0.2335505514878442	0.38951134274784405	0.5744889414314741	0.20295834038220714	0.33868704975665515	0.033575897421114054	0.7126586843618565	0.20925336708808812	0.7690941784498504
EIF5B	0.8069656223237298	1.1577469697090237	0.8936842202742842	0.6721960854356552	0.8261684241505574	0.7076046856725784	0.6731000980228893	0.743146051952347	0.9515811876786023	0.7378791790466225
GRWD1	0.35405517805611353	1.2327315199359594	1.1689300940226073	0.2402318240349862	0.7629409105702515	0.772777039312546	0.5949579175015782	0.26036311993438466	0.8113952658881608	0.5741287258848847
LRRC47	0.6950176512878063	1.0711180035837904	0.6902243578952251	0.32683881892768196	0.6706503604438494	0.6501181058337646	0.8055091948358004	0.6053932518256985	0.5211411444717513	0.5702418026227737
SPATA2	0.4442512119557274	0.37289463405791395	0.4080393225860084	0.010986704383141817	0.36626806048904187	0.13466708312370174	0.5229829887531661	0.01982231780097716	0.20970215839663214	0.25187435101480493
NRD1	0.680680141781827	1.0470150205605977	0.8564009439422297	0.6630777469435022	0.7266392683406016	0.7816428300305486	0.712287554155849	0.899690547980858	0.659201863092464	0.586358802467948
PYROXD1	0.5197777420162358	0.2544419435597423	0.149887576846571	0.04859057442840236	0.3705924259411147	0.12233602303467211	1.3936939246168543e-08	0.4832250455861159	0.5008841847136504	0.12358454481499347
BRPF1	0.34242223835706026	0.8586878567498734	0.3365680391008626	0.21423638574032883	0.10260369014592044	0.42732426152836106	0.4619499220177683	0.07408797063319982	0.265971778361551	0.4038197062621292
FAM109B	0.31348013129314894	2.7423884427847743e-21	5.278364059292171e-12	0.2359029209316033	2.788905503069873e-12	1.334821517604739e-13	5.061063591483694e-21	0.1261920247430294	0.962725026847114	0.5106955863748581
AP2S1	0.9130207654243514	1.2221968626094426	1.1282863825967804	0.6545939845557806	0.9086597152984243	0.8012542119782329	0.9449410398382238	0.8276109411417707	0.8994847249699891	0.9352660203477378
ZCCHC14	0.7165428220469677	0.8182464281434639	0.12258774200332088	0.25156075305192177	2.7079539851245477e-07	0.4954474165862944	0.531458595488809	0.16990396207890887	0.14608540719527133	0.4437584256089548
NXT1	0.4481981926669863	1.2076562625631082	0.8508311129115795	0.365532206753194	0.730434138130533	0.5812800536250746	0.8297783271633608	0.10753446661496516	0.6613675941685565	0.38087738220973044
TAZ	0.8037161817976285	0.5121219077160906	0.3367337628481233	0.4316804429526052	0.37990765635863283	0.3071881400422704	0.9359507530197854	0.41308646831001516	0.23715520781458024	0.30034373631405187
MOGS	0.8348526445535147	0.7297508143907152	0.7817852047851034	0.49960992229558837	0.7700748132050559	0.5373796473523863	1.0547719654835903	0.5984015177998855	0.6150537920169602	0.7397120871975126
RANBP2	0.9033689481168871	0.9126557344719433	0.37504713091404557	0.35472784634129045	0.43012065943096084	0.639898932811408	0.3706830482957084	0.6098558608177748	0.6762554774107988	0.5377065133355099
SMG9	0.5428661740908552	0.7892217707907508	0.6296816873383515	0.4234937588027234	0.3401404313877674	0.6978659860158145	0.9599486021160808	0.5009098519841075	0.436428460103479	0.807845714703158
PPP6R3	0.9257238246189837	1.1232569133669184	0.68889776790683	0.4668448737982385	0.6152841036678549	0.718543551293271	0.680147660016652	0.528476471707213	0.6628023856111079	0.49838766154025615
MTF1	0.40940384016277304	0.4410079872617758	0.2412408448143612	0.11963626133694862	0.20705911319008646	0.2755211543102626	0.3246567077637426	0.32878694393648145	0.08995660415855994	0.20217808668431655
NUP188	0.44142114985984593	1.5683208934437318	0.6022851049840983	0.2625841933165417	0.34384757469436006	0.8438898524949701	0.8924454743433438	0.4115679080294926	0.5631034740755465	0.5149402081370789
BAP1	0.5085013126068754	1.1727623210235691	0.6609254513299958	0.4782836737389177	0.38515130759294275	0.564685685495237	0.6323137940593484	0.4878677923925875	0.6417429301088737	0.8835922386354316
ZEB2	2.887785939988312e-21	3.3510773992110694e-13	3.629564173842216e-07	0.09972390222493713	9.49343384681107e-21	0.04170922763280414	1.5169617684262795e-20	0.4074305434624315	2.1299269850022855e-19	1.1889825984878144
TGFB2	0.18493347297413845	0.1460050549866937	1.7124295688848332e-10	3.5914238528300344	7.033786646166903e-06	0.05337467785890917	4.637213223684631e-08	1.2366646204592287e-07	1.0741964441984596e-07	0.01318184873243653
NKX2-5	1.4914688655676944e-21	0.5552928893185209	4.097153348746829e-21	4.767074631995178e-20	9.577837070054932e-21	0.12515903516199467	3.1832260317302408e-21	0.3550135668857963	1.750354453796638e-21	1.8904679282009954e-19
NARS	1.0789200591182493	1.1820917735702205	0.8312422097056308	0.6545307855275	0.7706051874052908	0.8073385530565905	0.7931668756740555	0.9428566413283466	0.8106727899278331	0.9542461968384304
SRSF7	0.9096151489085134	1.3003212316311499	0.8845026433817094	0.5351462578466757	0.7576388094436255	0.8331338646355113	0.814195794318164	0.6843884437529991	0.8411203411236936	0.7412421883006142
YARS	0.7742313707857309	1.1212291737191864	0.47342821374902544	0.6089494643113286	0.6873348544403741	0.5842089700054224	0.5777523985093551	0.7350457448707992	0.6975743219004389	0.5320293275368625
GIPC3	0.04428030668277768	0.09622528500423752	0.003403800132381683	8.81556745052864e-21	0.014303106193598529	0.2019437036105244	2.9160605536416545e-12	0.02135344352200643	3.94027691191622e-21	0.2517402907367329
IFNAR2	0.21239262216691815	0.23781307119683456	0.350507131905181	0.23739736466214353	0.6212299306901194	0.417111811949236	0.1566611362261165	0.3751213682671803	0.3081862119853411	0.4272576929437561
EHMT2	0.7364373706006464	1.2073319181577635	0.6261510945138661	0.15738199194680721	0.33796236744676833	0.803212673646299	0.9438358272613626	0.30080436380850634	0.28568531054817353	0.6259026843998894
RPS26	0.9741813882287786	1.290618898133938	1.0708415869709822	0.6154907290221259	0.8953968580141682	0.8259809135658501	0.7914944713578679	0.839873398322481	1.0184639845883854	0.8570236414905894
SLC25A20	0.26675042522489634	0.202186349392729	0.668940443250095	0.015606960973804122	0.014641855745437582	0.38292760208308485	0.0019159645804624334	0.5194256924153554	0.6461123427316061	0.8578844767591465
PGAP3	1.2901031887370846	1.4017607124107192e-07	0.6059848452240519	0.172235762446509	0.11861826401743202	1.3682778789551314e-06	0.8520528969111473	0.1418692144835916	7.010051111624668e-07	0.285233761191458
NCKAP1	0.9811502050800315	1.0066704111171916	0.8639789006757432	0.7398855664481659	0.7985442181698872	0.7547115706492034	0.817565157562704	0.9637286833413438	0.8237872018324595	0.7982895503578816
DNAJB13	0.2125668284332387	0.08363752733565376	0.09645488859583543	0.06820196830483465	0.05721418644851057	0.08295757755662246	0.04842323523410107	0.08234378312968223	9.066841241568367e-06	9.250340445607165e-21
PFN1	1.0794910211825193	1.3154294589211348	1.0386029371788124	0.7423725294988671	0.9251360905836278	0.8836916689882768	1.033205612355256	0.9270011009503762	0.9216000057212116	0.9240894077836449
SQSTM1	0.6334900993096271	0.5113093069450777	1.1789416809831383	0.799765376433065	1.2130445137051908	0.23280696409025387	1.0707010647073	0.7163827647211931	1.0052881861404945	0.8036933243811332
CASP3	0.6483226385639314	0.7928765643440572	0.35974794835852747	0.28816608759716816	0.34875857012541006	0.4660270863988326	0.3808803038077365	1.0093729008742036	0.7217418560404633	0.5946024647361893
NOP58	0.8848130426491795	1.4096691069136948	0.8818563788843088	0.5863558778182558	0.9211342573698212	0.8168801047358711	0.6605017836838738	0.6204399302002549	0.9761922699382605	0.6274432353135518
ERAP1	0.3335716274576134	2.5279337702215004e-05	0.02667030497739823	0.833846755919757	0.7833712628423872	0.13425919880120316	1.6208834391438174	1.0130729776407505	0.3016560813384078	0.46007667186168755
PDIA3	1.0761890813828272	1.25560635500283	1.0067315078014798	0.7350974272383388	0.91825288918586	0.8378938385168687	1.0535112357215155	0.9072320091534513	0.884851307328302	0.9290074570171551
TNFRSF1B	1.1680781308396173e-17	4.787478053783141e-17	4.738733649743114e-21	7.680218830294339e-17	7.976357806176887e-14	0.015284243169624089	0.556981676809703	7.24830677019605e-11	1.0716832345568963	0.1896978513135027
STAT2	0.9857247892175205	6.671207685613127e-06	0.27513233119345	0.6473247305224943	0.536458827667116	0.1380971533169553	0.8423932167064522	1.021936241525143	7.570945612160775e-11	0.7398791246294618
TRADD	0.33474471746647894	1.6513646754756564e-07	0.8584889817540563	0.4287044211450778	0.6244341876962741	1.3588787909353924e-07	0.7209202924194125	0.34928125214989025	0.39419867738720926	0.19392023200366656
EIF3L	0.9945036660435331	1.2275363997428517	0.8577727705140413	0.6592618528205487	0.7659144191741794	0.7506220640325113	0.8052488598759161	0.8013137835039734	0.8569101532471312	0.8958881149012726
ATP5SL	0.5330843095259323	0.7457681738085047	0.8121243007848238	0.3474906172717636	0.39032532394182384	0.7456201696018819	0.526351548263056	0.377111951774153	0.4484092495167415	0.5911018548190776
ARID1A	0.9235319299978169	1.1510524962644155	0.3656430592616237	0.1307881128772196	0.15622868095201747	0.7762741780495291	0.8376800577511662	0.4990804619134614	0.16754444314988165	0.5626808212086752
ADO	0.5452895578027552	0.7907795378177123	0.4303567875524306	0.34136565121213513	0.2755013678655451	0.3043221832213011	0.005482275112802766	0.3863525360473059	0.49166395856202727	0.5074456339132593
WDR24	0.5320558467430573	0.45282950410451106	0.4576199343339041	0.07694633070706398	0.1491156742373636	0.27474136119390496	0.4360333038589044	0.18845347149012634	0.036746191177940306	0.29133698658573914
NF2	0.012660159514056836	0.7361468374555659	0.9653092141922736	0.7283998320101712	0.6388960311165625	0.38891593193193985	8.67416004530989e-05	0.48356584870328756	0.5811164101343209	0.31218467116833043
RC3H1	0.5104217796681276	0.33556719343981933	0.23786654232628446	0.0408258232637937	0.16748033508121196	0.20498258063499425	0.057392366075881496	0.2164269496568494	0.20547360447377608	0.11597240115300264
CALR	1.0925825500862407	1.2977489801159994	1.0228681410891762	0.7354845367300016	0.9242307757045161	0.8854498075963533	1.0438978695589864	0.9317211410951569	0.8953572219210728	0.9368855025524557
FADD	0.4934535072789	0.8005226880670846	1.138723949781126	0.6658812529649447	0.9859509490920274	0.2994078079028152	0.723344531296405	0.4639244099071479	0.9285404285543761	0.4996966587258967
MEN1	0.7089650931011973	1.0970110445403247	0.4880695672732913	0.21181898893863513	0.32101577441339885	0.5690097647830786	0.7281609544289617	0.29708672484538545	0.3186904853514034	0.3401845883129686
CASP8	0.09317797303054198	0.16315658399424235	0.5379731102032255	0.2562568520395227	0.7648187413467427	0.08682261407174263	0.2702991462652402	0.0861918994892323	0.7323270140203056	1.3060841627354234e-12
IFNGR2	0.4582869969523947	0.36296762315623476	0.23813011401681516	0.33403610840543246	0.7215604130185408	0.4555272665675365	0.6807148402837974	0.7591076730084817	0.5616743863949438	0.9559369188241809
TAP2	2.936985725863269e-19	0.3882013987414198	9.430811390829845e-15	0.4908765346030374	0.936232507510463	0.03832720832924026	1.1733966386672465	0.564875773462809	0.16736053562663672	4.801390215879916e-11
TAP1	2.7156930522232282e-06	0.21951726154017964	0.16038345777480298	0.6114818508035563	1.249237136067631	2.7091887285818788e-20	2.118519349670757	1.402987355391491	0.44612301207524313	0.06334466597425822
IFNGR1	1.0526122201049097	0.1989383808175588	0.1866467574390687	0.8991385573030977	0.8068921652872816	0.2915414967743044	0.9864386640252892	0.962212026719957	0.5634481685589156	0.35864293445540507
B2M	0.9547807674183504	1.012173518296438	0.9373536369856663	0.8549365480269178	0.9112449288552606	0.6162420319399085	1.2047249430635145	1.024936243158821	0.9221255091330982	0.9347920676928002
JAK2	0.26162871139955507	0.2191492677714526	0.05906700350858744	0.09320291808134154	0.08624620710797817	0.08641741307485522	0.16453966198811926	0.37772465463961163	0.11067719164016791	0.1780420982737982
TNFRSF1A	0.004289652442588285	0.23247612249278227	1.572438621302055	0.7877860637570084	1.273771744031085	1.765732874441244e-11	0.8490930082112738	0.8096205530746644	1.0955170809454233	0.47766283564432
TAPBP	0.6226774338396821	0.39529554079195744	0.690136148223495	0.8056643067084951	1.1634752907226102	0.1681096271262639	1.6449318170863076	0.9698712281667894	0.4578576238910519	0.416256961769375
STAT1	0.5893931671764345	0.476299220007801	0.7549458105576488	0.7888821050564016	1.006196856157692	0.5280715740206308	0.903450050766832	1.1603635153656464	0.708051637253738	0.5600406559030868
JAK1	0.5605371208703944	0.3064288727009927	0.6869297931320876	0.9849015790582737	0.6168685259994229	0.49973942857583487	0.923876972619783	0.9317081132962686	0.5495561388712219	0.7125297976075068
