Name	C0	C1	C2	C3	C4	C5	C6	C7
ERP44	0.6013599350446587	0.44859434510135	0.4148070515296832	0.25502546198146336	0.8347043616354035	0.5699874209287213	0.849743384410806	0.4234835100508477
FAS	0.947979031178772	3.1378506648571667e-21	0.003008422042409871	0.02409631285466378	0.011966382661028287	0.5686453718414092	0.8080909314489196	0.36154860230582814
ICAM1	2.5287386658046637e-10	0.6988122308179175	2.31716644869501e-21	2.4584111733136075e-21	1.8878481882421588e-14	0.27587933036301476	2.578127250705357	8.284208664297047e-12
UBE2G2	0.5589941847415429	0.650057550066095	0.6390660125748724	0.6058351768895387	0.7797022151826123	0.3032232355160475	0.3808415417089749	0.2497628493090295
KDELR2	0.907773514165903	0.783649849637481	0.9244876072810506	0.8208383884725168	1.0136478372009725	0.8838237269331027	1.031333297003644	0.9436925687549215
KAT7	0.3609543649235542	0.5575691876270935	0.6799356454481812	0.7200349245919575	0.7588809833580782	0.27655918833301946	0.19507778012161653	0.48247843204864976
SEL1L	0.9490907536118717	0.3967171968321716	0.3809813885571188	0.39951455958429455	0.9775197616911715	0.4478734380533367	0.9707509446579673	0.38503119186412443
ELOF1	0.7725098138043929	0.7964799749747028	0.9854090316960966	0.7735047928947114	0.8302431610021183	0.7570054472713393	0.6827932896456635	0.8633346527955668
AP2M1	0.9097788411205715	0.8365448783940578	1.040327539115652	0.8847839315881186	1.00426290311777	0.8571232955623734	0.955982424729967	0.9799744616451639
NDUFV1	0.6823723046142062	0.8210360145209377	0.9931777267349489	0.827044657022615	1.0544667978171858	0.8654736387822346	0.8293530877001737	0.8966095533129991
PRKCSH	0.8555172916551594	0.9155125683597862	1.0937485103369544	0.8750843857173636	1.1012868097274193	0.883826282936507	0.9653563173633626	0.8736347680086134
SMG7	0.3843574589269188	0.6897799638908844	0.7470476322610193	0.7147159649548808	1.0374174121544613	0.5251531730207191	0.4061591356545235	0.5623097983014569
PSME1	0.7986546263901952	0.7114155228747818	0.9664995106006897	0.7637010550732143	1.0959345409842531	0.9367632288461734	1.0895189967963428	0.8829366066261289
OTUD5	0.6517660725942358	0.6543001211008466	0.934598785963815	0.5495525791967751	0.88903657311661	0.455744137541568	0.704415275441079	0.28550248038235526
LENG8	0.8458618581823608	0.7381648435690956	0.8806909104215751	0.6876149915583798	1.3274923050656957	0.4518157034752492	0.6617050342752034	0.32478217023889006
RBM15	4.056629571320222e-11	0.27323724245380515	0.25380237457473437	0.44362142856646525	0.3565149480200442	0.30830599478254356	0.1896897447623186	0.639585792195811
DPF2	0.5147027800065421	0.5587468299065663	0.9259880271026661	0.7485591976967378	0.835871074941335	0.5875776991578034	0.5585370487140546	0.5737993592253845
RCE1	0.0944979196623968	0.31156082035652655	0.6717410411866697	0.6024556828161299	0.7960067906263957	0.6650126164988458	0.8477866949223128	0.7028650004230773
FIBP	0.7919951496961561	0.7024773843021506	0.9421328203224305	0.744739570907666	0.9270899903809939	0.7702818033728027	0.7626943339253309	0.8965529786423455
NDUFS1	0.691222669679486	0.7691981816700744	0.6868454224635506	0.7633221778663289	0.7465856670155042	0.7775230619385226	0.43672131858564	0.8197659550864173
CYB5R4	0.2889062293076225	0.14611546143587	0.27579607142849005	0.6366514852109096	0.19228002726766966	0.4446579156335077	0.4114353533312939	0.6571782523255473
ANKS3	0.2902710820696795	0.2197019143429198	0.3263417182747836	0.26539460346751775	0.41497738107576515	0.04344249240778716	0.22409828887772656	0.2228528614941387
ATXN7L3	0.6633163502258083	0.5758320123951824	0.795204500935109	0.7306565238164576	0.9706410900975675	0.5668223148572956	0.5378356444529484	0.5210260874705871
CARD10	3.287331868118745e-19	3.743154958595011e-21	0.5497931021124736	4.8513221516044995e-06	0.246991745784646	0.817216510035806	1.0258930127559722	0.3164362834025729
PSME2	0.7907545089291955	0.7128726990058787	0.8782277719434156	0.7649961016651166	0.9513659526764244	0.995082150470284	1.0527716022230944	1.0510116827688492
PKNOX1	0.34757190283911654	0.24465607098103398	0.314478418343369	0.34600101215962964	0.38934101458502934	0.11221132458236631	0.0027799318142682702	0.22154146067841185
PTEN	0.5733670249173956	0.05480412532888081	0.04916172947210508	0.39733794612756707	0.4564239307750565	0.4955438609866199	0.14184038337136073	0.6876466325120174
IFNAR1	0.6761038167139594	0.36040526395421535	0.19883746985511372	0.45675552180343626	0.5140686957062551	0.34215864316720834	0.5813941679225244	0.5802479938432689
SURF1	0.39504515589835226	0.5296334106137857	0.5323156358708062	0.4423277700760559	1.0111631119422084	0.5060015105804491	0.5749847217218744	0.6065544023908418
LSM12	0.5335213158228276	0.4813816714136886	0.6187792096968714	0.7633688958297019	0.42918726632104637	0.8739675276654367	0.45000405521997344	1.02882037408555
TTL	0.6852837896791606	0.7966703118945314	0.7804342700839285	0.7832212901985288	8.811032616373915e-05	0.4685815245817936	0.1224461370171561	0.5230813742103437
SCAF8	0.43905813176094866	0.4328615611719026	0.7112093189886428	0.642349360541413	0.7350124471735022	0.2630160250033847	0.22746426089159086	0.2195902415357489
DDX39B	0.22537014203382424	0.2937516470355358	0.41934017963656806	0.34722991072382053	0.4962707370884039	0.07270137940179068	0.10529581806399707	0.16827562469642152
SRSF2	0.7847472635589111	0.8572904482389792	1.0393355706063359	0.957133943437342	1.0008981924939406	0.9051054595970951	0.8191344378199577	0.9972749203363989
NDUFA6	0.7821119521451191	0.7968978717233004	0.8858142076914032	0.8214558278994962	0.8081856270484227	0.8186590469670763	0.6117220142982136	1.0464747561940877
EPHX4	0.01529479212751155	0.03493850665900981	6.586400414127303e-06	0.21980100209473555	0.002389005506080471	0.4149667452401839	0.1466173481734967	0.2485931754075986
DUS1L	0.5052362311024828	0.7748137260757799	0.81041529403194	0.8297037050647291	1.030678582286906	0.8486142072449127	0.6255672292245594	0.7878589323161188
ABHD16A	0.5104233591668408	0.5650569271700381	0.6049924605970602	0.36171205261687966	1.1423015632862148	0.4639956653096239	0.5592900295497734	0.06554689622296866
NXF1	0.5882203193862661	0.535743386053702	0.7627428752754994	0.6779782973061204	0.8425835063817486	0.3852043887489429	0.3386518348738321	0.35602485290907143
FBXW7	0.3015614396343381	0.17954605921782313	0.24355224796721467	0.44623435867882755	0.5856694779322393	0.07372633330079649	0.03162436926040004	0.2056516448786306
USP4	0.735616333241902	0.44453746086538953	0.4056509235568538	0.28612058532491247	0.34757721856237866	0.4693592982273285	0.26787596659372837	0.2551564776216696
FAM117A	0.039493448139066197	0.2740729801556323	0.25810006998961327	0.3013899580070446	0.4510058861371941	8.947324365242284e-05	0.11528571791917086	0.1995656860179947
TAF13	0.990591100786304	0.49999954859369666	0.3843548556261214	0.6119984317265557	0.3845191157112117	0.5619753255379691	0.8306671764149722	1.213473700724369
CYC1	0.7594309532327509	0.878147499287294	1.02864437878909	0.8887552622762844	1.0315612285283438	0.9470017557930073	0.8417360822288268	1.0435396325275388
CDCA3	0.16864145407098644	0.4547111009905151	0.7955173516158474	0.567450821141355	1.2583829632834985e-08	0.9657279129988673	0.47024886567053503	1.4120385224902736
FXR2	0.7148621835095186	0.7876183095792029	0.9465899491712702	0.7458709673221906	0.7069506174604685	0.32636355286476504	0.5075755664634009	0.4953914741025659
THOC5	0.3764361405173873	0.5821989297902085	0.44543797748317576	0.5302406512590695	0.11446893974519921	0.3500440890709933	0.2317041492476912	0.7600389895987435
S1PR3	0.47278105458124015	3.70526456688076e-21	0.14722465571884855	1.6012036905996178e-14	2.0815021354328208e-10	2.8364786404872814e-21	0.15932937945318978	0.4205775320893117
SIGLEC15	0.1609312800851378	3.966718978961878e-14	0.2755175400762484	7.544242143588102e-21	4.732229675925817e-10	0.2535176284178237	0.037306155685814434	8.112495541467495e-21
COCH	6.132256594468997e-11	0.08520272100667539	4.373796066193694e-08	2.343706593227304	8.685062188888805e-11	1.600822794055626e-07	0.13344820353187672	1.1627820055270784e-09
QRSL1	0.1495941863796425	0.218246161351845	0.27625978716671545	0.4367491718415523	0.26772820386296886	0.31231334418516193	0.1499038017674401	0.555349876725048
EPHA4	0.2796710119931081	0.1853170635454388	0.3991429872434095	0.19314889363154178	0.3545942989719759	7.519950955799135e-05	0.04669271286106252	2.6940920226539935e-06
MRPS26	0.43206336343417245	0.8870798451915525	1.0549484118822958	0.7504518220343337	1.018073605932722	0.7190197478239407	0.5708451961034172	0.8294056287512407
IL12RB2	4.10818949239602e-05	0.3065947884286159	0.04516233077007961	0.09736719602468091	0.10735951364016896	0.0696981456297296	0.03188474178771526	0.052679491433474314
ATP5D	0.6455577342209258	0.7828575446037005	0.9599823653850762	0.6303008542438152	0.8294456115957612	0.9721848059927649	0.5310319529849978	0.9438362703046703
CUL5	0.4864040245979127	0.15927381007030575	0.3044203337631145	0.6659478539718757	0.37722214445356905	0.42187763114263793	0.24122679653617152	0.6573475266526889
SUMO1	0.8212308161790188	0.7613922624436726	0.8925171795880246	0.9041275254398751	0.8791128763580983	0.8327047855447304	0.813076531754114	0.9674250940000282
AHCTF1	0.20281898264404286	0.506705384913347	0.5821371215072235	0.7430599013181319	0.44579841831109496	0.5267595991744659	0.33014146159000923	0.9106635178371179
GPCPD1	0.37333930153158296	0.28454138361616527	0.15957674395441604	0.11955423342522847	0.9179534507577143	0.08591721383796011	0.3658884837653075	0.001402465590139811
GAPDH	0.9052345925377806	0.9034504300512534	1.0592164007009222	0.9527108913146127	1.0888063988225187	0.964520326289745	0.973806787345406	1.057158467630721
SLC38A8	1.0843220649311245e-13	0.058638260276690855	0.0317033278483322	0.057002029427294675	0.08913977745693688	0.0006574140225213276	2.5510184897051435e-21	4.242024917366867e-17
DYRK1A	0.4272645368675474	0.4275348746435187	0.4280391475701524	0.5734715954576455	0.8211940005594226	0.14684630011645622	0.21244665900486437	0.24363729121011357
HNRNPA3	0.822521060332013	0.8772231732876241	1.052725787704006	0.9724667486495852	0.9963567713621636	0.9347135359265025	0.8327986290365573	1.0254194917274992
SLC29A3	0.0391006523491579	0.0814278240062376	0.145414480703082	0.11953828594446525	0.8445617958982764	0.025014096234489906	0.2432119365497585	0.2406820417201531
SMG6	0.4481189696032095	0.21525053739452324	0.5239284499051997	0.2607563007213933	0.3774761625590813	0.0689570417671948	0.1587978406985773	0.09345232083720292
SMG8	0.43885460378300023	0.5020844792845245	0.3858670781807497	0.6284921093103909	0.4445325935420901	0.22896437251627286	0.417309518138311	0.6156545250221293
SEH1L	0.3597421132998989	0.4665555570619257	0.708411514466439	0.9571936185782844	0.35644848785642713	0.8071578143773268	0.28490505532934385	1.0677609270842126
EIF3H	0.6780981204922687	0.6904325594010624	0.8451230683249421	0.8009893488024223	0.9575765206128617	0.8798696474381051	0.7673932963673867	0.9530260473536611
EIF3B	0.7934104084184758	0.8829187876563444	1.0298754061956557	0.9058368697073921	0.963442603538528	0.9471408097585889	0.8850083635861608	0.993437786346544
QKI	0.6438275292068795	0.3494105394842445	0.3650446052981419	0.2041222691882518	5.218022830945394e-21	2.157541746915133e-18	0.7062114321461763	0.4126760287478654
KAT6A	0.25510365297723275	0.45356648837529434	0.7516549313091972	0.6445867418121247	0.7587112937083819	0.18503879297346462	1.9273621391806018e-06	0.0002904060030774743
MEX3D	0.27457149397159386	0.23728765976348093	1.0784530783853097	0.4281723497647837	0.6080111075164223	0.35491084214227026	0.2237465917092187	0.19642533285653668
TCP11	0.06959153404919216	0.05135242795304058	0.021955704392214392	0.019320349473611855	5.6001667906943144e-14	0.055710134615725465	0.06462716650251513	0.023984992826041284
SPRY2	0.9026435116185737	1.270145306062674	5.4018086681175716e-05	6.9197081736063945e-12	2.686825051987276e-05	1.5517213914797607	0.004231913285476968	1.8830071699876343e-05
RUNX2	0.17407729435561708	7.338187734147441e-21	0.45106825963932673	4.77584976690949e-10	0.007824188551630489	0.29528360760442474	0.5240153998870763	7.247992688018826e-19
SPRED1	0.6547962506410968	0.6350976474453164	0.05716938672063854	2.7507058507107347e-08	0.001721276444328102	0.7860717816432433	0.14188548430522366	0.39021055606826316
IGFLR1	0.037612791582668975	0.20550388549635612	0.18384776440087613	0.20679895457055708	0.16877369092030226	0.12396731003599544	0.05866928389100772	0.36495927489984015
KCNIP4	0.06889104156090582	0.10509224119032039	0.135358168241	0.13716177017449346	0.12081858332057947	0.0806679698728629	0.0030529505717236294	0.10892060736208195
PGP	0.07736158687601061	0.40805362616165347	0.42054477253884875	0.41579260813396596	0.13418766903770496	0.7412335650981792	0.0815856998338934	1.2936598916898205
OFD1	0.08839146943631356	0.27423994108958877	0.3355889186478299	0.32673044632933146	0.8276697946795125	0.1775685878024479	0.32416735215820663	0.23428821762457894
CDC14A	0.08229017855359456	0.13596682790328163	0.1933016463761506	0.1934325744813693	0.13399951017603698	0.16053709539898228	0.020722072844389927	0.1966466185019807
PPP6R1	0.6719814120593379	0.7812503215192392	0.8701193406792423	0.7417416842858034	0.8717037123300997	0.8071182733658954	0.6615309370366738	0.8016082291936993
CPNE5	0.03767511559413005	0.13389458153119552	0.12242651463761062	0.10850375731131895	0.08351898521620149	0.06366896982163159	0.0422618719505648	7.120407955371233e-07
ILDR1	1.5202557849264417e-21	4.140015023208082e-21	7.09227925250901e-21	1.4494111149496064e-05	0.6212926184651715	0.11001552572503555	0.06608466951452284	1.1417448837132902e-20
CCNF	1.075345551864886e-08	0.5300113464400614	0.8648389284941603	0.730067286379907	0.2618161734187633	0.46175056261498837	9.070154269552346e-09	0.7423825030858615
MAD2L1	0.44571260369104126	0.7924096956022958	1.0014244144174516	1.068494725286738	0.45217144663183806	0.9921210725390852	0.5411418519908379	1.214159348833888
SNRNP70	0.8199149523193746	0.8481600861699864	1.0248389402788618	0.8687446807611219	1.074728773127616	0.7274410117364074	0.7585766597977001	0.7820625738322665
AGPAT1	0.6694446545478756	0.8980496959639951	0.6518330858851878	0.41986478088038914	0.5267783527074501	0.23847348182698525	0.4081291222018023	3.1827151170314183e-07
TRIM39	0.12932105174158562	0.13459536098706504	0.20916750228475514	0.1802717108688129	0.22816184472213566	0.08316657210853824	0.11228320262234906	0.14554819930589358
SCN5A	0.04732146562772803	0.058523818691056446	0.21963021051872364	0.1734928905667614	5.407970711464852e-21	0.13004612965299003	7.013211995905588e-21	3.9062004325447496e-21
PHGDH	0.623919278458442	0.7878932077176657	1.1593492518731006	0.7457841367310135	1.0134041554086235	0.00017038588392803155	0.1274220386453217	0.4349044724013609
CNOT3	0.26399498604273275	0.48560036798074196	0.786063826612623	0.6072727049648642	0.7666270163973485	0.3088836933978841	0.30418394856096864	0.5161629046809195
METTL4	0.2033357848058591	0.1892713682490861	0.2572106127752478	0.47835705711852944	0.3000478821623367	0.15194823932485188	0.18774294287176066	0.4308912989236114
VMAC	0.19603617202007476	0.27445963337896684	0.19445393035698544	0.06235594562174124	0.5596338935276288	1.0228859061410123e-08	0.06634229525925629	0.04857819614312634
PANK4	0.23759068412962617	0.31881646065772545	0.39032544299960964	0.4579419385597537	0.43988202731900916	0.14425043654293893	0.17427014593449108	0.24095948791702199
SERBP1	0.7508317308060453	0.7920394321355843	1.0015731503468563	0.9446454717834197	0.8138859824183626	0.8875504965768457	0.7477190160883856	1.0355728834717024
NKX2-8	2.042535469424128e-21	1.7653417638763347e-07	2.56349595478778e-08	0.07068314046223301	0.08099179926468061	3.2394748662454834e-05	0.1231669543215951	0.24568641632237936
EHMT1	0.2114636782002202	0.3532013571347959	0.8182843470635982	0.5224002291507588	0.9347288593740911	0.21070531263386974	0.14508512273999952	0.3520372907134907
ST6GAL1	0.04746082004446429	1.3171027341239592	1.6533162793159563e-20	9.81036472306173e-17	0.5148345472243827	0.08404966633422452	0.01053559283885137	0.002223718057237
GRIK2	0.34605326765313493	0.33104478886092753	2.0074307629363548e-10	0.1751847517379472	0.07352612283770597	3.627267026272536e-21	2.5619246824088103e-12	3.7089829896106743e-19
ANAPC2	0.35517932957443665	0.3438980437184476	0.6933578346703503	0.35724768325479617	0.9321508196484711	0.19045058674275514	0.35294062074526233	0.30265156176615776
FNDC3B	0.9417486965618215	0.2763223684832305	0.0033208492451133045	0.18526721571717364	0.31721427621546294	0.49001633071053413	1.6389482272964417	0.7562151972197777
ZFYVE21	0.7803661686289761	0.169633362091487	0.4460904414114418	0.3774398200999431	0.8754429560898531	0.65079896840171	0.7587544897767439	0.8014452766603822
FBXL15	0.3209178801837447	0.3957774157555756	0.4215388775416201	0.3550958234746653	0.8988585096433387	0.3741540837281101	0.11209181683864444	0.2502554564220812
GPRIN3	7.811087837470358e-16	0.1799286574433363	5.00706097694769e-07	0.34102278348697385	0.16541727692416586	0.05487410889074794	2.4112571726079437e-21	2.2342888185938016e-05
AMD1	0.6908388673928281	0.7350909391608825	0.7067491757193677	0.8444732302661812	0.5744255224901719	0.9255408145556651	0.6261698539472711	1.075622846607109
FASTKD2	0.4655670250697565	0.5639361109401905	0.31157834573039145	0.629245623592981	0.3739465744556394	0.8070474227575126	0.44866463098859405	1.0185025708259845
CRISP1	0.01441621894997095	0.007024006834412362	0.01237877937585339	0.004294686786948093	0.02522798965274551	0.009938869245113535	1.658930669984552e-06	0.025689879639264813
NXT2	0.10406623602019162	0.19932830384903086	0.24551152707732798	0.2892609638535128	0.09447684036875299	0.2843903090166474	0.2571028858731881	0.8358105260296814
RPUSD1	0.1734625163169456	0.4770052211941628	0.6766743359608367	0.39337554929284807	0.4269027869214934	0.7726320594584168	0.18821926127364766	0.9292174024032995
MSRB1	0.42226990539517095	0.24854370026561998	0.26828220464061847	0.34795348167468515	0.5403092906083679	0.5517511988552769	0.445171944674198	1.0450455162437051
SUV39H1	5.33684604585957e-05	0.40297057473119124	0.6898697100130521	0.4618815583717851	0.054565435566640695	0.4830238551966858	0.10673810999320697	0.662773555597176
SYNGR3	0.030006896826959888	0.15202761300180823	0.29641165471685554	0.23228725759997382	0.2903235445785956	1.7876715846232495e-12	0.07926804860791589	0.08428480287172556
RGS11	0.23042566255779454	0.03165455982395173	2.3770348061903534e-14	0.17109055586227973	0.3928342086834184	7.24699467054443e-21	3.588963739011825e-21	0.004711733651995092
PITPNM2	0.21332524922825202	0.2298037524923934	0.21517900130251472	0.22040453464381246	0.24975268352314162	0.1414983372297381	0.3253539360069882	0.13994077643386252
TADA3	0.8238269509861387	0.6380661662037478	0.9356318549707089	0.5321366513202497	0.6591643549873497	0.7214254258824424	0.5028415977401892	0.6244725800405204
PIM2	8.944575453052845e-05	0.3393977955657773	0.4086528438197463	0.3914673361974945	0.08617515075995612	0.3621056104290997	0.12051076485464744	0.34460896174332983
STIL	0.022145886124874798	0.2648851849867358	0.5354887211168355	0.7199567843298601	5.2584813188050626e-05	0.571137533984737	0.22685337309904427	0.9060097219174493
ACSBG2	0.023626819010957974	0.03351584457186068	0.10657125542748719	0.058663943979999536	0.09130029067275919	0.042285945534387644	0.0005243124936696031	0.08283532124454278
SWI5	0.6501576558835032	0.43748891795461736	0.6211354309649123	0.36224941258147697	0.504736080759194	0.5106350072562797	0.7293357388367048	0.8739571225969539
RAB8B	0.8356005150411175	0.3547414980859643	0.229618711751069	0.3152830307502096	1.2075029084381675e-07	0.13508947774405966	0.47903893597121144	0.40409204257467346
EIF5B	0.7634008935585682	0.7033058810514253	0.8046209092017269	0.7990576558731312	0.7275727568455297	0.9242009914837425	0.7817455986580579	1.0362531436079723
GRWD1	0.42987788777582847	0.6895437322142949	0.8054490803021273	0.7456109573660068	0.42515460902215446	0.8141981473202857	0.43225220854948293	1.103443228933656
LRRC47	0.5165519988126104	0.6756861185037136	0.8334189685691911	0.6453344566230571	0.7544076575371854	0.620711602187145	0.5723728013457989	0.704083217381237
SPATA2	0.09777794614639808	0.34380226542449543	0.3499228878041965	0.122500867096282	0.5373321865126309	0.2966531714613318	0.23969655492570865	0.22924280667329294
NRD1	0.768274597190655	0.5395878487953865	0.767469600446397	0.8323758083718784	0.6551707375391146	0.6777167247537288	0.7945868718863688	1.033922478319819
PYROXD1	0.33032917078062163	0.11334278983670844	7.267988787891341e-06	0.2816650486870327	0.2813989718273703	0.37564081537381677	0.13806459671755225	0.5500156669927906
BRPF1	0.20043318658801307	0.4168415545987132	0.7320998680399675	0.4565794845298685	0.40113361741519454	0.31425630214238265	0.06972711233596336	0.23612564610247547
FAM109B	0.6931095490269958	5.0084862940651996e-21	2.2770879127045846e-21	0.16147645265388036	0.3448854315884508	0.48115959148631704	8.063354564147577e-21	7.110243395914084e-21
AP2S1	0.8855802647861971	0.8603025739548406	0.992410693745732	0.8284473468232672	0.9562825724816044	0.9177761145804887	0.888366804263731	1.0647625884625624
ZCCHC14	0.19657639833968704	0.5261147877235214	0.7789206129863675	0.5351505038344837	0.7090088743655664	0.22355531025541547	0.02860709893959755	0.022819879047054313
NXT1	0.17072318142517875	0.615967643650291	0.9040306186850009	0.5723469944109645	0.518164340329667	0.773009432638842	0.5588656377410656	0.8275042073653833
TAZ	0.2687578941045321	0.37345307479534406	0.5845408802258572	0.3333331630382808	0.8481830091482829	0.39878497820930503	0.605202470389372	0.2947914164317427
MOGS	0.6164461026705642	0.7214442139169398	0.7231560714878644	0.5160028876021715	0.960689959970168	0.735584657502887	0.895332455986773	0.5646240403719062
RANBP2	0.5332398733347694	0.5636185002460032	0.5378938287702995	0.7735037184384425	0.6858713032973789	0.6277561686720425	0.3140501618756606	0.6707671432675958
SMG9	0.6478274694202564	0.5982530017555937	0.8005974536948337	0.6591923967417257	0.6817874530358492	0.5379497692396707	0.498651774936139	0.47917684200101357
PPP6R3	0.48716599341521	0.596248373904295	0.7684506843479397	0.8233862418222179	0.8470636928602907	0.673025120067754	0.5242846818708405	0.8373779010649873
MTF1	0.24759125502751742	0.20884839781774048	0.35244662396962184	0.3056710134334405	0.41122687431775024	0.13923570687776882	0.17264551964740604	0.29010258037877995
NUP188	0.35053151781701464	0.6741490556855868	1.1951819913677555	0.8322245283598508	0.5270576207627773	0.7091006709175238	0.22879017156846715	0.689491051723901
BAP1	0.6520526371899824	0.7764742381440075	0.9629813690175613	0.5904523695235881	0.5566635621575285	0.6589170088469108	0.4018339161513466	0.5772910914985184
ZEB2	0.9088005288951344	0.5042815836012262	3.3614480914800138e-06	3.3849761238232443e-15	2.4584239319656313e-21	1.0958968355298511e-20	0.057696858210169545	1.5728669435609603e-11
TGFB2	0.0306467179998426	2.064423736336978e-21	0.6911409829538949	0.08034005678878783	2.060133646954536e-13	2.031609080029948e-12	2.01129428670294	3.435756662933719e-14
NKX2-5	5.170686045405596e-21	0.2258962509048787	0.5829129311762633	2.8715711572416657e-13	3.0684225783516758e-21	2.821894435948134e-21	0.04507700541190035	0.0011389917942938909
NARS	0.9079085278615563	0.8762687933119252	0.9178848180150675	0.8878118287047524	0.9842601790457448	0.8243101448100869	0.7786358343100672	0.9230372155813672
SRSF7	0.6666781621529825	0.7929277211809244	0.9547298239287173	0.9039022188884885	0.8630130893037944	0.8636785709146119	0.6704313217074408	0.9612195316014349
YARS	0.5934752390645919	0.5783766033023273	0.7566284276894257	0.6847277999578214	0.6379129692152268	0.7246379933450238	0.6603348513033229	0.8144546830907967
GIPC3	0.11150361153885067	0.22168911725181736	0.00022108684845207615	0.1732627227986823	0.0033510384986224686	3.868923517222892e-21	3.5889871470237515e-14	0.043561976292675594
IFNAR2	0.248742296615591	0.5628227239253493	0.152736519469737	0.31729005893099677	0.1329418899573492	0.34150236913321663	0.6102788093067063	0.3526945486543718
EHMT2	0.32630465506789397	0.7572951305064147	1.0666302777723673	0.7794557952856423	0.8454363386142147	0.460623657944906	0.25107495787556167	0.4145136113610261
RPS26	0.8510984203539012	0.8327199278431128	0.9323590728461274	0.9133341640169188	0.9169541594199606	0.9871949381948257	0.7939763497170861	1.1367898210100331
SLC25A20	0.7874041832601443	0.4643282648633346	0.08868329581612204	0.39603396696301313	0.22468758594448862	0.4316323471466287	2.507117750205798e-07	0.5081783978138555
PGAP3	0.286914280082238	0.2245680129448748	0.28848758064929014	0.09369089527667031	1.491387177866547	0.009220723357764509	0.36059006946994493	0.010093768058610909
NCKAP1	0.9076395010648626	0.6767579577691606	0.7867604940481517	0.8495008549205837	0.9268876305055468	0.8150423638044441	0.8990568081043316	0.9680940253984293
DNAJB13	0.000307485714943295	0.03704496384943164	0.10796447256020379	0.09454794757266466	0.18283347509964634	1.0147273847898085e-06	0.08511834748201051	0.07482775990255862
PFN1	0.8944223013579576	0.8925000615493043	1.0566962972669214	0.9463581622719635	1.0680277005040497	0.9657446872827042	0.9637453008975019	1.0580561932613315
SQSTM1	0.8590365551831581	0.6306489506704627	0.5334605192113634	0.21002250364166308	0.7963663105048681	1.0547770378769525	1.346118908522647	1.006267975831391
CASP3	0.8174186064074883	0.4251439064071335	0.49187370303416855	0.6155830176888477	0.49764581512210365	0.6582738696476225	0.3146136563381466	0.6950953033239538
NOP58	0.5722524975715575	0.7960622875444411	0.8970804352770877	0.9206069329908791	0.7448305131265361	0.9710176100383204	0.7306452426848764	1.1172064076956103
ERAP1	0.5965943121808593	0.3389618371782755	0.41354151872366846	0.03464326677935772	0.5657657733606641	0.7065556591672807	1.6142726518704358	0.028438667351058496
PDIA3	0.8832707808573756	0.8903044974240957	1.03028383256075	0.8928083941136769	1.078251423268904	0.9433659226246411	0.9764108204008091	1.0015819570937377
TNFRSF1B	0.2047944862205995	2.842249228766071e-07	0.033418277588259215	0.07738996017971624	8.716441282331348e-08	1.0934017926054689	1.1845221657905471e-08	8.819229036245093e-21
STAT2	0.9321864596842868	0.4307446423502474	0.29779364637993966	0.15830152942158737	1.174161001178597	0.01202143046871082	1.056041975128425	0.0686074391181738
TRADD	0.45337259710281214	0.004968967301568455	0.06590144113144533	0.03029633178440485	0.5485217695383612	0.427763274909298	0.8701541997478268	0.6176346435401506
EIF3L	0.8089130941604744	0.8519455926948395	0.9415820238199112	0.8406823322351364	0.9285190572702926	0.8685871786610355	0.7734624019045653	0.9120296514635167
ATP5SL	0.501789898946164	0.5044214337996468	0.6589004413239871	0.7416446561665941	0.5805420215163605	0.43546481655585423	0.38808749951468524	0.6134799634879954
ARID1A	0.40202459698472026	0.6358958077876535	0.9984373322642092	0.7954801180791649	0.9790282743973864	0.28919261043586014	0.11068282383440507	0.3293315562274034
ADO	0.42841759833006937	0.48625938719663636	0.5210183347375587	0.4179363543337136	0.382321886499161	0.3964663316279389	0.16277020250259652	0.5161550643918602
WDR24	0.19038256228156622	0.34492364765665895	0.48185604788545705	0.27320902304959915	0.6153875519907215	0.09257699717851631	0.14493731884605987	0.20331273840169242
NF2	0.519994731469692	0.25494601721973403	0.5388057412956617	0.40894002264003493	0.021845837750620708	0.45866115659394274	0.6875314938048629	0.9153842812736945
RC3H1	0.16078315570391238	0.17489351844682952	0.15813645238278953	0.30680836811419004	0.3942259930106152	0.15779370256820277	0.03872735289483129	0.3176314517762911
CALR	0.8978538623295581	0.9024669964522347	1.0518321660346388	0.9444602457650285	1.0827391182401156	0.948132867919886	0.9684207504682536	1.0335927157446785
FADD	0.6091199757886825	0.44544587057075724	0.5736648066640591	0.3485600009330651	0.5969884909342343	0.8842902584393977	0.954209786128029	1.1102015401863896
MEN1	0.22140641868301053	0.5152521658591748	0.925221804518174	0.5940874656286383	0.7808342204110409	0.41278221740669296	0.24303051977296972	0.4146105319750413
CASP8	0.04628200572732621	0.06405471552764788	9.627319141457772e-06	0.12931716822650446	0.0500234642889158	0.6770442893332119	0.6518249520795824	0.7024056129178405
IFNGR2	0.7114416860066262	0.8213425033226933	0.3160448322379515	0.3890731684677634	0.4256818366009112	0.6776028507601233	0.8265776339452677	0.3160022568377413
TAP2	0.09520585106133717	0.15419165763787646	0.31716862832719167	0.0627962591121572	0.0002713785820082604	0.6058080360607209	1.2616212123848376	0.45672340496712366
TAP1	0.5369484184240493	0.15354108031881966	0.4116863819981954	6.3857267977192e-19	0.24175108564091718	1.1038591664597788	1.815189848156651	0.6038909028195738
IFNGR1	0.6521267239076234	0.259028118419443	0.2492541764738236	0.46317189306932693	0.9134951041473379	0.6816484898001529	1.2940548602106163	0.46408447472342473
B2M	0.972990615146792	0.7793828753473073	0.9090002474223247	0.660282677649084	1.0052280130826012	1.0047894271219802	1.1500013402663858	0.9765519291402964
JAK2	0.27078675538127533	0.11684491261121195	0.1554596951499363	0.13748862173631854	0.2166584682541917	0.12959524910620016	0.11481397082778373	0.1774235786800375
TNFRSF1A	0.9890437534834238	0.008793317477817439	0.21962329621612856	1.2779748991429978e-05	0.26423722800640626	1.0817405096902386	1.4401979570400778	1.4588318815049084
TAPBP	0.6156699586537943	0.44436632641878604	0.6643305867556643	0.08604143482911715	0.8964568913861946	0.8050100729513779	1.6404400443648193	0.5962597276268818
STAT1	0.9130588079842645	0.4106491829099995	0.42676066278520847	0.5473648938774002	0.6311123432582272	0.7718451462304028	1.2805889564441664	0.9169071692129991
JAK1	0.9613492216360312	0.3058349293210733	0.4921391490478718	0.5268260105495761	0.6121899782609914	0.6169827676381161	1.1221198610409322	0.6651280006243904
